   0.0000000000000000        0.0000000000000000     
   1.0000000000000000E-002   9.1652737570812493E-002
   2.0000000000000000E-002  0.23427278871694357     
   2.9999999999999999E-002  0.38966796099430212     
   4.0000000000000001E-002  0.54417481984533200     
   5.0000000000000003E-002  0.69108624030405041     
   6.0000000000000005E-002  0.82702368681253380     
   7.0000000000000007E-002  0.95044599305009791     
   8.0000000000000002E-002   1.0608872147999362     
   8.9999999999999997E-002   1.1585217635437361     
   9.9999999999999992E-002   1.2439005135840921     
  0.10999999999999999        1.3177850143254388     
  0.11999999999999998        1.3810415378459016     
  0.12999999999999998        1.4345731271391859     
  0.13999999999999999        1.4792764278678292     
  0.14999999999999999        1.5160149522488502     
  0.16000000000000000        1.5456033309407196     
  0.17000000000000001        1.5687989231981518     
  0.18000000000000002        1.5862983267230573     
  0.19000000000000003        1.5987371045503118     
  0.20000000000000004        1.6066915707413070     
  0.21000000000000005        1.6106818365386371     
  0.22000000000000006        1.6111755683318085     
  0.23000000000000007        1.6085920834001957     
  0.24000000000000007        1.6033065320473736     
  0.25000000000000006        1.5956540010544660     
  0.26000000000000006        1.5859334340472002     
  0.27000000000000007        1.5744113068194878     
  0.28000000000000008        1.5613250251249893     
  0.29000000000000009        1.5468860326296094     
  0.30000000000000010        1.5312826302737270     
  0.31000000000000011        1.5146825171152081     
  0.32000000000000012        1.4972350681926077     
  0.33000000000000013        1.4790733680499737     
  0.34000000000000014        1.4603160200190106     
  0.35000000000000014        1.4410687516805887     
  0.36000000000000015        1.4214258364995018     
  0.37000000000000016        1.4014713507110286     
  0.38000000000000017        1.3812802833322368     
  0.39000000000000018        1.3609195158022653     
  0.40000000000000019        1.3404486863319829     
  0.41000000000000020        1.3199209526083648     
  0.42000000000000021        1.2993836651252346     
  0.43000000000000022        1.2788789620943886     
  0.44000000000000022        1.2584442956714794     
  0.45000000000000023        1.2381128981073333     
  0.46000000000000024        1.2179141954057240     
  0.47000000000000025        1.1978741751442779     
  0.48000000000000026        1.1780157142794709     
  0.49000000000000027        1.1583588720161284     
  0.50000000000000022        1.1389211521581792     
  0.51000000000000023        1.1197177387783270     
  0.52000000000000024        1.1007617085274264     
  0.53000000000000025        1.0820642224570749     
  0.54000000000000026        1.0636346998349047     
  0.55000000000000027        1.0454809760907120     
  0.56000000000000028        1.0276094467349166     
  0.57000000000000028        1.0100251988348214     
  0.58000000000000029       0.99273213141279859     
  0.59000000000000030       0.97573306594104148     
  0.60000000000000031       0.95902984794465385     
  0.61000000000000032       0.94262344058549430     
  0.62000000000000033       0.92651401098149644     
  0.63000000000000034       0.91070100991406377     
  0.64000000000000035       0.89518324549254047     
  0.65000000000000036       0.87995895127043644     
  0.66000000000000036       0.86502584924825221     
  0.67000000000000037       0.85038120814654250     
  0.68000000000000038       0.83602189728780285     
  0.69000000000000039       0.82194443639112413     
  0.70000000000000040       0.80814504155168443     
  0.71000000000000041       0.79461966765209291     
  0.72000000000000042       0.78136404742961396     
  0.73000000000000043       0.76837372740633936     
  0.74000000000000044       0.75564410087253209     
  0.75000000000000044       0.74317043810090466     
  0.76000000000000045       0.73094791395736969     
  0.77000000000000046       0.71897163306444956     
  0.78000000000000047       0.70723665266452151     
  0.79000000000000048       0.69573800332301650     
  0.80000000000000049       0.68447070760364581     
  0.81000000000000050       0.67342979684275095     
  0.82000000000000051       0.66261032614364446     
  0.83000000000000052       0.65200738770624944     
  0.84000000000000052       0.64161612260297285     
  0.85000000000000053       0.63143173110661777     
  0.86000000000000054       0.62144948167160174     
  0.87000000000000055       0.61166471866579952     
  0.88000000000000056       0.60207286894558854     
  0.89000000000000057       0.59266944736292848     
  0.90000000000000058       0.58345006128914922     
  0.91000000000000059       0.57441041423618244     
  0.92000000000000060       0.56554630865199729     
  0.93000000000000060       0.55685364796359782     
  0.94000000000000061       0.54832843793652364     
  0.95000000000000062       0.53996678741686865     
  0.96000000000000063       0.53176490851778091     
  0.97000000000000064       0.52371911630889068     
  0.98000000000000065       0.51582582806414601     
  0.99000000000000066       0.50808156211930378     
   1.0000000000000007       0.50048293638800812     
   1.0100000000000007       0.49302666658187322     
   1.0200000000000007       0.48570956417622169     
   1.0300000000000007       0.47852853416108054     
   1.0400000000000007       0.47148057261406096     
   1.0500000000000007       0.46456276412799674     
   1.0600000000000007       0.45777227912473623     
   1.0700000000000007       0.45110637108315743     
   1.0800000000000007       0.44456237370713120     
   1.0900000000000007       0.43813769805702690     
   1.1000000000000008       0.43182982966581029     
   1.1100000000000008       0.42563632565899856     
   1.1200000000000008       0.41955481189491473     
   1.1300000000000008       0.41358298014108119     
   1.1400000000000008       0.40771858529941901     
   1.1500000000000008       0.40195944269214995     
   1.1600000000000008       0.39630342541800090     
   1.1700000000000008       0.39074846178768574     
   1.1800000000000008       0.38529253284521714     
   1.1900000000000008       0.37993366998109390     
   1.2000000000000008       0.37466995264193903     
   1.2100000000000009       0.36949950613994220     
   1.2200000000000009       0.36442049956465716     
   1.2300000000000009       0.35943114379866092     
   1.2400000000000009       0.35452968963779991     
   1.2500000000000009       0.34971442601593056     
   1.2600000000000009       0.34498367833346016     
   1.2700000000000009       0.34033580688832260     
   1.2800000000000009       0.33576920540751076     
   1.2900000000000009       0.33128229967684208     
   1.3000000000000009       0.32687354626615872     
   1.3100000000000009       0.32254143134693147     
   1.3200000000000010       0.31828446959876078     
   1.3300000000000010       0.31410120320132706     
   1.3400000000000010       0.30999020090763024     
   1.3500000000000010       0.30595005719489116     
   1.3600000000000010       0.30197939148884845     
   1.3700000000000010       0.29807684745713059     
   1.3800000000000010       0.29424109236789309     
   1.3900000000000010       0.29047081650887763     
   1.4000000000000010       0.28676473266351810     
   1.4100000000000010       0.28312157563901769     
   1.4200000000000010       0.27954010184309275     
   1.4300000000000010       0.27601908890475879     
   1.4400000000000011       0.27255733533565690     
   1.4500000000000011       0.26915366022801313     
   1.4600000000000011       0.26580690298526627     
   1.4700000000000011       0.26251592308240174     
   1.4800000000000011       0.25927959985209115     
   1.4900000000000011       0.25609683229362201     
   1.5000000000000011       0.25296653890155368     
   1.5100000000000011       0.24988765751122838     
   1.5200000000000011       0.24685914515816190     
   1.5300000000000011       0.24387997794914384     
   1.5400000000000011       0.24094915094223152     
   1.5500000000000012       0.23806567803360562     
   1.5600000000000012       0.23522859184929090     
   1.5700000000000012       0.23243694363955186     
   1.5800000000000012       0.22968980317458546     
   1.5900000000000012       0.22698625863956251     
   1.6000000000000012       0.22432541652778931     
   1.6100000000000012       0.22170640153064838     
   1.6200000000000012       0.21912835642314221     
   1.6300000000000012       0.21659044194403199     
   1.6400000000000012       0.21409183666970810     
   1.6500000000000012       0.21163173688099760     
   1.6600000000000013       0.20920935642231991     
   1.6700000000000013       0.20682392655262061     
   1.6800000000000013       0.20447469578769420     
   1.6900000000000013       0.20216092973356914     
   1.7000000000000013       0.19988191091074353     
   1.7100000000000013       0.19763693856913883     
   1.7200000000000013       0.19542532849371841     
   1.7300000000000013       0.19324641280080415     
   1.7400000000000013       0.19109953972521959     
   1.7500000000000013       0.18898407339836984     
   1.7600000000000013       0.18689939361753516     
   1.7700000000000014       0.18484489560668343     
   1.7800000000000014       0.18281998976902092     
   1.7900000000000014       0.18082410143182384     
   1.8000000000000014       0.17885667058379515     
   1.8100000000000014       0.17691715160555307     
   1.8200000000000014       0.17500501299360094     
   1.8300000000000014       0.17311973707838324     
   1.8400000000000014       0.17126081973691371     
   1.8500000000000014       0.16942777010046972     
   1.8600000000000014       0.16762011025804269     
   1.8700000000000014       0.16583737495598624     
   1.8800000000000014       0.16407911129447766     
   1.8900000000000015       0.16234487842140946     
   1.9000000000000015       0.16063424722426431     
   1.9100000000000015       0.15894680002047842     
   1.9200000000000015       0.15728213024700546     
   1.9300000000000015       0.15563984214953097     
   1.9400000000000015       0.15401955047191013     
   1.9500000000000015       0.15242088014641164     
   1.9600000000000015       0.15084346598529111     
   1.9700000000000015       0.14928695237410897     
   1.9800000000000015       0.14775099296743230     
   1.9900000000000015       0.14623525038726096     
   2.0000000000000013       0.14473939592475829     
   2.0100000000000011       0.14326310924560473     
   2.0200000000000009       0.14180607809946569     
   2.0300000000000007       0.14036799803394706     
   2.0400000000000005       0.13894857211331532     
   2.0500000000000003       0.13754751064254964     
   2.0600000000000001       0.13616453089673244     
   2.0699999999999998       0.13479935685636230     
   2.0799999999999996       0.13345171894865335     
   2.0899999999999994       0.13212135379519602     
   2.0999999999999992       0.13080800396610831     
   2.1099999999999990       0.12951141774094210     
   2.1199999999999988       0.12823134887645515     
   2.1299999999999986       0.12696755638145135     
   2.1399999999999983       0.12571980429877458     
   2.1499999999999981       0.12448786149457156     
   2.1599999999999979       0.12327150145490690     
   2.1699999999999977       0.12207050208977296     
   2.1799999999999975       0.12088464554454775     
   2.1899999999999973       0.11971371801890549     
   2.1999999999999971       0.11855750959318537     
   2.2099999999999969       0.11741581406217665     
   2.2199999999999966       0.11628842877631766     
   2.2299999999999964       0.11517515449020652     
   2.2399999999999962       0.11407579521838804     
   2.2499999999999960       0.11299015809830636     
   2.2599999999999958       0.11191805326033578     
   2.2699999999999956       0.11085929370475757     
   2.2799999999999954       0.10981369518558029     
   2.2899999999999952       0.10878107610103002     
   2.2999999999999949       0.10776125739059099     
   2.3099999999999947       0.10675406243843430     
   2.3199999999999945       0.10575931698302632     
   2.3299999999999943       0.10477684903282197     
   2.3399999999999941       0.10380648878776404     
   2.3499999999999939       0.10284806856646662     
   2.3599999999999937       0.10190142273886925     
   2.3699999999999934       0.10096638766416376     
   2.3799999999999932       0.10004280163377813     
   2.3899999999999930        9.9130504819214843E-002
   2.3999999999999928        9.8229339224588236E-002
   2.4099999999999926        9.7339148643547369E-002
   2.4199999999999924        9.6459778620469852E-002
   2.4299999999999922        9.5591076415681001E-002
   2.4399999999999920        9.4732890974456516E-002
   2.4499999999999917        9.3885072899685174E-002
   2.4599999999999915        9.3047474427837201E-002
   2.4699999999999913        9.2219949408244475E-002
   2.4799999999999911        9.1402353285253285E-002
   2.4899999999999909        9.0594543083230630E-002
   2.4999999999999907        8.9796377394129781E-002
   2.5099999999999905        8.9007716367465906E-002
   2.5199999999999902        8.8228421702474996E-002
   2.5299999999999900        8.7458356642309137E-002
   2.5399999999999898        8.6697385970062393E-002
   2.5499999999999896        8.5945376006425600E-002
   2.5599999999999894        8.5202194608892431E-002
   2.5699999999999892        8.4467711172218546E-002
   2.5799999999999890        8.3741796630069254E-002
   2.5899999999999888        8.3024323457688454E-002
   2.5999999999999885        8.2315165675391572E-002
   2.6099999999999883        8.1614198852763789E-002
   2.6199999999999881        8.0921300113477534E-002
   2.6299999999999879        8.0236348140496641E-002
   2.6399999999999877        7.9559223181618718E-002
   2.6499999999999875        7.8889807055221237E-002
   2.6599999999999873        7.8227983156062886E-002
   2.6699999999999871        7.7573636461092596E-002
   2.6799999999999868        7.6926653535099851E-002
   2.6899999999999866        7.6286922536168908E-002
   2.6999999999999864        7.5654333220805448E-002
   2.7099999999999862        7.5028776948691603E-002
   2.7199999999999860        7.4410146686954171E-002
   2.7299999999999858        7.3798337013907270E-002
   2.7399999999999856        7.3193244122197215E-002
   2.7499999999999853        7.2594765821280188E-002
   2.7599999999999851        7.2002801539197608E-002
   2.7699999999999849        7.1417252323591252E-002
   2.7799999999999847        7.0838020841927654E-002
   2.7899999999999845        7.0265011380883105E-002
   2.7999999999999843        6.9698129844878942E-002
   2.8099999999999841        6.9137283753720219E-002
   2.8199999999999839        6.8582382239341849E-002
   2.8299999999999836        6.8033336041626480E-002
   2.8399999999999834        6.7490057503301476E-002
   2.8499999999999832        6.6952460563896421E-002
   2.8599999999999830        6.6420460752765115E-002
   2.8699999999999828        6.5893975181181549E-002
   2.8799999999999826        6.5372922533494721E-002
   2.8899999999999824        6.4857223057376956E-002
   2.8999999999999821        6.4346798553160584E-002
   2.9099999999999819        6.3841572362283536E-002
   2.9199999999999817        6.3341469354853491E-002
   2.9299999999999815        6.2846415916358492E-002
   2.9399999999999813        6.2356339933551726E-002
   2.9499999999999811        6.1871170779488144E-002
   2.9599999999999809        6.1390839297810397E-002
   2.9699999999999807        6.0915277786220759E-002
   2.9799999999999804        6.0444419979240632E-002
   2.9899999999999802        5.9978201030196868E-002
   2.9999999999999800        5.9516557492558311E-002
   3.0099999999999798        5.9059427300544143E-002
   3.0199999999999796        5.8606749749081977E-002
   3.0299999999999794        5.8158465473108462E-002
   3.0399999999999792        5.7714516426270512E-002
   3.0499999999999790        5.7274845858967173E-002
   3.0599999999999787        5.6839398295827410E-002
   3.0699999999999785        5.6408119512575586E-002
   3.0799999999999783        5.5980956512322363E-002
   3.0899999999999781        5.5557857501280172E-002
   3.0999999999999779        5.5138771863934427E-002
   3.1099999999999777        5.4723650137636637E-002
   3.1199999999999775        5.4312443986623819E-002
   3.1299999999999772        5.3905106175533957E-002
   3.1399999999999770        5.3501590542347863E-002
   3.1499999999999768        5.3101851970789184E-002
   3.1599999999999766        5.2705846362181473E-002
   3.1699999999999764        5.2313530606808351E-002
   3.1799999999999762        5.1924862554725698E-002
   3.1899999999999760        5.1539800986087639E-002
   3.1999999999999758        5.1158305580955708E-002
   3.2099999999999755        5.0780336888679140E-002
   3.2199999999999753        5.0405856296826937E-002
   3.2299999999999751        5.0034825999696622E-002
   3.2399999999999749        4.9667208966489726E-002
   3.2499999999999747        4.9302968909157620E-002
   3.2599999999999745        4.8942070250007366E-002
   3.2699999999999743        4.8584478089132369E-002
   3.2799999999999740        4.8230158171728724E-002
   3.2899999999999738        4.7879076855406322E-002
   3.2999999999999736        4.7531774524243939E-002
   3.3099999999999734        4.7187013258223005E-002
   3.3199999999999732        4.6845386595723348E-002
   3.3299999999999730        4.6506863869907433E-002
   3.3399999999999728        4.6171111727134340E-002
   3.3499999999999726        4.5838756262519362E-002
   3.3599999999999723        4.5509417529874141E-002
   3.3699999999999721        4.5183066194634559E-002
   3.3799999999999719        4.4859673352170788E-002
   3.3899999999999717        4.4539210505699520E-002
   3.3999999999999715        4.4221649544957276E-002
   3.4099999999999713        4.3906962725695886E-002
   3.4199999999999711        4.3595122650059770E-002
   3.4299999999999708        4.3286102247902088E-002
   3.4399999999999706        4.2979874759106126E-002
   3.4499999999999704        4.2676413716965206E-002
   3.4599999999999702        4.2375692932678156E-002
   3.4699999999999700        4.2077686481019012E-002
   3.4799999999999698        4.1782368687223091E-002
   3.4899999999999696        4.1489714115141844E-002
   3.4999999999999694        4.1199697556704100E-002
   3.5099999999999691        4.0912294022713513E-002
   3.5199999999999689        4.0627794737175760E-002
   3.5299999999999687        4.0345653694188105E-002
   3.5399999999999685        4.0066071914810222E-002
   3.5499999999999683        3.9789026914057682E-002
   3.5599999999999681        3.9513775038934322E-002
   3.5699999999999679        3.9241587003755296E-002
   3.5799999999999677        3.8971849695788333E-002
   3.5899999999999674        3.8704540056223632E-002
   3.5999999999999672        3.8439635181118544E-002
   3.6099999999999670        3.8177112316713203E-002
   3.6199999999999668        3.7916948855452250E-002
   3.6299999999999666        3.7659122332679582E-002
   3.6399999999999664        3.7403610423991304E-002
   3.6499999999999662        3.7150390943173420E-002
   3.6599999999999659        3.6899441840705323E-002
   3.6699999999999657        3.6650741202771217E-002
   3.6799999999999655        3.6404267250712011E-002
   3.6899999999999653        3.6159998340860817E-002
   3.6999999999999651        3.5917912964715963E-002
   3.7099999999999649        3.5677989749341915E-002
   3.7199999999999647        3.5440207457972127E-002
   3.7299999999999645        3.5204544990685323E-002
   3.7399999999999642        3.4973014129613629E-002
   3.7499999999999640        3.4741694517430560E-002
   3.7599999999999638        3.4512435398595290E-002
   3.7699999999999636        3.4285215064458842E-002
   3.7799999999999634        3.4060011810700237E-002
   3.7899999999999632        3.3834665785659634E-002
   3.7999999999999630        3.3613303573356353E-002
   3.8099999999999627        3.3393895534382260E-002
   3.8199999999999625        3.3176421258974818E-002
   3.8299999999999623        3.2960860441150992E-002
   3.8399999999999621        3.2747192879491085E-002
   3.8499999999999619        3.2535398477904647E-002
   3.8599999999999617        3.2325457246265184E-002
   3.8699999999999615        3.2117349300983471E-002
   3.8799999999999613        3.1911054865424393E-002
   3.8899999999999610        3.1706554270184727E-002
   3.8999999999999608        3.1503827953176709E-002
   3.9099999999999606        3.1302856459550672E-002
   3.9199999999999604        3.1103620441399991E-002
   3.9299999999999602        3.0906100657269342E-002
   3.9399999999999600        3.0710277971459157E-002
   3.9499999999999598        3.0516133353123823E-002
   3.9599999999999596        3.0323647875186616E-002
   3.9699999999999593        3.0133657474132949E-002
   3.9799999999999591        2.9944394336261455E-002
   3.9899999999999589        2.9756726777857220E-002
   3.9999999999999587        2.9570636411009179E-002
   4.0099999999999589        2.9386105078751175E-002
   4.0199999999999587        2.9202596183270334E-002
   4.0299999999999585        2.9021173669728582E-002
   4.0399999999999583        2.8841260502631486E-002
   4.0499999999999581        2.8662838882629493E-002
   4.0599999999999579        2.8485891155565934E-002
   4.0699999999999577        2.8310399814464982E-002
   4.0799999999999574        2.8136347501525980E-002
   4.0899999999999572        2.7963717010138979E-002
   4.0999999999999570        2.7792491286939881E-002
   4.1099999999999568        2.7622653433922183E-002
   4.1199999999999566        2.7454186710624981E-002
   4.1299999999999564        2.7287074536417606E-002
   4.1399999999999562        2.7121300492902404E-002
   4.1499999999999559        2.6956848326454112E-002
   4.1599999999999557        2.6793701950924433E-002
   4.1699999999999555        2.6631845450523349E-002
   4.1799999999999553        2.6471263082907766E-002
   4.1899999999999551        2.6311939282491162E-002
   4.1999999999999549        2.6153858663992779E-002
   4.2099999999999547        2.5997026782806867E-002
   4.2199999999999545        2.5841436707227543E-002
   4.2299999999999542        2.5687057295859780E-002
   4.2399999999999540        2.5533875192295503E-002
   4.2499999999999538        2.5381877261454418E-002
   4.2599999999999536        2.5230652652838012E-002
   4.2699999999999534        2.5080889404938956E-002
   4.2799999999999532        2.4932258360825750E-002
   4.2899999999999530        2.4784746282438843E-002
   4.2999999999999527        2.4638340145318311E-002
   4.3099999999999525        2.4493027140332475E-002
   4.3199999999999523        2.4348794675364077E-002
   4.3299999999999521        2.4205630376946140E-002
   4.3399999999999519        2.4063522091844453E-002
   4.3499999999999517        2.3922457888577560E-002
   4.3599999999999515        2.3782426058846742E-002
   4.3699999999999513        2.3643415118893792E-002
   4.3799999999999510        2.3505413810741657E-002
   4.3899999999999508        2.3368411103308590E-002
   4.3999999999999506        2.3232396193394678E-002
   4.4099999999999504        2.3097358506494664E-002
   4.4199999999999502        2.2963287697425172E-002
   4.4299999999999500        2.2830173650741303E-002
   4.4399999999999498        2.2698006480920619E-002
   4.4499999999999496        2.2568409066871464E-002
   4.4599999999999493        2.2438252665403599E-002
   4.4699999999999491        2.2309020020267585E-002
   4.4799999999999489        2.2180701559867823E-002
   4.4899999999999487        2.2053287845826088E-002
   4.4999999999999485        2.1926769569589170E-002
   4.5099999999999483        2.1799224083039123E-002
   4.5199999999999481        2.1674344889000781E-002
   4.5299999999999478        2.1550333275794524E-002
   4.5399999999999476        2.1427181219514049E-002
   4.5499999999999474        2.1304880878797235E-002
   4.5599999999999472        2.1183424591528138E-002
   4.5699999999999470        2.1062804871289767E-002
   4.5799999999999468        2.0943014403625955E-002
   4.5899999999999466        2.0824046042064989E-002
   4.5999999999999464        2.0705892803912048E-002
   4.6099999999999461        2.0588547865839968E-002
   4.6199999999999459        2.0472004559220894E-002
   4.6299999999999457        2.0356256365247523E-002
   4.6399999999999455        2.0241296909833166E-002
   4.6499999999999453        2.0127119958271943E-002
   4.6599999999999451        2.0013719409701085E-002
   4.6699999999999449        1.9901089291339824E-002
   4.6799999999999446        1.9789223752541961E-002
   4.6899999999999444        1.9678117058646891E-002
   4.6999999999999442        1.9568829496802276E-002
   4.7099999999999440        1.9459208522475280E-002
   4.7199999999999438        1.9350323289588849E-002
   4.7299999999999436        1.9242168271484349E-002
   4.7399999999999434        1.9134738086591753E-002
   4.7499999999999432        1.9028027499868545E-002
   4.7599999999999429        1.8921302029685332E-002
   4.7699999999999427        1.8816046683242039E-002
   4.7799999999999425        1.8711500351382977E-002
   4.7899999999999423        1.8607658176541975E-002
   4.7999999999999421        1.8504515375831566E-002
   4.8099999999999419        1.8402067236606919E-002
   4.8199999999999417        1.8300309112076429E-002
   4.8299999999999415        1.8199236416983657E-002
   4.8399999999999412        1.8098844623375208E-002
   4.8499999999999410        1.7999129256465872E-002
   4.8599999999999408        1.7900085890619657E-002
   4.8699999999999406        1.7801710145463112E-002
   4.8799999999999404        1.7703997682143251E-002
   4.8899999999999402        1.7606944199754775E-002
   4.8999999999999400        1.7510545431945829E-002
   4.9099999999999397        1.7414797143721190E-002
   4.9199999999999395        1.7319695128463583E-002
   4.9299999999999393        1.7225235205181426E-002
   4.9399999999999391        1.7131413216007904E-002
   4.9499999999999389        1.7038225023957743E-002
   4.9599999999999387        1.6945543941191341E-002
   4.9699999999999385        1.6853617776424853E-002
   4.9799999999999383        1.6762319841008670E-002
   4.9899999999999380        1.6671646924302563E-002
   4.9999999999999378        1.6581595861167895E-002
   5.0099999999999376        1.6492163527102175E-002
   5.0199999999999374        1.6403195393173340E-002
   5.0299999999999372        1.6314942181064905E-002
   5.0399999999999370        1.6227289595698621E-002
   5.0499999999999368        1.6140233914723003E-002
   5.0599999999999365        1.6053771428319027E-002
   5.0699999999999363        1.5967898438238946E-002
   5.0799999999999361        1.5882611257000981E-002
   5.0899999999999359        1.5797906207241749E-002
   5.0999999999999357        1.5713779621220461E-002
   5.1099999999999355        1.5630227840475800E-002
   5.1199999999999353        1.5547247215628227E-002
   5.1299999999999351        1.5464834106319787E-002
   5.1399999999999348        1.5382984881292902E-002
   5.1499999999999346        1.5301695918590132E-002
   5.1599999999999344        1.5220963605873019E-002
   5.1699999999999342        1.5140784340852739E-002
   5.1799999999999340        1.5061154531807192E-002
   5.1899999999999338        1.4982070598192978E-002
   5.1999999999999336        1.4903528971318136E-002
   5.2099999999999334        1.4825526095082114E-002
   5.2199999999999331        1.4749197389166536E-002
   5.2299999999999329        1.4672375844358024E-002
   5.2399999999999327        1.4596088086901840E-002
   5.2499999999999325        1.4520330387909570E-002
   5.2599999999999323        1.4445098977526959E-002
   5.2699999999999321        1.4370390043270877E-002
   5.2799999999999319        1.4296199728609758E-002
   5.2899999999999316        1.4220982870170606E-002
   5.2999999999999314        1.4147708835330539E-002
   5.3099999999999312        1.4074939207022002E-002
   5.3199999999999310        1.4002670386651912E-002
   5.3299999999999308        1.3930898775173169E-002
   5.3399999999999306        1.3859620773293856E-002
   5.3499999999999304        1.3788832781660744E-002
   5.3599999999999302        1.3718531201032032E-002
   5.3699999999999299        1.3648712432421647E-002
   5.3799999999999297        1.3579372877198900E-002
   5.3899999999999295        1.3510508937164416E-002
   5.3999999999999293        1.3442117014555452E-002
   5.4099999999999291        1.3374193512024485E-002
   5.4199999999999289        1.3306734832523162E-002
   5.4299999999999287        1.3239737379159844E-002
   5.4399999999999284        1.3173197554948984E-002
   5.4499999999999282        1.3107111762520718E-002
   5.4599999999999280        1.3041476403730667E-002
   5.4699999999999278        1.2976287879198339E-002
   5.4799999999999276        1.2911542587774740E-002
   5.4899999999999274        1.2848382079871021E-002
   5.4999999999999272        1.2784519828163726E-002
   5.5099999999999270        1.2721085220218357E-002
   5.5199999999999267        1.2658074348095419E-002
   5.5299999999999265        1.2595483320702504E-002
   5.5399999999999263        1.2533308267388750E-002
   5.5499999999999261        1.2471545341666137E-002
   5.5599999999999259        1.2409314611459946E-002
   5.5699999999999257        1.2348378648034602E-002
   5.5799999999999255        1.2287847398273348E-002
   5.5899999999999253        1.2227717168468663E-002
   5.5999999999999250        1.2167984269003802E-002
   5.6099999999999248        1.2108645014690445E-002
   5.6199999999999246        1.2049695725095873E-002
   5.6299999999999244        1.1991132724877774E-002
   5.6399999999999242        1.1932952344120715E-002
   5.6499999999999240        1.1875150918686253E-002
   5.6599999999999238        1.1817724790571620E-002
   5.6699999999999235        1.1760670308293359E-002
   5.6799999999999233        1.1703983827289665E-002
   5.6899999999999231        1.1647661710355759E-002
   5.6999999999999229        1.1591700328114508E-002
   5.7099999999999227        1.1536096059526935E-002
   5.7199999999999225        1.1480845292453804E-002
   5.7299999999999223        1.1425944424268511E-002
   5.7399999999999221        1.1371389862535363E-002
   5.7499999999999218        1.1317178025752593E-002
   5.7599999999999216        1.1263305344172393E-002
   5.7699999999999214        1.1209646760922044E-002
   5.7799999999999212        1.1156424778880672E-002
   5.7899999999999210        1.1103534098939914E-002
   5.7999999999999208        1.1050971740204365E-002
   5.8099999999999206        1.0998734768914291E-002
   5.8199999999999203        1.0946820298425263E-002
   5.8299999999999201        1.0895225488979745E-002
   5.8399999999999199        1.0843926622053118E-002
   5.8499999999999197        1.0792946275250521E-002
   5.8599999999999195        1.0742272196141673E-002
   5.8699999999999193        1.0691901224806448E-002
   5.8799999999999191        1.0641830233169940E-002
   5.8899999999999189        1.0592056125996292E-002
   5.8999999999999186        1.0542575841903001E-002
   5.9099999999999184        1.0493386354394965E-002
   5.9199999999999182        1.0444484672919054E-002
   5.9299999999999180        1.0395867843936741E-002
   5.9399999999999178        1.0347532952015358E-002
   5.9499999999999176        1.0299477120935270E-002
   5.9599999999999174        1.0251697514811692E-002
   5.9699999999999172        1.0204191339227519E-002
   5.9799999999999169        1.0156955842377030E-002
   5.9899999999999167        1.0109988316214215E-002
   5.9999999999999165        1.0063286097603499E-002
   6.0099999999999163        1.0016846569468234E-002
   6.0199999999999161        9.9706671619333373E-003
   6.0299999999999159        9.9247453534543374E-003
   6.0399999999999157        9.8790786719297995E-003
   6.0499999999999154        9.8336646957881933E-003
   6.0599999999999152        9.7892547640746688E-003
   6.0699999999999150        9.7444251470846684E-003
   6.0799999999999148        9.6998463619500930E-003
   6.0899999999999146        9.6555161458336120E-003
   6.0999999999999144        9.6114322567227121E-003
   6.1099999999999142        9.5675924722332210E-003
   6.1199999999999140        9.5239945884532367E-003
   6.1299999999999137        9.4795090305137102E-003
   6.1399999999999135        9.4363001976008574E-003
   6.1499999999999133        9.3933236974926490E-003
   6.1599999999999131        9.3505775991193189E-003
   6.1699999999999129        9.3080600160549334E-003
   6.1799999999999127        9.2657691064170628E-003
   6.1899999999999125        9.2237030727164646E-003
   6.1999999999999122        9.1818601616420418E-003
   6.2099999999999120        9.1402386637906251E-003
   6.2199999999999118        9.0988369133295117E-003
   6.2299999999999116        9.0576532875948183E-003
   6.2399999999999114        9.0166862066188135E-003
   6.2499999999999112        8.9759341325867416E-003
   6.2599999999999110        8.9353955692214430E-003
   6.2699999999999108        8.8950690610932696E-003
   6.2799999999999105        8.8549531928472560E-003
   6.2899999999999103        8.8150465883568719E-003
   6.2999999999999101        8.7753479097975699E-003
   6.3099999999999099        8.7358558566332893E-003
   6.3199999999999097        8.6965691645272420E-003
   6.3299999999999095        8.6574866041691876E-003
   6.3399999999999093        8.6186069800167266E-003
   6.3499999999999091        8.5810493053724065E-003
   6.3599999999999088        8.5425924396810744E-003
   6.3699999999999086        8.5043319088671156E-003
   6.3799999999999084        8.4662663667228483E-003
   6.3899999999999082        8.4283944994271269E-003
   6.3999999999999080        8.3907150263082039E-003
   6.4099999999999078        8.3532267006758403E-003
   6.4199999999999076        8.3159283107221947E-003
   6.4299999999999073        8.2778812868960390E-003
   6.4399999999999071        8.2409608057663376E-003
   6.4499999999999069        8.2042300171948912E-003
   6.4599999999999067        8.1676879546352752E-003
   6.4699999999999065        8.1313336718044447E-003
   6.4799999999999063        8.0951662415589681E-003
   6.4899999999999061        8.0591847547696188E-003
   6.4999999999999059        8.0233883191741465E-003
   6.5099999999999056        7.9877760582311372E-003
   6.5199999999999054        7.9523471099683628E-003
   6.5299999999999052        7.9171006258313970E-003
   6.5399999999999050        7.8820357695360190E-003
   6.5499999999999048        7.8471517159303915E-003
   6.5599999999999046        7.8124476498686122E-003
   6.5699999999999044        7.7779227650997037E-003
   6.5799999999999041        7.7435762631814222E-003
   6.5899999999999039        7.7094073524152738E-003
   6.5999999999999037        7.6754152468157802E-003
   6.6099999999999035        7.6415991651120558E-003
   6.6199999999999033        7.6079583297917214E-003
   6.6299999999999031        7.5744919661886491E-003
   6.6399999999999029        7.5411993016205863E-003
   6.6499999999999027        7.5080275847317236E-003
   6.6599999999999024        7.4750552281255093E-003
   6.6699999999999022        7.4422549671000517E-003
   6.6799999999999020        7.4096263440908867E-003
   6.6899999999999018        7.3771689226204123E-003
   6.6999999999999016        7.3448822865227730E-003
   6.7099999999999014        7.3127660390874278E-003
   6.7199999999999012        7.2808198021180760E-003
   6.7299999999999010        7.2490489488991798E-003
   6.7399999999999007        7.2174418155680061E-003
   6.7499999999999005        7.1860008305792856E-003
   6.7599999999999003        7.1547253424823990E-003
   6.7699999999999001        7.1236147009596552E-003
   6.7799999999998999        7.0926682564877094E-003
   6.7899999999998997        7.0618853600399600E-003
   6.7999999999998995        7.0312653628308575E-003
   6.8099999999998992        7.0008076161031229E-003
   6.8199999999998990        6.9705114709579293E-003
   6.8299999999998988        6.9403762782286908E-003
   6.8399999999998986        6.9104013883981444E-003
   6.8499999999998984        6.8805861515599765E-003
   6.8599999999998982        6.8509299174220797E-003
   6.8699999999998980        6.8214320353542357E-003
   6.8799999999998978        6.7920918544759805E-003
   6.8899999999998975        6.7629087237868332E-003
   6.8999999999998973        6.7338819923344721E-003
   6.9099999999998971        6.7050110094218993E-003
   6.9199999999998969        6.6762951248500683E-003
   6.9299999999998967        6.6477336891938073E-003
   6.9399999999998965        6.6193260541105997E-003
   6.9499999999998963        6.5914197242327513E-003
   6.9599999999998960        6.5633714863240671E-003
   6.9699999999998958        6.5354791769547697E-003
   6.9799999999998956        6.5077422147674655E-003
   6.9899999999998954        6.4801600040498338E-003
   6.9999999999998952        6.4527319337355366E-003
   7.0099999999998950        6.4254573764275756E-003
   7.0199999999998948        6.3983356874499049E-003
   7.0299999999998946        6.3713662039358559E-003
   7.0399999999998943        6.3437516951995298E-003
   7.0499999999998941        6.3170171888960978E-003
   7.0599999999998939        6.2904298795537598E-003
   7.0699999999998937        6.2639891081776632E-003
   7.0799999999998935        6.2376942130537467E-003
   7.0899999999998933        6.2115445298204057E-003
   7.0999999999998931        6.1855393915424932E-003
   7.1099999999998929        6.1596781287878034E-003
   7.1199999999998926        6.1339600696919466E-003
   7.1299999999998924        6.1083845400279812E-003
   7.1399999999998922        6.0829508632587450E-003
   7.1499999999998920        6.0576583605881258E-003
   7.1599999999998918        6.0325063509945667E-003
   7.1699999999998916        6.0074941512544573E-003
   7.1799999999998914        5.9826210759462359E-003
   7.1899999999998911        5.9578864374409506E-003
   7.1999999999998909        5.9332895458712644E-003
   7.2099999999998907        5.9088297090754867E-003
   7.2199999999998905        5.8845062325256631E-003
   7.2299999999998903        5.8603184192223589E-003
   7.2399999999998901        5.8362655695689200E-003
   7.2499999999998899        5.8123469812177003E-003
   7.2599999999998897        5.7895253408757688E-003
   7.2699999999998894        5.7659026054569951E-003
   7.2799999999998892        5.7424104266832077E-003
   7.2899999999998890        5.7190478769609965E-003
   7.2999999999998888        5.6958140218846959E-003
   7.3099999999998886        5.6727079210325115E-003
   7.3199999999998884        5.6497286288197408E-003
   7.3299999999998882        5.6268751954064279E-003
   7.3399999999998879        5.6041466676657404E-003
   7.3499999999998877        5.5815420902058446E-003
   7.3599999999998875        5.5581440999059543E-003
   7.3699999999998873        5.5357757044392176E-003
   7.3799999999998871        5.5135306364327771E-003
   7.3899999999998869        5.4914080598060157E-003
   7.3999999999998867        5.4694071338451545E-003
   7.4099999999998865        5.4475270131840630E-003
   7.4199999999998862        5.4257668477776340E-003
   7.4299999999998860        5.4041257828734510E-003
   7.4399999999998858        5.3826029589787629E-003
   7.4499999999998856        5.3611975118250344E-003
   7.4599999999998854        5.3399085723308294E-003
   7.4699999999998852        5.3187352665648724E-003
   7.4799999999998850        5.2976767157065820E-003
   7.4899999999998847        5.2767320360130260E-003
   7.4999999999998845        5.2559003387857000E-003
   7.5099999999998843        5.2351807303421460E-003
   7.5199999999998841        5.2145723119971163E-003
   7.5299999999998839        5.1940741800471559E-003
   7.5399999999998837        5.1736854257681229E-003
   7.5499999999998835        5.1534051354249454E-003
   7.5599999999998833        5.1332323902918454E-003
   7.5699999999998830        5.1131662666916971E-003
   7.5799999999998828        5.0932827625786870E-003
   7.5899999999998826        5.0734031298294378E-003
   7.5999999999998824        5.0536267081212971E-003
   7.6099999999998822        5.0339527036164806E-003
   7.6199999999998820        5.0143803334334464E-003
   7.6299999999998818        4.9949088260495328E-003
   7.6399999999998816        4.9755374216651251E-003
   7.6499999999998813        4.9562653725237259E-003
   7.6599999999998811        4.9370919431865699E-003
   7.6699999999998809        4.9180164107581227E-003
   7.6799999999998807        4.8990162155568640E-003
   7.6899999999998805        4.8801434343926451E-003
   7.6999999999998803        4.8613652211144942E-003
   7.7099999999998801        4.8426806927578860E-003
   7.7199999999998798        4.8240889692333956E-003
   7.7299999999998796        4.8055891736378219E-003
   7.7399999999998794        4.7871804325769970E-003
   7.7499999999998792        4.7688618765019102E-003
   7.7599999999998790        4.7506326400566408E-003
   7.7699999999998788        4.7324918624407197E-003
   7.7799999999998786        4.7144386877837462E-003
   7.7899999999998784        4.6964722655341695E-003
   7.7999999999998781        4.6785917508614678E-003
   7.8099999999998779        4.6607963050719035E-003
   7.8199999999998777        4.6430850960376916E-003
   7.8299999999998775        4.6254572986395241E-003
   7.8399999999998773        4.6079120952217337E-003
   7.8499999999998771        4.5904486760603280E-003
   7.8599999999998769        4.5730662398425666E-003
   7.8699999999998766        4.5557639941582054E-003
   7.8799999999998764        4.5385411560007177E-003
   7.8899999999998762        4.5213969522787546E-003
   7.8999999999998760        4.5043306203353829E-003
   7.9099999999998758        4.4874459280376429E-003
   7.9199999999998756        4.4705640797676870E-003
   7.9299999999998754        4.4537608707764416E-003
   7.9399999999998752        4.4370356754024273E-003
   7.9499999999998749        4.4203878729531642E-003
   7.9599999999998747        4.4038168473196724E-003
   7.9699999999998745        4.3873219865792588E-003
   7.9799999999998743        4.3709026825873524E-003
   7.9899999999998741        4.3545583305620410E-003
   7.9999999999998739        4.3382883286633492E-003
   8.0099999999998737        4.3215878247112611E-003
   8.0199999999998735        4.3054169499687524E-003
   8.0299999999998732        4.2893161298164142E-003
   8.0399999999998730        4.2732847821471296E-003
   8.0499999999998728        4.2573223370993805E-003
   8.0599999999998726        4.2414282372288548E-003
   8.0699999999998724        4.2256019376696796E-003
   8.0799999999998722        4.2098429062817208E-003
   8.0899999999998720        4.1941506237850607E-003
   8.0999999999998717        4.1785245838801459E-003
   8.1099999999998715        4.1629642933522070E-003
   8.1199999999998713        4.1474692721592682E-003
   8.1299999999998711        4.1320390535022726E-003
   8.1399999999998709        4.1166731838775403E-003
   8.1499999999998707        4.1013712231087037E-003
   8.1599999999998705        4.0861327443574456E-003
   8.1699999999998703        4.0709573341146865E-003
   8.1799999999998700        4.0558445921661003E-003
   8.1899999999998698        4.0407941315379709E-003
   8.1999999999998696        4.0258055784132369E-003
   8.2099999999998694        4.0108785720273784E-003
   8.2199999999998692        3.9960127645341254E-003
   8.2299999999998690        3.9812078208464538E-003
   8.2399999999998688        3.9672411836562125E-003
   8.2499999999998685        3.9525877440454186E-003
   8.2599999999998683        3.9379936501947070E-003
   8.2699999999998681        3.9234584679342828E-003
   8.2799999999998679        3.9089817697786607E-003
   8.2899999999998677        3.8945631350931044E-003
   8.2999999999998675        3.8802021502826545E-003
   8.3099999999998673        3.8658984090089951E-003
   8.3199999999998671        3.8516515124286973E-003
   8.3299999999998668        3.8374610694606251E-003
   8.3399999999998666        3.8233266970754565E-003
   8.3499999999998664        3.8084139712510029E-003
   8.3599999999998662        3.7943750046300529E-003
   8.3699999999998660        3.7803924126684502E-003
   8.3799999999998658        3.7664659551501622E-003
   8.3899999999998656        3.7525953994571736E-003
   8.3999999999998654        3.7387805202777477E-003
   8.4099999999998651        3.7250210993037053E-003
   8.4199999999998649        3.7113169249165410E-003
   8.4299999999998647        3.6976677918636536E-003
   8.4399999999998645        3.6840735009277502E-003
   8.4499999999998643        3.6705338585848856E-003
   8.4599999999998641        3.6570486766569488E-003
   8.4699999999998639        3.6436177719547627E-003
   8.4799999999998636        3.6302409659182181E-003
   8.4899999999998634        3.6169180842491001E-003
   8.4999999999998632        3.6036489565399879E-003
   8.5099999999998630        3.5904334159011413E-003
   8.5199999999998628        3.5772712985835849E-003
   8.5299999999998626        3.5641624436031742E-003
   8.5399999999998624        3.5511066923641838E-003
   8.5499999999998622        3.5381038882835074E-003
   8.5599999999998619        3.5251538764196283E-003
   8.5699999999998617        3.5122565031051600E-003
   8.5799999999998615        3.4995873564970118E-003
   8.5899999999998613        3.4867761687698805E-003
   8.5999999999998611        3.4740161471297696E-003
   8.6099999999998609        3.4613071999392508E-003
   8.6199999999998607        3.4486492447314684E-003
   8.6299999999998604        3.4360422081954650E-003
   8.6399999999998602        3.4234860261449680E-003
   8.6499999999998600        3.4109806434738377E-003
   8.6599999999998598        3.3985260140904252E-003
   8.6699999999998596        3.3861221008350496E-003
   8.6799999999998594        3.3737688753757277E-003
   8.6899999999998592        3.3613861212051181E-003
   8.6999999999998590        3.3491460895527913E-003
   8.7099999999998587        3.3369564385441267E-003
   8.7199999999998585        3.3248170520488963E-003
   8.7299999999998583        3.3127278143678042E-003
   8.7399999999998581        3.3006886100770396E-003
   8.7499999999998579        3.2886993238828138E-003
   8.7599999999998577        3.2767598404871323E-003
   8.7699999999998575        3.2648700444649166E-003
   8.7799999999998573        3.2530298201529561E-003
   8.7899999999998570        3.2412390515512502E-003
   8.7999999999998568        3.2294976222371242E-003
   8.8099999999998566        3.2178054152926425E-003
   8.8199999999998564        3.2061623132454541E-003
   8.8299999999998562        3.1945681980232797E-003
   8.8399999999998560        3.1830229509229352E-003
   8.8499999999998558        3.1715264525928938E-003
   8.8599999999998555        3.1600785830310438E-003
   8.8699999999998553        3.1486792215963677E-003
   8.8799999999998551        3.1373282470354936E-003
   8.8899999999998549        3.1260255375235319E-003
   8.8999999999998547        3.1147709707195345E-003
   8.9099999999998545        3.1035644238361117E-003
   8.9199999999998543        3.0924057737230131E-003
   8.9299999999998541        3.0812490875323627E-003
   8.9399999999998538        3.0701996552205619E-003
   8.9499999999998536        3.0591997236501089E-003
   8.9599999999998534        3.0482492571121378E-003
   8.9699999999998532        3.0373482172219059E-003
   8.9799999999998530        3.0264965625366709E-003
   8.9899999999998528        3.0156942481695754E-003
   8.9999999999998526        3.0049412253994145E-003
   9.0099999999998523        2.9942374412778913E-003
   9.0199999999998521        2.9835828382352787E-003
   9.0299999999998519        2.9729773536857455E-003
   9.0399999999998517        2.9621469802358748E-003
   9.0499999999998515        2.9516090072933153E-003
   9.0599999999998513        2.9411179931228878E-003
   9.0699999999998511        2.9306738281509063E-003
   9.0799999999998509        2.9202764018726552E-003
   9.0899999999998506        2.9099256028844995E-003
   9.0999999999998504        2.8996213189176777E-003
   9.1099999999998502        2.8893634368753491E-003
   9.1199999999998500        2.8791518428705667E-003
   9.1299999999998498        2.8689864222661687E-003
   9.1399999999998496        2.8588670597149849E-003
   9.1499999999998494        2.8487936392001091E-003
   9.1599999999998492        2.8387660440749845E-003
   9.1699999999998489        2.8287841571022067E-003
   9.1799999999998487        2.8188478604900986E-003
   9.1899999999998485        2.8089570359270321E-003
   9.1999999999998483        2.7991115646139797E-003
   9.2099999999998481        2.7893113272911101E-003
   9.2199999999998479        2.7795562042611834E-003
   9.2299999999998477        2.7698460754084914E-003
   9.2399999999998474        2.7601808202101742E-003
   9.2499999999998472        2.7505603177435094E-003
   9.2599999999998470        2.7409844466838315E-003
   9.2699999999998468        2.7314530852964414E-003
   9.2799999999998466        2.7225280691241627E-003
   9.2899999999998464        2.7131129599378481E-003
   9.2999999999998462        2.7037420445699639E-003
   9.3099999999998460        2.6944151085446059E-003
   9.3199999999998457        2.6851319321672873E-003
   9.3299999999998455        2.6758922906219606E-003
   9.3399999999998453        2.6666959540886095E-003
   9.3499999999998451        2.6575426878777280E-003
   9.3599999999998449        2.6484322525851174E-003
   9.3699999999998447        2.6393644042639105E-003
   9.3799999999998445        2.6303388946170994E-003
   9.3899999999998442        2.6213554712103231E-003
   9.3999999999998440        2.6117186101548917E-003
   9.4099999999998438        2.6028001878608256E-003
   9.4199999999998436        2.5939237785516820E-003
   9.4299999999998434        2.5850891982704110E-003
   9.4399999999998432        2.5762962607687682E-003
   9.4499999999998430        2.5675447774742627E-003
   9.4599999999998428        2.5588345574562598E-003
   9.4699999999998425        2.5501654073865985E-003
   9.4799999999998423        2.5415371314985395E-003
   9.4899999999998421        2.5329495315421485E-003
   9.4999999999998419        2.5244024067361060E-003
   9.5099999999998417        2.5158955537184992E-003
   9.5199999999998415        2.5074287664922953E-003
   9.5299999999998413        2.4990018363703357E-003
   9.5399999999998411        2.4906145519160601E-003
   9.5499999999998408        2.4822666988847030E-003
   9.5599999999998406        2.4739580601603269E-003
   9.5699999999998404        2.4656884156918860E-003
   9.5799999999998402        2.4574575424297722E-003
   9.5899999999998400        2.4492652142585275E-003
   9.5999999999998398        2.4411112019323716E-003
   9.6099999999998396        2.4329952730083879E-003
   9.6199999999998393        2.4249171917815658E-003
   9.6299999999998391        2.4168767192206536E-003
   9.6399999999998389        2.4091165052533888E-003
   9.6499999999998387        2.4011388763218637E-003
   9.6599999999998385        2.3931970916823220E-003
   9.6699999999998383        2.3852909085972230E-003
   9.6799999999998381        2.3774200861619698E-003
   9.6899999999998379        2.3695843855215011E-003
   9.6999999999998376        2.3617835700832229E-003
   9.7099999999998374        2.3540174057246972E-003
   9.7199999999998372        2.3462856609954845E-003
   9.7299999999998370        2.3385881073128495E-003
   9.7399999999998368        2.3309245191495197E-003
   9.7499999999998366        2.3232946742124893E-003
   9.7599999999998364        2.3155558922218493E-003
   9.7699999999998361        2.3080034661180924E-003
   9.7799999999998359        2.3004843637451852E-003
   9.7899999999998357        2.2929983159759183E-003
   9.7999999999998355        2.2855450524647191E-003
   9.8099999999998353        2.2781243017139562E-003
   9.8199999999998351        2.2707357911442762E-003
   9.8299999999998349        2.2633792471697155E-003
   9.8399999999998347        2.2560543952769531E-003
   9.8499999999998344        2.2487609601094744E-003
   9.8599999999998342        2.2414986655569947E-003
   9.8699999999998340        2.2342672348495546E-003
   9.8799999999998338        2.2270663906577117E-003
   9.8899999999998336        2.2198958551978738E-003
   9.8999999999998334        2.2127553503434715E-003
   9.9099999999998332        2.2056445977424164E-003
   9.9199999999998330        2.1985633189401926E-003
   9.9299999999998327        2.1915112355095478E-003
   9.9399999999998325        2.1844880691862419E-003
   9.9499999999998323        2.1774935420113793E-003
   9.9599999999998321        2.1705273764801017E-003
   9.9699999999998319        2.1635892956969340E-003
   9.9799999999998317        2.1566790235373959E-003
   9.9899999999998315        2.1497962848164931E-003
   9.9999999999998312        2.1429408054632511E-003
   10.009999999999831        2.1360011142050822E-003
   10.019999999999831        2.1292018771110490E-003
   10.029999999999831        2.1224302476165755E-003
   10.039999999999830        2.1156860303737438E-003
   10.049999999999830        2.1089690318488435E-003
   10.059999999999830        2.1022790602387930E-003
   10.069999999999830        2.0956159253792753E-003
   10.079999999999830        2.0889794386449831E-003
   10.089999999999829        2.0823694128421300E-003
   10.099999999999829        2.0757856620938374E-003
   10.109999999999829        2.0692280017184659E-003
   10.119999999999829        2.0626962481015386E-003
   10.129999999999828        2.0561902185616881E-003
   10.139999999999828        2.0495731188574415E-003
   10.149999999999828        2.0430993468959499E-003
   10.159999999999828        2.0366493341728879E-003
   10.169999999999828        2.0302228673772346E-003
   10.179999999999827        2.0238197364548646E-003
   10.189999999999827        2.0174397347178788E-003
   10.199999999999827        2.0110826589530449E-003
   10.209999999999827        2.0047483095281997E-003
   10.219999999999827        1.9984364904978170E-003
   10.229999999999826        1.9921470097055893E-003
   10.239999999999826        1.9858796788857071E-003
   10.249999999999826        1.9796343137605992E-003
   10.259999999999826        1.9734107341363577E-003
   10.269999999999825        1.9672087639947379E-003
   10.279999999999825        1.9610282315809932E-003
   10.289999999999825        1.9548689694884941E-003
   10.299999999999825        1.9487308147386412E-003
   10.309999999999825        1.9426136088555941E-003
   10.319999999999824        1.9365171979367581E-003
   10.329999999999824        1.9304414327169530E-003
   10.339999999999824        1.9243861686271744E-003
   10.349999999999824        1.9183512658468981E-003
   10.359999999999824        1.9123365893500381E-003
   10.369999999999823        1.9063420089429569E-003
   10.379999999999823        1.9007292878227737E-003
   10.389999999999823        1.8947968565287516E-003
   10.399999999999823        1.8888845451018217E-003
   10.409999999999823        1.8829921936237457E-003
   10.419999999999822        1.8771196434371139E-003
   10.429999999999822        1.8712667371522964E-003
   10.439999999999822        1.8654333186603627E-003
   10.449999999999822        1.8596192331520006E-003
   10.459999999999821        1.8538243271428805E-003
   10.469999999999821        1.8480484485063565E-003
   10.479999999999821        1.8422914465133131E-003
   10.489999999999821        1.8365531718788305E-003
   10.499999999999821        1.8308334768176665E-003
   10.509999999999820        1.8245913146955135E-003
   10.519999999999820        1.8188901624573283E-003
   10.529999999999820        1.8132073859664119E-003
   10.539999999999820        1.8075429012026744E-003
   10.549999999999820        1.8018966274675893E-003
   10.559999999999819        1.7962684873258962E-003
   10.569999999999819        1.7906584065427757E-003
   10.579999999999819        1.7850663140151274E-003
   10.589999999999819        1.7794921416992313E-003
   10.599999999999818        1.7739358245322900E-003
   10.609999999999818        1.7683973003498232E-003
   10.619999999999818        1.7628765097981078E-003
   10.629999999999818        1.7573733962420064E-003
   10.639999999999818        1.7518879056680693E-003
   10.649999999999817        1.7464199865830335E-003
   10.659999999999817        1.7409695899080905E-003
   10.669999999999817        1.7355366688693390E-003
   10.679999999999817        1.7301211788834639E-003
   10.689999999999817        1.7247230774402205E-003
   10.699999999999816        1.7193423239805123E-003
   10.709999999999816        1.7139788797722716E-003
   10.719999999999816        1.7086327077817228E-003
   10.729999999999816        1.7033037725428693E-003
   10.739999999999815        1.6979920400240259E-003
   10.749999999999815        1.6926974774916798E-003
   10.759999999999815        1.6876910964890852E-003
   10.769999999999815        1.6824254983183163E-003
   10.779999999999815        1.6771761351444944E-003
   10.789999999999814        1.6719429652155224E-003
   10.799999999999814        1.6667259501447072E-003
   10.809999999999814        1.6615250549575698E-003
   10.819999999999814        1.6563402481375661E-003
   10.829999999999814        1.6511715016700682E-003
   10.839999999999813        1.6460187910846613E-003
   10.849999999999813        1.6408820954953223E-003
   10.859999999999813        1.6357613976374175E-003
   10.869999999999813        1.6306566839024710E-003
   10.879999999999812        1.6255679443685593E-003
   10.889999999999812        1.6204951728278705E-003
   10.899999999999812        1.6152555601402186E-003
   10.909999999999812        1.6102226010896730E-003
   10.919999999999812        1.6052059985795144E-003
   10.929999999999811        1.6002057330902571E-003
   10.939999999999811        1.5952217855498786E-003
   10.949999999999811        1.5902541372607207E-003
   10.959999999999811        1.5853027698284933E-003
   10.969999999999811        1.5803676650933181E-003
   10.979999999999810        1.5754488050634015E-003
   10.989999999999810        1.5705461718511179E-003
   10.999999999999810        1.5656597476125648E-003
   11.009999999999810        1.5607895144892753E-003
   11.019999999999810        1.5559354545541734E-003
   11.029999999999809        1.5510975497602250E-003
   11.039999999999809        1.5462757818933406E-003
   11.049999999999809        1.5414701325286795E-003
   11.059999999999809        1.5366805829913929E-003
   11.069999999999808        1.5319071143212455E-003
   11.079999999999808        1.5271497072417606E-003
   11.089999999999808        1.5224083421339809E-003
   11.099999999999808        1.5176829990146414E-003
   11.109999999999808        1.5129736575194444E-003
   11.119999999999807        1.5082802968909830E-003
   11.129999999999807        1.5036028959718711E-003
   11.139999999999807        1.4989414332029197E-003
   11.149999999999807        1.4941808694368204E-003
   11.159999999999807        1.4895476315234706E-003
   11.169999999999806        1.4849308356447404E-003
   11.179999999999806        1.4803305103191222E-003
   11.189999999999806        1.4757466845014106E-003
   11.199999999999806        1.4711793874708345E-003
   11.209999999999805        1.4666286487154240E-003
   11.219999999999805        1.4620944978127113E-003
   11.229999999999805        1.4575769643067294E-003
   11.239999999999805        1.4530760775817355E-003
   11.249999999999805        1.4485918667322599E-003
   11.259999999999804        1.4441243604301642E-003
   11.269999999999804        1.4396735867885204E-003
   11.279999999999804        1.4352395732227109E-003
   11.289999999999804        1.4307824591188009E-003
   11.299999999999804        1.4263732392493602E-003
   11.309999999999803        1.4219799321347351E-003
   11.319999999999803        1.4176025277836232E-003
   11.329999999999803        1.4132410159329938E-003
   11.339999999999803        1.4088953860566919E-003
   11.349999999999802        1.4045656273758379E-003
   11.359999999999802        1.4002517288710303E-003
   11.369999999999802        1.3959536792962344E-003
   11.379999999999802        1.3916714671942262E-003
   11.389999999999802        1.3874050809134951E-003
   11.399999999999801        1.3831545086263617E-003
   11.409999999999801        1.3789197383484138E-003
   11.419999999999801        1.3747007579588320E-003
   11.429999999999801        1.3704975552214973E-003
   11.439999999999801        1.3663101178070726E-003
   11.449999999999800        1.3621384333152408E-003
   11.459999999999800        1.3579824892974734E-003
   11.469999999999800        1.3538422732799400E-003
   11.479999999999800        1.3497177727862871E-003
   11.489999999999799        1.3456089753601985E-003
   11.499999999999799        1.3415158685874816E-003
   11.509999999999799        1.3374384401173623E-003
   11.519999999999799        1.3333766776832585E-003
   11.529999999999799        1.3293305691219489E-003
   11.539999999999798        1.3253001023916244E-003
   11.549999999999798        1.3214943007917842E-003
   11.559999999999798        1.3175115154168296E-003
   11.569999999999798        1.3135447999457414E-003
   11.579999999999798        1.3095941193720143E-003
   11.589999999999797        1.3056594363911307E-003
   11.599999999999797        1.3017407113765688E-003
   11.609999999999797        1.2978379023604750E-003
   11.619999999999797        1.2939509650191448E-003
   11.629999999999797        1.2900798526629315E-003
   11.639999999999796        1.2862245162313512E-003
   11.649999999999796        1.2823849042935089E-003
   11.659999999999796        1.2785609630538849E-003
   11.669999999999796        1.2747526363630884E-003
   11.679999999999795        1.2709598657353238E-003
   11.689999999999795        1.2667840378151498E-003
   11.699999999999795        1.2630065648624347E-003
   11.709999999999795        1.2592444367933726E-003
   11.719999999999795        1.2554976218559545E-003
   11.729999999999794        1.2517660875313494E-003
   11.739999999999794        1.2480498005220987E-003
   11.749999999999794        1.2443487267400476E-003
   11.759999999999794        1.2406628312929490E-003
   11.769999999999794        1.2369920784685540E-003
   11.779999999999793        1.2333364317188625E-003
   11.789999999999793        1.2296958536415310E-003
   11.799999999999793        1.2260703059609381E-003
   11.809999999999793        1.2224597495068934E-003
   11.819999999999792        1.2188641441922780E-003
   11.829999999999792        1.2152834489892348E-003
   11.839999999999792        1.2117176219031932E-003
   11.849999999999792        1.2081666199464415E-003
   11.859999999999792        1.2046303991088640E-003
   11.869999999999791        1.2011089143285686E-003
   11.879999999999791        1.1976021194601480E-003
   11.889999999999791        1.1941099672418049E-003
   11.899999999999791        1.1906324092609793E-003
   11.909999999999791        1.1871693959192456E-003
   11.919999999999790        1.1837208763952950E-003
   11.929999999999790        1.1802867986071774E-003
   11.939999999999790        1.1768671091732718E-003
   11.949999999999790        1.1737184523506734E-003
   11.959999999999789        1.1703263499014730E-003
   11.969999999999789        1.1669478627035451E-003
   11.979999999999789        1.1635829128051520E-003
   11.989999999999789        1.1602314219950963E-003
   11.999999999999789        1.1568933118814430E-003
   12.009999999999788        1.1535685039722830E-003
   12.019999999999788        1.1502569197564400E-003
   12.029999999999788        1.1469584807860304E-003
   12.039999999999788        1.1436731087585508E-003
   12.049999999999788        1.1404007255997699E-003
   12.059999999999787        1.1371412535465071E-003
   12.069999999999787        1.1338946152297281E-003
   12.079999999999787        1.1306607337564212E-003
   12.089999999999787        1.1274395327918229E-003
   12.099999999999786        1.1240284669854861E-003
   12.109999999999786        1.1208371093321240E-003
   12.119999999999786        1.1176586036859934E-003
   12.129999999999786        1.1144928680764845E-003
   12.139999999999786        1.1113398195041397E-003
   12.149999999999785        1.1081993739466692E-003
   12.159999999999785        1.1050714463659468E-003
   12.169999999999785        1.1019559507163754E-003
   12.179999999999785        1.0988527999539113E-003
   12.189999999999785        1.0957619060470857E-003
   12.199999999999784        1.0926831799888547E-003
   12.209999999999784        1.0896165318102127E-003
   12.219999999999784        1.0865618705953664E-003
   12.229999999999784        1.0835191044984286E-003
   12.239999999999783        1.0804881407619571E-003
   12.249999999999783        1.0774688857374543E-003
   12.259999999999783        1.0744612449075772E-003
   12.269999999999783        1.0714651229105101E-003
   12.279999999999783        1.0684804235665233E-003
   12.289999999999782        1.0655070499064859E-003
   12.299999999999782        1.0625449042028974E-003
   12.309999999999782        1.0595938880032171E-003
   12.319999999999782        1.0566539021654468E-003
   12.329999999999782        1.0537248468965460E-003
   12.339999999999781        1.0508066217930114E-003
   12.349999999999781        1.0478991258845182E-003
   12.359999999999781        1.0449128700926594E-003
   12.369999999999781        1.0420208009019214E-003
   12.379999999999781        1.0391393763578799E-003
   12.389999999999780        1.0362685276429453E-003
   12.399999999999780        1.0334081866118271E-003
   12.409999999999780        1.0305582857895877E-003
   12.419999999999780        1.0277187583667300E-003
   12.429999999999779        1.0248895381914720E-003
   12.439999999999779        1.0220705597588952E-003
   12.449999999999779        1.0192617581973266E-003
   12.459999999999779        1.0164630692515975E-003
   12.469999999999779        1.0136744292633998E-003
   12.479999999999778        1.0108957751486668E-003
   12.489999999999778        1.0081270443720457E-003
   12.499999999999778        1.0053681749184159E-003
   12.509999999999778        1.0026180964564503E-003
   12.519999999999778        9.9987553621537018E-004
   12.529999999999777        9.9714208697467173E-004
   12.539999999999777        9.9441766110926633E-004
   12.549999999999777        9.9170217159698371E-004
   12.559999999999777        9.8899553206590902E-004
   12.569999999999776        9.8629765684227861E-004
   12.579999999999776        9.8360846099886383E-004
   12.589999999999776        9.8092786040384077E-004
   12.599999999999776        9.7825577177001783E-004
   12.609999999999776        9.7559211270440262E-004
   12.619999999999775        9.7293680175806866E-004
   12.629999999999775        9.7028975847614045E-004
   12.639999999999775        9.6765090344794408E-004
   12.649999999999775        9.6502015835706273E-004
   12.659999999999775        9.6239744603146484E-004
   12.669999999999774        9.5978269049326614E-004
   12.679999999999774        9.5717581700846901E-004
   12.689999999999774        9.5457675213605478E-004
   12.699999999999774        9.5198542377680599E-004
   12.709999999999773        9.4940176122135949E-004
   12.719999999999773        9.4682569519771514E-004
   12.729999999999773        9.4425715791771406E-004
   12.739999999999773        9.4169608312280671E-004
   12.749999999999773        9.3914240612842344E-004
   12.759999999999772        9.3659606386741975E-004
   12.769999999999772        9.3413945785826287E-004
   12.779999999999772        9.3161821616867817E-004
   12.789999999999772        9.2910458105660890E-004
   12.799999999999772        9.2659848997282668E-004
   12.809999999999771        9.2409988063692650E-004
   12.819999999999771        9.2160869102603194E-004
   12.829999999999771        9.1912485936439703E-004
   12.839999999999771        9.1664832411390883E-004
   12.849999999999770        9.1417902396592190E-004
   12.859999999999770        9.1171689783382326E-004
   12.869999999999770        9.0926188484730217E-004
   12.879999999999770        9.0681392434792483E-004
   12.889999999999770        9.0437295588616457E-004
   12.899999999999769        9.0193891922011574E-004
   12.909999999999769        8.9951175431619813E-004
   12.919999999999769        8.9709140135151423E-004
   12.929999999999769        8.9440337389428348E-004
   12.939999999999769        8.9198393102751577E-004
   12.949999999999768        8.8957096704597944E-004
   12.959999999999768        8.8716444362216555E-004
   12.969999999999768        8.8476432382915936E-004
   12.979999999999768        8.8237057213807449E-004
   12.989999999999768        8.7998315441425480E-004
   12.999999999999767        8.7760203791114287E-004
   13.009999999999767        8.7522719126288716E-004
   13.019999999999767        8.7285858447450179E-004
   13.029999999999767        8.7049618891085810E-004
   13.039999999999766        8.6813997728306727E-004
   13.049999999999766        8.6578992363354318E-004
   13.059999999999766        8.6344600331854740E-004
   13.069999999999766        8.6110819298923264E-004
   13.079999999999766        8.5877647057082548E-004
   13.089999999999765        8.5645081523906780E-004
   13.099999999999765        8.5413120739577433E-004
   13.109999999999765        8.5181762864157092E-004
   13.119999999999765        8.4951006174695839E-004
   13.129999999999765        8.4720849062175829E-004
   13.139999999999764        8.4491290028215760E-004
   13.149999999999764        8.4262327681604190E-004
   13.159999999999764        8.4033960734674609E-004
   13.169999999999764        8.3806187999456178E-004
   13.179999999999763        8.3579008383656268E-004
   13.189999999999763        8.3374492160120765E-004
   13.199999999999763        8.3148708302636649E-004
   13.209999999999763        8.2923477715758295E-004
   13.219999999999763        8.2698797763603262E-004
   13.229999999999762        8.2474665919020558E-004
   13.239999999999762        8.2251079765810118E-004
   13.249999999999762        8.2028037001033406E-004
   13.259999999999762        8.1805535437341173E-004
   13.269999999999762        8.1583573005343567E-004
   13.279999999999761        8.1362147756047613E-004
   13.289999999999761        8.1141257863261997E-004
   13.299999999999761        8.0920901626059213E-004
   13.309999999999761        8.0701077471249461E-004
   13.319999999999760        8.0481783955835859E-004
   13.329999999999760        8.0263019769466547E-004
   13.339999999999760        8.0044783736877840E-004
   13.349999999999760        7.9827074820298309E-004
   13.359999999999760        7.9589550196586473E-004
   13.369999999999759        7.9373089557018147E-004
   13.379999999999759        7.9157187249862134E-004
   13.389999999999759        7.8941842921753441E-004
   13.399999999999759        7.8727056258859340E-004
   13.409999999999759        7.8512826983771441E-004
   13.419999999999758        7.8299154852371085E-004
   13.429999999999758        7.8086039650741954E-004
   13.439999999999758        7.7873481192084035E-004
   13.449999999999758        7.7661479313653823E-004
   13.459999999999757        7.7450033873753044E-004
   13.469999999999757        7.7239144748724006E-004
   13.479999999999757        7.7028811830043417E-004
   13.489999999999757        7.6819035021417816E-004
   13.499999999999757        7.6609814235990771E-004
   13.509999999999756        7.6401149393576467E-004
   13.519999999999756        7.6193040418013670E-004
   13.529999999999756        7.5985487234569668E-004
   13.539999999999756        7.5778489767458349E-004
   13.549999999999756        7.5572047937445797E-004
   13.559999999999755        7.5366161659587688E-004
   13.569999999999755        7.5160830841040915E-004
   13.579999999999755        7.4956055379045775E-004
   13.589999999999755        7.4751835158993443E-004
   13.599999999999755        7.4548170052661229E-004
   13.609999999999754        7.4345059916580084E-004
   13.619999999999754        7.4137835502985545E-004
   13.629999999999754        7.3935247307977639E-004
   13.639999999999754        7.3733213391989779E-004
   13.649999999999753        7.3531735469508090E-004
   13.659999999999753        7.3330815321435863E-004
   13.669999999999753        7.3130454792586972E-004
   13.679999999999753        7.2930655789049475E-004
   13.689999999999753        7.2731420275406740E-004
   13.699999999999752        7.2532750271800633E-004
   13.709999999999752        7.2334647850876271E-004
   13.719999999999752        7.2137115134551571E-004
   13.729999999999752        7.1940154290661804E-004
   13.739999999999752        7.1743767529452713E-004
   13.749999999999751        7.1547957099910334E-004
   13.759999999999751        7.1352725285969373E-004
   13.769999999999751        7.1158074402557288E-004
   13.779999999999751        7.0964006791494243E-004
   13.789999999999750        7.0771430074649728E-004
   13.799999999999750        7.0578534359296951E-004
   13.809999999999750        7.0386198336124233E-004
   13.819999999999750        7.0194422428017421E-004
   13.829999999999750        7.0003207050599791E-004
   13.839999999999749        6.9812552612100089E-004
   13.849999999999749        6.9622459513316894E-004
   13.859999999999749        6.9432928147664845E-004
   13.869999999999749        6.9243958901311008E-004
   13.879999999999749        6.9055552153394139E-004
   13.889999999999748        6.8867708276321225E-004
   13.899999999999748        6.8680427636162689E-004
   13.909999999999748        6.8493710593102767E-004
   13.919999999999748        6.8307557501989043E-004
   13.929999999999747        6.8121968712939467E-004
   13.939999999999747        6.7936944572033605E-004
   13.949999999999747        6.7752485422060212E-004
   13.959999999999747        6.7568591603336383E-004
   13.969999999999747        6.7385263454588140E-004
   13.979999999999746        6.7202501313879076E-004
   13.989999999999746        6.7020305519599672E-004
   13.999999999999746        6.6838676411499153E-004
   14.009999999999746        6.6657614331759422E-004
   14.019999999999746        6.6477119626107898E-004
   14.029999999999745        6.6297192644956555E-004
   14.039999999999745        6.6117833744576643E-004
   14.049999999999745        6.5939043288279638E-004
   14.059999999999745        6.5761648471366642E-004
   14.069999999999744        6.5584608062570595E-004
   14.079999999999744        6.5408173086306748E-004
   14.089999999999744        6.5232344077494455E-004
   14.099999999999744        6.5057121497851369E-004
   14.109999999999744        6.4882505733400517E-004
   14.119999999999743        6.4708497092053996E-004
   14.129999999999743        6.4535095801274633E-004
   14.139999999999743        6.4362302005816310E-004
   14.149999999999743        6.4190115765562928E-004
   14.159999999999743        6.4018537053461421E-004
   14.169999999999742        6.3847565753560680E-004
   14.179999999999742        6.3677201659159102E-004
   14.189999999999742        6.3507444471074545E-004
   14.199999999999742        6.3338293796025378E-004
   14.209999999999742        6.3169749145165505E-004
   14.219999999999741        6.3001809932736121E-004
   14.229999999999741        6.2817430498769212E-004
   14.239999999999741        6.2649789719051974E-004
   14.249999999999741        6.2482732389360421E-004
   14.259999999999740        6.2316258522755643E-004
   14.269999999999740        6.2150368111038644E-004
   14.279999999999740        6.1985061124567487E-004
   14.289999999999740        6.1820337512065893E-004
   14.299999999999740        6.1656197200348742E-004
   14.309999999999739        6.1492640094058023E-004
   14.319999999999739        6.1329666075318312E-004
   14.329999999999739        6.1167275003376118E-004
   14.339999999999739        6.1005466714159952E-004
   14.349999999999739        6.0844241019827839E-004
   14.359999999999738        6.0683597708231654E-004
   14.369999999999738        6.0523536542331105E-004
   14.379999999999738        6.0364057259583361E-004
   14.389999999999738        6.0205159571211032E-004
   14.399999999999737        6.0046843161476622E-004
   14.409999999999737        5.9889107686841934E-004
   14.419999999999737        5.9731952775093227E-004
   14.429999999999737        5.9575378024397379E-004
   14.439999999999737        5.9419383002275714E-004
   14.449999999999736        5.9263967244518596E-004
   14.459999999999736        5.9109130254047712E-004
   14.469999999999736        5.8954871499686549E-004
   14.479999999999736        5.8801190414868414E-004
   14.489999999999736        5.8648086396291901E-004
   14.499999999999735        5.8512494548380758E-004
   14.509999999999735        5.8360874494807783E-004
   14.519999999999735        5.8209809788432952E-004
   14.529999999999735        5.8059298200765336E-004
   14.539999999999734        5.7909337455640665E-004
   14.549999999999734        5.7759925231229523E-004
   14.559999999999734        5.7611059162215547E-004
   14.569999999999734        5.7462736841989233E-004
   14.579999999999734        5.7314955824995094E-004
   14.589999999999733        5.7167713629110593E-004
   14.599999999999733        5.7021007738135635E-004
   14.609999999999733        5.6874835604327190E-004
   14.619999999999733        5.6729194651075957E-004
   14.629999999999733        5.6584082275534450E-004
   14.639999999999732        5.6439495851445516E-004
   14.649999999999732        5.6295432731912607E-004
   14.659999999999732        5.6151890252319116E-004
   14.669999999999732        5.6008865733213808E-004
   14.679999999999731        5.5847993601412555E-004
   14.689999999999731        5.5705987609033574E-004
   14.699999999999731        5.5564515508524587E-004
   14.709999999999731        5.5423575101245571E-004
   14.719999999999731        5.5283164137113518E-004
   14.729999999999730        5.5143280314204845E-004
   14.739999999999730        5.5003921278387082E-004
   14.749999999999730        5.4865084622947335E-004
   14.759999999999730        5.4726767888244748E-004
   14.769999999999730        5.4588968561383798E-004
   14.779999999999729        5.4451684075900136E-004
   14.789999999999729        5.4314911811489605E-004
   14.799999999999729        5.4178649093740048E-004
   14.809999999999729        5.4042893193911510E-004
   14.819999999999729        5.3907641328743085E-004
   14.829999999999728        5.3772890660305414E-004
   14.839999999999728        5.3638638295877106E-004
   14.849999999999728        5.3504881287866010E-004
   14.859999999999728        5.3371616633809461E-004
   14.869999999999727        5.3238841276377277E-004
   14.879999999999727        5.3106552103459280E-004
   14.889999999999727        5.2974745948308484E-004
   14.899999999999727        5.2843419589724226E-004
   14.909999999999727        5.2712569752316437E-004
   14.919999999999726        5.2582193106850516E-004
   14.929999999999726        5.2452286270622105E-004
   14.939999999999726        5.2322845807959979E-004
   14.949999999999726        5.2192713440652914E-004
   14.959999999999726        5.2063718200198673E-004
   14.969999999999725        5.1935169361059174E-004
   14.979999999999725        5.1807064257194230E-004
   14.989999999999725        5.1679400238068647E-004
   14.999999999999725        5.1552174669664366E-004
