   9.99999978E-03   659.72870897908967     
   1.99999996E-02   653.60180276700692     
   2.99999993E-02   647.62741610301464     
   3.99999991E-02   641.79807035632075     
   5.00000007E-02   636.10682720368868     
   5.99999987E-02   630.54723783179372     
   7.00000003E-02   625.11329796976065     
   7.99999982E-02   619.79940796707183     
   9.00000036E-02   614.60033725255983     
  0.100000001       609.51119261004669     
  0.109999999       604.52738978924276     
  0.119999997       599.64462803988192     
  0.129999995       594.85886721525708     
  0.140000001       590.16630714028906     
  0.150000006       585.56336898064728     
  0.159999996       581.04667838451519     
  0.170000002       576.61305019844167     
  0.180000007       572.25947458419330     
  0.189999998       567.98310438531598     
  0.200000003       563.78124361084258     
  0.209999993       559.65133691969720     
  0.219999999       555.59096000326531     
  0.230000004       551.59781077565049     
  0.239999995       547.66970129158801     
  0.250000000       543.80455032109637     
  0.259999990       540.00037651786499     
  0.270000011       536.25529212533661     
  0.280000001       532.56749717049604     
  0.289999992       528.93527410072966     
  0.300000012       525.35698282380849     
  0.310000002       521.83105611518590     
  0.319999993       518.35599536045811     
  0.330000013       514.93036660407074     
  0.340000004       511.55279687822514     
  0.349999994       508.22197078848330     
  0.360000014       504.93662733483757     
  0.370000005       501.69555694903806     
  0.379999995       498.49759873076124     
  0.389999986       495.34163786683501     
  0.400000006       492.22660321915941     
  0.409999996       489.15146506827278     
  0.419999987       486.11523300067029     
  0.430000007       483.11695392902823     
  0.439999998       480.15571023543157     
  0.449999988       477.23061802854988     
  0.460000008       474.34082550648168     
  0.469999999       471.48551141766711     
  0.479999989       468.66388361291462     
  0.490000010       465.87517768214576     
  0.500000000       463.11865566998011     
  0.509999990       460.39360486475783     
  0.519999981       457.69933665602042     
  0.529999971       455.03518545585843     
  0.540000021       452.40050767989499     
  0.550000012       449.79468078399179     
  0.560000002       447.21710235306568     
  0.569999993       444.66718923866637     
  0.579999983       442.14437674222717     
  0.589999974       439.64811784110924     
  0.600000024       437.17788245478698     
  0.610000014       434.73315674869707     
  0.620000005       432.31344247346095     
  0.629999995       429.91825633734408     
  0.639999986       427.54712940996933     
  0.649999976       425.19960655543417     
  0.660000026       422.87524589311278     
  0.670000017       420.57361828453509     
  0.680000007       418.29430684484549     
  0.689999998       416.03690647744230     
  0.699999988       413.80102343049469     
  0.709999979       411.58627487411070     
  0.720000029       409.39228849701556     
  0.730000019       407.21870212167289     
  0.740000010       405.06516333684419     
  0.750000000       402.93132914664727     
  0.759999990       400.81686563523630     
  0.769999981       398.72144764627404     
  0.779999971       396.64475847642200     
  0.790000021       394.58648958211967     
  0.800000012       392.54634029896715     
  0.810000002       390.52401757306910     
  0.819999993       388.51923570373134     
  0.829999983       386.53171609694175     
  0.839999974       384.56118702909657     
  0.850000024       382.60738342046727     
  0.860000014       380.67004661792811     
  0.870000005       378.74892418649682     
  0.879999995       376.84376970926263     
  0.889999986       374.95434259529668     
  0.899999976       373.08040789517236     
  0.910000026       371.22173612373160     
  0.920000017       369.37810308976060     
  0.930000007       367.54928973225452     
  0.939999998       365.73508196296802     
  0.949999988       363.93527051496380     
  0.959999979       362.14965079688716     
  0.970000029       360.37802275271076     
  0.980000019       358.62019072670205     
  0.990000010       356.87596333338593     
   1.00000000       355.14515333227814     
   1.00999999       353.42757750718545     
   1.01999998       351.72305654987088     
   1.02999997       350.03141494789850     
   1.03999996       348.35248087647830     
   1.04999995       346.68608609414014     
   1.05999994       345.03206584207703     
   1.07000005       343.39025874700354     
   1.08000004       341.76050672738256     
   1.09000003       340.14265490288204     
   1.10000002       338.53655150692936     
   1.11000001       336.94204780223532     
   1.12000000       335.35899799917144     
   1.13000000       333.78725917688109     
   1.13999999       332.22669120701875     
   1.14999998       330.67715668001262     
   1.15999997       329.13852083374951     
   1.16999996       327.61065148458800     
   1.17999995       326.09341896061227     
   1.19000006       324.58669603703311     
   1.20000005       323.09035787366059     
   1.21000004       321.60428195436714     
   1.22000003       320.12834802846237     
   1.23000002       318.66243805391252     
   1.24000001       317.20643614233137     
   1.25000000       315.76022850568114     
   1.25999999       314.32370340461347     
   1.26999998       312.89675109839857     
   1.27999997       311.47926379637590     
   1.28999996       310.07113561087903     
   1.29999995       308.67226251157490     
   1.30999994       307.28254228117140     
   1.32000005       305.90187447244102     
   1.33000004       304.53016036651763     
   1.34000003       303.16730293241653     
   1.35000002       301.81320678774068     
   1.36000001       300.46777816052617     
   1.37000000       299.13092485219198     
   1.38000000       297.80255620155287     
   1.38999999       296.48258304986069     
   1.39999998       295.17091770683885     
   1.40999997       293.86747391767500     
   1.41999996       292.57216683094225     
   1.42999995       291.28491296741447     
   1.44000006       290.00563018974862     
   1.45000005       288.73423767300483     
   1.46000004       287.47065587597473     
   1.47000003       286.21480651329529     
   1.48000002       284.96661252831728     
   1.49000001       283.72599806671042     
   1.50000000       282.49288845077433     
   1.50999999       281.26721015443940     
   1.51999998       280.04889077893017     
   1.52999997       278.83785902907431     
   1.53999996       277.63404469023300     
   1.54999995       276.43737860583678     
   1.55999994       275.24779265550524     
   1.57000005       274.06521973373469     
   1.58000004       272.88959372913365     
   1.59000003       271.72084950419168     
   1.60000002       270.55892287556378     
   1.61000001       269.40375059485513     
   1.62000000       268.25527032989169     
   1.63000000       267.11342064645987     
   1.63999999       265.97814099050476     
   1.64999998       264.84937167076833     
   1.65999997       263.72705384186054     
   1.66999996       262.61112948774439     
   1.67999995       261.50154140562785     
   1.69000006       260.39823319024720     
   1.70000005       259.30114921853186     
   1.71000004       258.21023463464201     
   1.72000003       257.12543533536075     
   1.73000002       256.04669795584141     
   1.74000001       254.97396985568957     
   1.75000000       253.90719910537749     
   1.75999999       252.84633447297804     
   1.76999998       251.79132541120941     
   1.77999997       250.74212204478297     
   1.78999996       249.69867515804597     
   1.79999995       248.66093618290785     
   1.80999994       247.62885718704823     
   1.82000005       246.60239086239108     
   1.83000004       245.58149051384595     
   1.84000003       244.56611004830168     
   1.85000002       243.55620396387073     
   1.86000001       242.55172733937599     
   1.87000000       241.55263582407170     
   1.88000000       240.55888562759418     
   1.88999999       239.57043351013721     
   1.89999998       238.58723677284212     
   1.90999997       237.60925324840156     
   1.91999996       236.63644129186761     
   1.92999995       235.66875977166231     
   1.94000006       234.70616806078081     
   1.95000005       233.74862602818772     
   1.96000004       232.79609403039558     
   1.97000003       231.84853290322744     
   1.98000002       230.90590395375210     
   1.99000001       229.96816895239260     
   2.00000000       229.03529012520085     
   2.00999999       228.10723014629579     
   2.01999998       227.18395213045969     
   2.02999997       226.26541962588968     
   2.03999996       225.35159660709871     
   2.04999995       224.44244746796616     
   2.05999994       223.53793701492896     
   2.06999993       222.63803046031472     
   2.07999992       221.74269341581038     
   2.08999991       220.85189188606427     
   2.09999990       219.96559226241723     
   2.10999990       219.08376131676198     
   2.11999989       218.20636619552451     
   2.13000011       217.33337441376665     
   2.14000010       216.46475384940689     
   2.15000010       215.60047273755586     
   2.16000009       214.74049966496295     
   2.17000008       213.88480356457455     
   2.18000007       213.03335371019656     
   2.19000006       212.18611971126424     
   2.20000005       211.34307150771164     
   2.21000004       210.50417936494131     
   2.22000003       209.66941386889192     
   2.23000002       208.83874592120043     
   2.24000001       208.01214673445671     
   2.25000000       207.18958782754919     
   2.25999999       206.37104102109927     
   2.26999998       205.55647843298195     
   2.27999997       204.74587247393129     
   2.28999996       203.93919584322799     
   2.29999995       203.13642152446923     
   2.30999994       202.33752278141523     
   2.31999993       201.54247315391561     
   2.32999992       200.75124645390900     
   2.33999991       199.96381676149781     
   2.34999990       199.18015842109503     
   2.35999990       198.40024603764081     
   2.36999989       197.62405447288916     
   2.38000011       196.85155884176149     
   2.39000010       196.08273450876629     
   2.40000010       195.31755708448372     
   2.41000009       194.55600242211304     
   2.42000008       193.79804661408210     
   2.43000007       193.04366598871701     
   2.44000006       192.29283710697180     
   2.45000005       191.54553675921514     
   2.46000004       190.80174196207443     
   2.47000003       190.06142995533446     
   2.48000002       189.32457819889206     
   2.49000001       188.59116436976203     
   2.50000000       187.86116635913692     
   2.50999999       187.13456226949592     
   2.51999998       186.41133041176553     
   2.52999997       185.69144930252799     
   2.53999996       184.97489766127762     
   2.54999995       184.26165440772456     
   2.55999994       183.55169865914388     
   2.56999993       182.84500972777039     
   2.57999992       182.14156711823614     
   2.58999991       181.44135052505331     
   2.59999990       180.74433983013665     
   2.60999990       180.05051510036958     
   2.61999989       179.35985658521014     
   2.63000011       178.67234471433608     
   2.64000010       177.98796009532961     
   2.65000010       177.30668351140068     
   2.66000009       176.62849591914681     
   2.67000008       175.95337844635023     
   2.68000007       175.28131238981064     
   2.69000006       174.61227921321384     
   2.70000005       173.94626054503416     
   2.71000004       173.28323817647114     
   2.72000003       172.62319405941986     
   2.73000002       171.96611030447295     
   2.74000001       171.31196917895551     
   2.75000000       170.66075310499048     
   2.75999999       170.01244465759578     
   2.76999998       169.36702656281079     
   2.77999997       168.72448169585240     
   2.78999996       168.08479307930048     
   2.79999995       167.44794388131211     
   2.80999994       166.81391741386247     
   2.81999993       166.18269713101475     
   2.82999992       165.55426662721504     
   2.83999991       164.92860963561625     
   2.84999990       164.30571002642466     
   2.85999990       163.68555180527463     
   2.86999989       163.06811911162671     
   2.88000011       162.45339621719106     
   2.89000010       161.84136752437382     
   2.90000010       161.23201756474805     
   2.91000009       160.62533099754788     
   2.92000008       160.02129260818415     
   2.93000007       159.41988730678364     
   2.94000006       158.82110012674994     
   2.95000005       158.22491622334479     
   2.96000004       157.63132087229212     
   2.97000003       157.04029946840180     
   2.98000002       156.45183752421380     
   2.99000001       155.86592066866254     
   3.00000000       155.28253464576105     
   3.00999999       154.70166531330403     
   3.01999998       154.12329864159008     
   3.02999997       153.54742071216270     
   3.03999996       152.97401771656882     
   3.04999995       152.40307595513661     
   3.05999994       151.83458183576946     
   3.06999993       151.26852187275836     
   3.07999992       150.70488268561064     
   3.08999991       150.14365099789640     
   3.09999990       149.58481363610983     
   3.10999990       149.02835752854816     
   3.11999989       148.47426970420602     
   3.13000011       147.92253729168468     
   3.14000010       147.37314751811803     
   3.15000010       146.82608770811240     
   3.16000009       146.28134528270186     
   3.17000008       145.73890775831774     
   3.18000007       145.19876274577280     
   3.19000006       144.66089794925946     
   3.20000005       144.12530116536118     
   3.21000004       143.59196028207887     
   3.22000003       143.06086327786898     
   3.23000002       142.53199822069629     
   3.24000001       142.00535326709851     
   3.25000000       141.48091666126413     
   3.25999999       140.95867673412309     
   3.26999998       140.43862190244877     
   3.27999997       139.92074066797301     
   3.28999996       139.40502161651310     
   3.29999995       138.89145341710923     
   3.30999994       138.38002482117537     
   3.31999993       137.87072466165930     
   3.32999992       137.36354185221634     
   3.33999991       136.85846538639134     
   3.34999990       136.35548433681362     
   3.35999990       135.85458785440156     
   3.36999989       135.35576516757729     
   3.38000011       134.85900558149274     
   3.39000010       134.36429847726515     
   3.40000010       133.87163331122198     
   3.41000009       133.38099961415730     
   3.42000008       132.89238699059567     
   3.43000007       132.40578511806723     
   3.44000006       131.92118374639148     
   3.45000005       131.43857269697014     
   3.46000004       130.95794186208911     
   3.47000003       130.47928120422972     
   3.48000002       130.00258075538815     
   3.49000001       129.52783061640426     
   3.50000000       129.05502095629760     
   3.50999999       128.58414201161361     
   3.51999998       128.11518408577649     
   3.52999997       127.64813754845109     
   3.53999996       127.18299283491220     
   3.54999995       126.71974044542230     
   3.55999994       126.25837094461656     
   3.56999993       125.79887496089550     
   3.57999992       125.34124318582600     
   3.58999991       124.88546637354800     
   3.59999990       124.43153534019035     
   3.60999990       123.97944096329289     
   3.61999989       123.52917418123513     
   3.63000011       123.08072599267327     
   3.64000010       122.63408745598264     
   3.65000010       122.18924968870822     
   3.66000009       121.74620386702028     
   3.67000008       121.30494122517818     
   3.68000007       120.86545305499959     
   3.69000006       120.42773070533642     
   3.70000005       119.99176558155699     
   3.71000004       119.55754914503423     
   3.72000003       119.12507291264066     
   3.73000002       118.69432845624785     
   3.74000001       118.26530740223379     
   3.75000000       117.83800143099445     
   3.75999999       117.41240227646190     
   3.76999998       116.98850172562788     
   3.77999997       116.56629161807265     
   3.78999996       116.14576384550051     
   3.79999995       115.72691035127886     
   3.80999994       115.30972312998433     
   3.81999993       114.89419422695306     
   3.82999992       114.48031573783668     
   3.83999991       114.06807980816367     
   3.84999990       113.65747863290480     
   3.85999990       113.24850445604453     
   3.86999989       112.84114957015677     
   3.88000011       112.43540631598590     
   3.89000010       112.03126708203210     
   3.90000010       111.62872430414103     
   3.91000009       111.22777046510009     
   3.92000008       110.82839809423615     
   3.93000007       110.43059976702081     
   3.94000006       110.03436810467814     
   3.95000005       109.63969577379757     
   3.96000004       109.24657548595094     
   3.97000003       108.85499999731391     
   3.98000002       108.46496210829143     
   3.99000001       108.07645466314759     
   4.00000000       107.68947054963920     
   4.01000023       107.30400269865366     
   4.01999998       106.92004408385090     
   4.03000021       106.53758772130895     
   4.03999996       106.15662666917362     
   4.05000019       105.77715402731198     
   4.05999994       105.39916293696925     
   4.07000017       105.02264658043006     
   4.07999992       104.64759818068298     
   4.09000015       104.27401100108828     
   4.09999990       103.90187834505038     
   4.11000013       103.53119355569254     
   4.11999989       103.16195001553604     
   4.13000011       102.79414114618208     
   4.13999987       102.42776040799760     
   4.15000010       102.06280129980401     
   4.15999985       101.69925735856940     
   4.17000008       101.33712215910442     
   4.17999983       100.97638931376044     
   4.19000006       100.61705247213156     
   4.19999981       100.25910532075970     
   4.21000004       99.902541582842829     
   4.21999979       99.547355017945492     
   4.23000002       99.193539421713737     
   4.23999977       98.841088625591624     
   4.25000000       98.489996496541224     
   4.26000023       98.140256936766164     
   4.26999998       97.791863883436605     
   4.28000021       97.444811308418480     
   4.28999996       97.099093218004555     
   4.30000019       96.754703652648502     
   4.30999994       96.411636686702025     
   4.32000017       96.069886428154163     
   4.32999992       95.729447018373492     
   4.34000015       95.390312631853064     
   4.34999990       95.052477475957474     
   4.36000013       94.715935790673043     
   4.36999989       94.380681848360084     
   4.38000011       94.046709953507929     
   4.38999987       93.714014442492129     
   4.40000010       93.382589683334430     
   4.40999985       93.052430075464670     
   4.42000008       92.723530049485788     
   4.42999983       92.395884066940141     
   4.44000006       92.069486620078962     
   4.44999981       91.744332231633919     
   4.46000004       91.420415454590682     
   4.46999979       91.097730871964600     
   4.48000002       90.776273096579317     
   4.48999977       90.456036770846708     
   4.50000000       90.137016566549349     
   4.51000023       89.819207184625185     
   4.51999998       89.502603354953905     
   4.53000021       89.187199836146178     
   4.53999996       88.872991415333459     
   4.55000019       88.559972907961651     
   4.55999994       88.248139157585385     
   4.57000017       87.937485035664650     
   4.57999992       87.628005441363783     
   4.59000015       87.319695301351729     
   4.59999990       87.012549569604630     
   4.61000013       86.706563227210125     
   4.61999989       86.401731282173586     
   4.63000011       86.098048769226111     
   4.63999987       85.795510749634232     
   4.65000010       85.494112311011790     
   4.65999985       85.193848567133003     
   4.67000008       84.894714657748040     
   4.67999983       84.596705748399174     
   4.69000006       84.299817030240177     
   4.69999981       84.004043719855915     
   4.71000004       83.709381059084535     
   4.71999979       83.415824314841032     
   4.73000002       83.123368778942307     
   4.73999977       82.832009767934082     
   4.75000000       82.541742622919259     
   4.76000023       82.252562709387803     
   4.76999998       81.964465417048459     
   4.78000021       81.677446159661343     
   4.78999996       81.391500374873246     
   4.80000019       81.106623524052821     
   4.80999994       80.822811092129044     
   4.82000017       80.540058587429399     
   4.82999992       80.258361541520955     
   4.84000015       79.977715509051905     
   4.84999990       79.698116067595166     
   4.86000013       79.419558817492927     
   4.86999989       79.142039381702759     
   4.88000011       78.865553405645343     
   4.88999987       78.590096557052775     
   4.90000010       78.315664525819514     
   4.90999985       78.042253023853277     
   4.92000008       77.769857784928021     
   4.92999983       77.498474564538114     
   4.94000006       77.228099139753809     
   4.94999981       76.958727309077744     
   4.96000004       76.690354892303134     
   4.96999979       76.422977730372452     
   4.98000002       76.156591685238254     
   4.98999977       75.891192639724849     
   5.00000000       75.626776497390551     
   5.01000023       75.363339182392266     
   5.01999998       75.100876639350304     
   5.03000021       74.839384833214865     
   5.03999996       74.578859749133485     
   5.05000019       74.319297392319655     
   5.05999994       74.060693787922418     
   5.07000017       73.803044980897454     
   5.07999992       73.546347035878910     
   5.09000015       73.290596037052396     
   5.09999990       73.035788088029250     
   5.11000013       72.781919311721580     
   5.11999989       72.528985850218433     
   5.13000011       72.276983864663421     
   5.13999987       72.025909535132655     
   5.15000010       71.775759060514233     
   5.15999985       71.526528658388543     
   5.17000008       71.278214564909774     
   5.17999983       71.030813034687910     
   5.19000006       70.784320340672537     
   5.19999981       70.538732774036504     
   5.21000004       70.294046644061737     
   5.21999979       70.050258278024970     
   5.23000002       69.807364021085192     
   5.23999977       69.565360236171642     
   5.25000000       69.324243303872507     
   5.26000023       69.084009622325198     
   5.26999998       68.844655607106887     
   5.28000021       68.606177691126305     
   5.28999996       68.368572324516080     
   5.30000019       68.131835974526453     
   5.30999994       67.895965125419409     
   5.32000017       67.660956278363827     
   5.32999992       67.426805951331573     
   5.34000015       67.193510678994031     
   5.34999990       66.961067012620262     
   5.36000013       66.729471519975064     
   5.36999989       66.498720785218381     
   5.38000011       66.268811408805462     
   5.38999987       66.039740007387920     
   5.40000010       65.811503213714744     
   5.40999985       65.584097676535706     
   5.42000008       65.357520060503731     
   5.42999983       65.131767046079645     
   5.44000006       64.906835329436333     
   5.44999981       64.682721622364440     
   5.46000004       64.459422652178858     
   5.46999979       64.236935161625325     
   5.48000002       64.015255908788447     
   5.48999977       63.794381666999939     
   5.50000000       63.574309224747815     
   5.51000023       63.355035385586191     
   5.51999998       63.136556968046115     
   5.53000021       62.918870805546341     
   5.53999996       62.701973746305555     
   5.55000019       62.485862653255069     
   5.55999994       62.270534403951707     
   5.57000017       62.055985890492252     
   5.57999992       61.842214019427644     
   5.59000015       61.629215711678384     
   5.59999990       61.416987902450472     
   5.61000013       61.205527541151952     
   5.61999989       60.994831591310025     
   5.63000011       60.784897030488757     
   5.63999987       60.575720850207873     
   5.65000010       60.367300055861300     
   5.65999985       60.159631666637289     
   5.67000008       59.952712715438331     
   5.67999983       59.746540248802198     
   5.69000006       59.541111326823305     
   5.69999981       59.336423023074829     
   5.71000004       59.132472424531315     
   5.71999979       58.929256631491668     
   5.73000002       58.726772757503298     
   5.73999977       58.525017929286058     
   5.75000000       58.323989286657493     
   5.76000023       58.123683982457962     
   5.76999998       57.924099182476894     
   5.78000021       57.725232065379167     
   5.78999996       57.527079822632295     
   5.80000019       57.329639658433912     
   5.80999994       57.132908789640098     
   5.82000017       56.936884445693863     
   5.82999992       56.741563868554472     
   5.84000015       56.546944312627090     
   5.84999990       56.353023044693103     
   5.86000013       56.159797343840467     
   5.86999989       55.967264501395519     
   5.88000011       55.775421820854341     
   5.88999987       55.584266617814777     
   5.90000010       55.393796219909582     
   5.90999985       55.204007966739397     
   5.92000008       55.014899209806217     
   5.92999983       54.826467312447903     
   5.94000006       54.638709649772458     
   5.94999981       54.451623608593408     
   5.96000004       54.265206587364894     
   5.96999979       54.079455996118064     
   5.98000002       53.894369256397376     
   5.98999977       53.709943801197348     
   6.00000000       53.526177074900289     
   6.01000023       53.343066533213474     
   6.01999998       53.160609643108018     
   6.03000021       52.978803882756942     
   6.03999996       52.797646741474658     
   6.05000019       52.617135719656289     
   6.05999994       52.437268328717529     
   6.07000017       52.258042091035179     
   6.07999992       52.079454539887742     
   6.09000015       51.901503219396830     
   6.09999990       51.724185684468317     
   6.11000013       51.547499500734688     
   6.11999989       51.371442244497210     
   6.13000011       51.196011502668888     
   6.13999987       51.021204872717469     
   6.15000010       50.847019962609117     
   6.15999985       50.673454390752255     
   6.17000008       50.500505785941947     
   6.17999983       50.328171787304576     
   6.19000006       50.156450044243030     
   6.19999981       49.985338216382083     
   6.21000004       49.814833973514055     
   6.21999979       49.644934995545292     
   6.23000002       49.475638972442709     
   6.23999977       49.306943604180418     
   6.25000000       49.138846600687252     
   6.26000023       48.971345681794226     
   6.26999998       48.804438577182836     
   6.28000021       48.638123026333020     
   6.28999996       48.472396778471953     
   6.30000019       48.307257592523250     
   6.30999994       48.142703237055926     
   6.32000017       47.978731490234615     
   6.32999992       47.815340139769063     
   6.34000015       47.652526982864913     
   6.34999990       47.490289826174035     
   6.36000013       47.328626485745879     
   6.36999989       47.167534786978635     
   6.38000011       47.007012564570843     
   6.38999987       46.847057662473361     
   6.40000010       46.687667933841901     
   6.40999985       46.528841240989259     
   6.42000008       46.370575455338589     
   6.42999983       46.212868457376231     
   6.44000006       46.055718136605634     
   6.44999981       45.899122391500832     
   6.46000004       45.743079129460860     
   6.46999979       45.587586266763992     
   6.48000002       45.432641728522420     
   6.48999977       45.278243448637468     
   6.50000000       45.124389369754617     
   6.51000023       44.971077443219379     
   6.51999998       44.818305629032878     
   6.53000021       44.666071895808322     
   6.53999996       44.514374220727078     
   6.55000019       44.363210589495658     
   6.55999994       44.212578996302589     
   6.57000017       44.062477443775755     
   6.57999992       43.912903942939771     
   6.59000015       43.763856513173870     
   6.59999990       43.615333182170225     
   6.61000013       43.467331985891725     
   6.61999989       43.319850968531078     
   6.63000011       43.172888182469421     
   6.63999987       43.026441688235550     
   6.65000010       42.880509554465192     
   6.65999985       42.735089857860721     
   6.67000008       42.590180683150955     
   6.67999983       42.445780123051406     
   6.69000006       42.301886278224522     
   6.69999981       42.158497257240398     
   6.71000004       42.015611176537661     
   6.71999979       41.873226160384569     
   6.73000002       41.731340340840184     
   6.73999977       41.589951857716443     
   6.75000000       41.449058858539431     
   6.76000023       41.308659498511751     
   6.76999998       41.168751940474863     
   6.78000021       41.029334354871423     
   6.78999996       40.890404919708239     
   6.80000019       40.751961820519107     
   6.80999994       40.614003250328160     
   6.82000017       40.476527409613176     
   6.82999992       40.339532506269371     
   6.84000015       40.203016755573152     
   6.84999990       40.066978380146438     
   6.86000013       39.931415609920634     
   6.86999989       39.796326682101579     
   6.88000011       39.661709841133991     
   6.88999987       39.527563338666553     
   6.90000010       39.393885433517092     
   6.90999985       39.260674391637956     
   6.92000008       39.127928486081615     
   6.92999983       38.995645996966431     
   6.94000006       38.863825211442716     
   6.94999981       38.732464423658932     
   6.96000004       38.601561934728004     
   6.96999979       38.471116052694079     
   6.98000002       38.341125092499361     
   6.98999977       38.211587375950820     
   7.00000000       38.082501231687750     
   7.01000023       37.953864995149019     
   7.01999998       37.825677008540659     
   7.03000021       37.697935620803584     
   7.03999996       37.570639187581762     
   7.05000019       37.443786071190125     
   7.05999994       37.317374640583125     
   7.07000017       37.191403271323182     
   7.07999992       37.065870345549371     
   7.09000015       36.940774251946358     
   7.09999990       36.816113385713535     
   7.11000013       36.691886148534131     
   7.11999989       36.568090948544906     
   7.13000011       36.444726200305524     
   7.13999987       36.321790324768465     
   7.15000010       36.199281749249003     
   7.15999985       36.077198907395370     
   7.17000008       35.955540239158942     
   7.17999983       35.834304190764911     
   7.19000006       35.713489214682795     
   7.19999981       35.593093769597459     
   7.21000004       35.473116320379859     
   7.21999979       35.353555338058364     
   7.23000002       35.234409299790109     
   7.23999977       35.115676688832359     
   7.25000000       34.997355994514329     
   7.26000023       34.879445712208884     
   7.26999998       34.761944343304485     
   7.28000021       34.644850395177436     
   7.28999996       34.528162381164222     
   7.30000019       34.411878820533751     
   7.30999994       34.295998238460058     
   7.32000017       34.180519165995285     
   7.32999992       34.065440140042227     
   7.34000015       33.950759703327712     
   7.34999990       33.836476404375603     
   7.36000013       33.722588797480341     
   7.36999989       33.609095442680392     
   7.38000011       33.495994905731884     
   7.38999987       33.383285758082465     
   7.40000010       33.270966576845325     
   7.40999985       33.159035944773194     
   7.42000008       33.047492450232625     
   7.42999983       32.936334687178501     
   7.44000006       32.825561255128477     
   7.44999981       32.715170759137614     
   7.46000004       32.605161809773321     
   7.46999979       32.495533023090211     
   7.48000002       32.386283020605333     
   7.48999977       32.277410429273239     
   7.50000000       32.168913881461556     
   7.51000023       32.060792014926207     
   7.51999998       31.953043472787478     
   7.53000021       31.845666903505354     
   7.53999996       31.738660960855736     
   7.55000019       31.632024303906306     
   7.55999994       31.525755596992816     
   7.57000017       31.419853509695354     
   7.57999992       31.314316716814794     
   7.59000015       31.209143898349232     
   7.59999990       31.104333739470960     
   7.61000013       30.999884930502898     
   7.61999989       30.895796166895842     
   7.63000011       30.792066149205450     
   7.63999987       30.688693583069409     
   7.65000010       30.585677179184653     
   7.65999985       30.483015653284994     
   7.67000008       30.380707726118526     
   7.67999983       30.278752123425452     
   7.69000006       30.177147575915594     
   7.69999981       30.075892819246743     
   7.71000004       29.974986594002281     
   7.71999979       29.874427645669606     
   7.73000002       29.774214724618286     
   7.73999977       29.674346586078375     
   7.75000000       29.574821990119162     
   7.76000023       29.475639701627550     
   7.76999998       29.376798490286859     
   7.78000021       29.278297130555639     
   7.78999996       29.180134401646782     
   7.80000019       29.082309087506346     
   7.80999994       28.984819976792956     
   7.82000017       28.887665862856892     
   7.82999992       28.790845543719627     
   7.84000015       28.694357822053316     
   7.84999990       28.598201505160343     
   7.86000013       28.502375404953099     
   7.86999989       28.406878337933726     
   7.88000011       28.311709125174186     
   7.88999987       28.216866592296203     
   7.90000010       28.122349569451416     
   7.90999985       28.028156891301641     
   7.92000008       27.934287396999164     
   7.92999983       27.840739930167313     
   7.94000006       27.747513338880864     
   7.94999981       27.654606475646869     
   7.96000004       27.562018197385171     
   7.96999979       27.469747365409486     
   7.98000002       27.377792845408251     
   7.98999977       27.286153507425659     
   8.00000000       27.194828225842912     
   8.01000023       27.103815879359267     
   8.02000046       27.013115350973600     
   8.02999973       26.922725527965749     
   8.03999996       26.832645301877996     
   8.05000019       26.742873568496840     
   8.06000042       26.653409227834508     
   8.06999969       26.564251184110994     
   8.07999992       26.475398345735808     
   8.09000015       26.386849625290136     
   8.10000038       26.298603939508666     
   8.10999966       26.210660209262134     
   8.11999989       26.123017359539269     
   8.13000011       26.035674319429440     
   8.14000034       25.948630022104773     
   8.14999962       25.861883404803145     
   8.15999985       25.775433408810382     
   8.17000008       25.689278979443230     
   8.18000031       25.603419066032124     
   8.18999958       25.517852621904041     
   8.19999981       25.432578604365478     
   8.21000004       25.347595974685564     
   8.22000027       25.262903698079214     
   8.22999954       25.178500743690314     
   8.23999977       25.094386084575074     
   8.25000000       25.010558697685415     
   8.26000023       24.927017563852548     
   8.27000046       24.843761667770352     
   8.27999973       24.760789997979238     
   8.28999996       24.678101546849767     
   8.30000019       24.595695310566402     
   8.31000042       24.513570289111666     
   8.31999969       24.431725486249775     
   8.32999992       24.350159909510971     
   8.34000015       24.268872570175397     
   8.35000038       24.187862483257643     
   8.35999966       24.107128667490763     
   8.36999989       24.026670145310728     
   8.38000011       23.946485942840880     
   8.39000034       23.866575089876438     
   8.39999962       23.786936619869230     
   8.40999985       23.707569569912067     
   8.42000008       23.628472980723814     
   8.43000031       23.549645896633990     
   8.43999958       23.471087365567875     
   8.44999981       23.392796439031230     
   8.46000004       23.314772172095598     
   8.47000027       23.237013623383241     
   8.47999954       23.159519855052352     
   8.48999977       23.082289932782519     
   8.50000000       23.005322925759760     
   8.51000023       22.928617906662222     
   8.52000046       22.852173951645383     
   8.52999973       22.775990140327814     
   8.53999996       22.700065555776764     
   8.55000019       22.624399284493716     
   8.56000042       22.548990416400361     
   8.56999969       22.473838044824198     
   8.57999992       22.398941266484606     
   8.59000015       22.324299181478754     
   8.60000038       22.249910893267586     
   8.60999966       22.175775508662021     
   8.61999989       22.101892137808989     
   8.63000011       22.028259894177747     
   8.64000034       21.954877894546282     
   8.64999962       21.881745258987358     
   8.65999985       21.808861110855304     
   8.67000008       21.736224576772312     
   8.68000031       21.663834786615070     
   8.68999958       21.591690873501307     
   8.69999981       21.519791973776528     
   8.71000004       21.448137227000846     
   8.72000027       21.376725775935647     
   8.72999954       21.305556766530582     
   8.73999977       21.234629347910420     
   8.75000000       21.163942672362165     
   8.76000023       21.093495895321976     
   8.77000046       21.023288175362456     
   8.77999973       20.953318674179652     
   8.78999996       20.883586556580486     
   8.80000019       20.814090990469897     
   8.81000042       20.744831146838365     
   8.81999969       20.675806199749193     
   8.82999992       20.607015326326106     
   8.84000015       20.538457706740708     
   8.85000038       20.470132524200118     
   8.85999966       20.402038964934693     
   8.86999989       20.334176218185682     
   8.88000011       20.266543476192950     
   8.89000034       20.199139934182963     
   8.89999962       20.131964790356463     
   8.90999985       20.065017245876714     
   8.92000008       19.998296504857215     
   8.93000031       19.931801774349903     
   8.93999958       19.865532264333257     
   8.94999981       19.799487187700464     
   8.96000004       19.733665760247650     
   8.97000027       19.668067200662101     
   8.97999954       19.602690730510673     
   8.98999977       19.537535574228162     
   9.00000000       19.472600959105755     
   9.01000023       19.407886115279460     
   9.02000046       19.343390275718743     
   9.02999973       19.279112676215128     
   9.03999996       19.215052555370718     
   9.05000019       19.151209154587082     
   9.06000042       19.087581718053897     
   9.06999969       19.024169492737848     
   9.07999992       18.960971728371401     
   9.09000015       18.897987677441723     
   9.10000038       18.835216595179759     
   9.10999966       18.772657739549111     
   9.11999989       18.710310371235185     
   9.13000011       18.648173753634257     
   9.14000034       18.586247152842692     
   9.14999962       18.524529837646128     
   9.15999985       18.463021079508753     
   9.17000008       18.401720152562550     
   9.18000031       18.340626333596813     
   9.18999958       18.279738902047391     
   9.19999981       18.219057139986258     
   9.21000004       18.158580332110926     
   9.22000027       18.098307765734134     
   9.22999954       18.038238730773315     
   9.23999977       17.978372519740322     
   9.25000000       17.918708427731069     
   9.26000023       17.859245752415379     
   9.27000046       17.799983794026588     
   9.27999973       17.740921855351580     
   9.28999996       17.682059241720580     
   9.30000019       17.623395260997025     
   9.31000042       17.564929223567610     
   9.31999969       17.506660442332290     
   9.32999992       17.448588232694370     
   9.34000015       17.390711912550543     
   9.35000038       17.333030802281037     
   9.35999966       17.275544224739928     
   9.36999989       17.218251505245266     
   9.38000011       17.161151971569403     
   9.39000034       17.104244953929275     
   9.39999962       17.047529784976852     
   9.40999985       16.991005799789466     
   9.42000008       16.934672335860316     
   9.43000031       16.878528733088970     
   9.43999958       16.822574333771865     
   9.44999981       16.766808482592936     
   9.46000004       16.711230526614205     
   9.47000027       16.655839815266432     
   9.47999954       16.600635700339947     
   9.48999977       16.545617535975186     
   9.50000000       16.490784678653629     
   9.51000023       16.436136487188680     
   9.52000046       16.381672322716323     
   9.52999973       16.327391548686286     
   9.53999996       16.273293530852804     
   9.55000019       16.219377637265687     
   9.56000042       16.165643238261381     
   9.56999969       16.112089706453951     
   9.57999992       16.058716416726281     
   9.59000015       16.005522746221175     
   9.60000038       15.952508074332554     
   9.60999966       15.899671782696663     
   9.61999989       15.847013255183384     
   9.63000011       15.794531877887495     
   9.64000034       15.742227039120039     
   9.64999962       15.690098129399738     
   9.65999985       15.638144541444275     
   9.67000008       15.586365670161896     
   9.68000031       15.534760912642854     
   9.68999958       15.483329668150928     
   9.69999981       15.432071338114996     
   9.71000004       15.380985326120575     
   9.72000027       15.330071037901641     
   9.72999954       15.279327881332076     
   9.73999977       15.228755266417579     
   9.75000000       15.178352605287255     
   9.76000023       15.128119312185504     
   9.77000046       15.078054803463850     
   9.77999973       15.028158497572651     
   9.78999996       14.978429815053188     
   9.80000019       14.928868178529452     
   9.81000042       14.879473012700203     
   9.81999969       14.830243744330820     
   9.82999992       14.781179802245498     
   9.84000015       14.732280617319217     
   9.85000038       14.683545622469856     
   9.85999966       14.634974252650345     
   9.86999989       14.586565944840791     
   9.88000011       14.538320138040779     
   9.89000034       14.490236273261436     
   9.89999962       14.442313793517862     
   9.90999985       14.394552143821333     
   9.92000008       14.346950771171679     
   9.93000031       14.299509124549662     
   9.93999958       14.252226654909292     
   9.94999981       14.205102815170386     
   9.96000004       14.158137060210914     
   9.97000027       14.111328846859569     
   9.97999954       14.064677633888289     
   9.98999977       14.018182882004739     
   10.0000000       13.971844053845041     
   10.0100002       13.925660613966258     
   10.0200005       13.879632028839190     
   10.0299997       13.833757766840892     
   10.0400000       13.788037298247534     
   10.0500002       13.742470095227116     
   10.0600004       13.697055631832171     
   10.0699997       13.651793383992697     
   10.0799999       13.606682829508891     
   10.0900002       13.561723448044088     
   10.1000004       13.516914721117635     
   10.1099997       13.472256132097815     
   10.1199999       13.427747166194806     
   10.1300001       13.383387310453710     
   10.1400003       13.339176053747543     
   10.1499996       13.295112886770276     
   10.1599998       13.251197302029935     
   10.1700001       13.207428793841688     
   10.1800003       13.163806858321031     
   10.1899996       13.120330993376877     
   10.1999998       13.077000698704822     
   10.2100000       13.033815475780321     
   10.2200003       12.990774827851984     
   10.2299995       12.947878259934795     
   10.2399998       12.905125278803492     
   10.2500000       12.862515392985875     
   10.2600002       12.820048112756115     
   10.2700005       12.777722950128238     
   10.2799997       12.735539418849516     
   10.2900000       12.693497034393850     
   10.3000002       12.651595313955351     
   10.3100004       12.609833776441741     
   10.3199997       12.568211942467993     
   10.3299999       12.526729334349739     
   10.3400002       12.485385476097044     
   10.3500004       12.444179893407805     
   10.3599997       12.403112113661566     
   10.3699999       12.362181665913100     
   10.3800001       12.321388080886056     
   10.3900003       12.280730890966796     
   10.3999996       12.240209630198024     
   10.4099998       12.199823834272610     
   10.4200001       12.159573040527377     
   10.4300003       12.119456787936894     
   10.4399996       12.079474617107337     
   10.4499998       12.039626070270410     
   10.4600000       11.999910691277156     
   10.4700003       11.960328025591894     
   10.4799995       11.920877620286261     
   10.4899998       11.881559024033015     
   10.5000000       11.842371787100223     
   10.5100002       11.803315461345107     
   10.5200005       11.764389600208201     
   10.5299997       11.725593758707376     
   10.5400000       11.686927493431973     
   10.5500002       11.648390362536862     
   10.5600004       11.609981925736625     
   10.5699997       11.571701744299707     
   10.5799999       11.533549381042643     
   10.5900002       11.495524400324220     
   10.6000004       11.457626368039742     
   10.6099997       11.419854851615305     
   10.6199999       11.382209420002042     
   10.6300001       11.344689643670495     
   10.6400003       11.307295094604877     
   10.6499996       11.270025346297471     
   10.6599998       11.232879973743003     
   10.6700001       11.195858553433043     
   10.6800003       11.158960663350404     
   10.6899996       11.122185882963624     
   10.6999998       11.085533793221433     
   10.7100000       11.049003976547221     
   10.7200003       11.012596016833577     
   10.7299995       10.976309499436786     
   10.7399998       10.940144011171459     
   10.7500000       10.904099140305027     
   10.7600002       10.868174476552442     
   10.7700005       10.832369611070719     
   10.7799997       10.796684136453631     
   10.7900000       10.761117646726325     
   10.8000002       10.725669737340077     
   10.8100004       10.690340005167007     
   10.8199997       10.655128048494733     
   10.8299999       10.620033467021184     
   10.8400002       10.585055861849389     
   10.8500004       10.550194835482227     
   10.8599997       10.515449991817299     
   10.8699999       10.480820936141692     
   10.8800001       10.446307275126939     
   10.8900003       10.411908616823780     
   10.8999996       10.377624570657234     
   10.9099998       10.343454747421289     
   10.9200001       10.309398759274053     
   10.9300003       10.275456219732584     
   10.9399996       10.241626743667984     
   10.9499998       10.207909947300312     
   10.9600000       10.174305448193627     
   10.9700003       10.140812865251027     
   10.9799995       10.107431818709758     
   10.9899998       10.074161930136244     
   11.0000000       10.041002822421227     
   11.0100002       10.007954119774862     
   11.0200005       9.9750154477218551     
   11.0299997       9.9421864330966656     
   11.0400000       9.9094667040386568     
   11.0500002       9.8768558899872456     
   11.0600004       9.8443536216772642     
   11.0699997       9.8119595311340237     
   11.0799999       9.7796732516687097     
   11.0900002       9.7474944178735914     
   11.1000004       9.7154226656173108     
   11.1099997       9.6834576320402306     
   11.1199999       9.6515989555497423     
   11.1300001       9.6198462758156520     
   11.1400003       9.5881992337654864     
   11.1499996       9.5566574715799231     
   11.1599998       9.5252206326882405     
   11.1700001       9.4938883617636307     
   11.1800003       9.4626603047187245     
   11.1899996       9.4315361087010654     
   11.1999998       9.4005154220884712     
   11.2100000       9.3695978944847145     
   11.2200003       9.3387831767148928     
   11.2299995       9.3080709208209829     
   11.2399998       9.2774607800574440     
   11.2500000       9.2469524088867363     
   11.2600002       9.2165454629749455     
   11.2700005       9.1862395991873544     
   11.2799997       9.1560344755840450     
   11.2900000       9.1259297514156117     
   11.3000002       9.0959250871187241     
   11.3100004       9.0660201443118815     
   11.3199997       9.0362145857910221     
   11.3299999       9.0065080755253053     
   11.3400002       8.9769002786527494     
   11.3500004       8.9473908614760802     
   11.3599997       8.9179794914583947     
   11.3699999       8.8886658372189640     
   11.3800001       8.8594495685290013     
   11.3900003       8.8303303563075595     
   11.3999996       8.8013078726172278     
   11.4099998       8.7723817906600488     
   11.4200001       8.7435517847733468     
   11.4300003       8.7148175304256021     
   11.4399996       8.6861787042123684     
   11.4499998       8.6576349838521267     
   11.4600000       8.6291860481822358     
   11.4700003       8.6008315771548656     
   11.4799995       8.5725712518329455     
   11.4899998       8.5444047543861306     
   11.5000000       8.5163317680868200     
   11.5100002       8.4883519773060403     
   11.5200005       8.4604650675096256     
   11.5299997       8.4326707252541535     
   11.5400000       8.4049686381829556     
   11.5500002       8.3773584950222570     
   11.5600004       8.3498399855772476     
   11.5699997       8.3224128007281060     
   11.5799999       8.2950766324261682     
   11.5900002       8.2678311736900376     
   11.6000004       8.2406761186017246     
   11.6099997       8.2136111623027386     
   11.6199999       8.1866360009903740     
   11.6300001       8.1597503319138038     
   11.6400003       8.1329538533702728     
   11.6499996       8.1062462647013653     
   11.6599998       8.0796272662892097     
   11.6700001       8.0530965595526709     
   11.6800003       8.0266538469437165     
   11.6899996       8.0002988319435495     
   11.6999998       7.9740312190590092     
   11.7100000       7.9478507138187755     
   11.7200003       7.9217570227698140     
   11.7299995       7.8957498534735500     
   11.7399998       7.8698289145022766     
   11.7500000       7.8439939154355685     
   11.7600002       7.8182445668565705     
   11.7700005       7.7925805803484307     
   11.7799997       7.7670016684906429     
   11.7900000       7.7415075448555193     
   11.8000002       7.7160979240045915     
   11.8100004       7.6907725214850817     
   11.8199997       7.6655310538262382     
   11.8299999       7.6403732385360055     
   11.8400002       7.6152987940972992     
   11.8500004       7.5903074399646453     
   11.8599997       7.5653988965606080     
   11.8699999       7.5405728852723728     
   11.8800001       7.5158291284481749     
   11.8900003       7.4911673493940008     
   11.8999996       7.4665872723700319     
   11.9099998       7.4420886225872573     
   11.9200001       7.4176711262040413     
   11.9300003       7.3933345103227550     
   11.9399996       7.3690785029864232     
   11.9499998       7.3449028331752322     
   11.9600000       7.3208072308032799     
   11.9700003       7.2967914267152043     
   11.9799995       7.2728551526828049     
   11.9899998       7.2489981414017635     
   12.0000000       7.2252201264883515     
   12.0100002       7.2015208424760537     
   12.0200005       7.1779000248123950     
   12.0299997       7.1543574098555762     
   12.0400000       7.1308927348712512     
   12.0500002       7.1075057380293121     
   12.0600004       7.0841961584005633     
   12.0699997       7.0609637359536448     
   12.0799999       7.0378082115516367     
   12.0900002       7.0147293269490500     
   12.1000004       6.9917262503994442     
   12.1099997       6.9687998444474077     
   12.1199999       6.9459493085220707     
   12.1300001       6.9231743878943544     
   12.1400003       6.9004748287107365     
   12.1499996       6.8778503779899989     
   12.1599998       6.8553007836202182     
   12.1700001       6.8328257943555979     
   12.1800003       6.8104251598134100     
   12.1899996       6.7880986304708779     
   12.1999998       6.7658459576621750     
   12.2100000       6.7436668935752815     
   12.2200003       6.7215611912490063     
   12.2299995       6.6995286045699283     
   12.2399998       6.6775688882693522     
   12.2500000       6.6556817979203533     
   12.2600002       6.6338670899347276     
   12.2700005       6.6121245215600188     
   12.2799997       6.5904538508765471     
   12.2900000       6.5688548367944657     
   12.3000002       6.5473272390507384     
   12.3100004       6.5258708182062817     
   12.3199997       6.5044853356429639     
   12.3299999       6.4831705535607203     
   12.3400002       6.4619262349746558     
   12.3500004       6.4407521437120918     
   12.3599997       6.4196480444097324     
   12.3699999       6.3986137025107741     
   12.3800001       6.3776488842620163     
   12.3900003       6.3567533567110308     
   12.3999996       6.3359268877033275     
   12.4099998       6.3151692458794715     
   12.4200001       6.2944802006723144     
   12.4300003       6.2738595223041473     
   12.4399996       6.2533069817839220     
   12.4499998       6.2328223509044500     
   12.4600000       6.2124054022395958     
   12.4700003       6.1920559091415761     
   12.4799995       6.1717736457381021     
   12.4899998       6.1515583869297377     
   12.5000000       6.1314099083870603     
   12.5100002       6.1113279865480008     
   12.5200005       6.0913123986151136     
   12.5299997       6.0713629225528178     
   12.5400000       6.0514793370847801     
   12.5500002       6.0316614216911413     
   12.5600004       6.0119089566059314     
   12.5699997       5.9922217228143131     
   12.5799999       5.9725995020499738     
   12.5900002       5.9530420767924657     
   12.6000004       5.9335492302645720     
   12.6099997       5.9141207464296652     
   12.6199999       5.8947564099891059     
   12.6300001       5.8754560063796299     
   12.6400003       5.8562193217707241     
   12.6499996       5.8370461430620866     
   12.6599998       5.8179362578810023     
   12.6700001       5.7988894545797951     
   12.6800003       5.7799055222332631     
   12.6899996       5.7609842506361240     
   12.6999998       5.7421254303004829     
   12.7100000       5.7233288524532933     
   12.7200003       5.7045943090338307     
   12.7299995       5.6859215926911828     
   12.7399998       5.6673104967817753     
   12.7500000       5.6487608153668178     
   12.7600002       5.6302723432098647     
   12.7700005       5.6118448757743327     
   12.7799997       5.5934782092210327     
   12.7900000       5.5751721404056900     
   12.8000002       5.5569264668765292     
   12.8100004       5.5387409868718054     
   12.8199997       5.5206154993174126     
   12.8299999       5.5025498038244303     
   12.8400002       5.4845437006867082     
   12.8500004       5.4665969908784833     
   12.8599997       5.4487094760519899     
   12.8699999       5.4308809585350533     
   12.8800001       5.4131112413287177     
   12.8900003       5.3954001281048933     
   12.8999996       5.3777474232039824     
   12.9099998       5.3601529316325349     
   12.9200001       5.3426164590609106     
   12.9300003       5.3251378118209374     
   12.9399996       5.3077167969036045     
   12.9499998       5.2903532219567184     
   12.9600000       5.2730468952826302     
   12.9700003       5.2557976258359185     
   12.9799995       5.2386052232210760     
   12.9899998       5.2214694976902880     
   13.0000000       5.2043902601410910     
   13.0100002       5.1873673221141763     
   13.0200005       5.1704004957910801     
   13.0299997       5.1534895939919414     
   13.0400000       5.1366344301733040     
   13.0500002       5.1198348184258533     
   13.0600004       5.1030905734721674     
   13.0699997       5.0864015106645661     
   13.0799999       5.0697674459828495     
   13.0900002       5.0531881960321217     
   13.1000004       5.0366635780406144     
   13.1099997       5.0201934098574643     
   13.1199999       5.0037775099505790     
   13.1300001       4.9874156974044448     
   13.1400003       4.9711077919179889     
   13.1499996       4.9548536138024080     
   13.1599998       4.9386529839790434     
   13.1700001       4.9225057239772232     
   13.1800003       4.9064116559321578     
   13.1899996       4.8903706025828324     
   13.1999998       4.8743823872698444     
   13.2100000       4.8584468339333595     
   13.2200003       4.8425637671109563     
   13.2299995       4.8267330119356160     
   13.2399998       4.8109543941335566     
   13.2500000       4.7952277400222227     
   13.2600002       4.7795528765081770     
   13.2700005       4.7639296310850785     
   13.2799997       4.7483578318316191     
   13.2900000       4.7328373074094667     
   13.3000002       4.7173678870612497     
   13.3100004       4.7019494006085116     
   13.3199997       4.6865816784497181     
   13.3299999       4.6712645515582176     
   13.3400002       4.6559978514802314     
   13.3500004       4.6407814103328917     
   13.3599997       4.6256150608022102     
   13.3699999       4.6104986361411235     
   13.3800001       4.5954319701674979     
   13.3900003       4.5804148972621723     
   13.3999996       4.5654472523669805     
   13.4099998       4.5505288709828227     
   13.4200001       4.5356595891677021     
   13.4300003       4.5208392435347671     
   13.4399996       4.5060676712504151     
   13.4499998       4.4913447100323216     
   13.4600000       4.4766701981475761     
   13.4700003       4.4620439744107232     
   13.4799995       4.4474658781818635     
   13.4899998       4.4329357493647734     
   13.5000000       4.4184534284050141     
   13.5100002       4.4040187562880240     
   13.5200005       4.3896315745372601     
   13.5299997       4.3752917252123096     
   13.5400000       4.3609990509070533     
   13.5500002       4.3467533947477763     
   13.5600004       4.3325546003913500     
   13.5699997       4.3184025120233507     
   13.5799999       4.3042969743562569     
   13.5900002       4.2902378326275947     
   13.6000004       4.2762249325981285     
   13.6099997       4.2622581205500429     
   13.6199999       4.2483372432851141     
   13.6300001       4.2344621481229296     
   13.6400003       4.2206326828990681     
   13.6499996       4.2068486959633393     
   13.6599998       4.1931100361779583     
   13.6700001       4.1794165529157992     
   13.6800003       4.1657680960586179     
   13.6899996       4.1521645159952740     
   13.6999998       4.1386056636199857     
   13.7100000       4.1250913903305619     
   13.7200003       4.1116215480266716     
   13.7299995       4.0981959891081097     
   13.7399998       4.0848145664730282     
   13.7500000       4.0714771335162485     
   13.7600002       4.0581835441275107     
   13.7700005       4.0449336526897932     
   13.7799997       4.0317273140775631     
   13.7900000       4.0185643836551010     
   13.8000002       4.0054447172747967     
   13.8100004       3.9923681712754573     
   13.8199997       3.9793346024806326     
   13.8299999       3.9663438681969159     
   13.8400002       3.9533958262123008     
   13.8500004       3.9404903347944864     
   13.8599997       3.9276272526892355     
   13.8699999       3.9148064391187241     
   13.8800001       3.9020277537798758     
   13.8900003       3.8892910568427363     
   13.8999996       3.8765962089488166     
   13.9099998       3.8639430712094964     
   13.9200001       3.8513315052043682     
   13.9300003       3.8387613729796271     
   13.9399996       3.8262325370464647     
   13.9499998       3.8137448603794630     
   13.9600000       3.8012982064149829     
   13.9700003       3.7888924390495862     
   13.9799995       3.7765274226384165     
   13.9899998       3.7642030219936444     
   14.0000000       3.7519191023828808     
   14.0100002       3.7396755295276005     
   14.0200005       3.7274721696015605     
   14.0299997       3.7153088892292825     
   14.0400000       3.7031855554844548     
   14.0500002       3.6911020358883881     
   14.0600004       3.6790581984085007     
   14.0699997       3.6670539114567418     
   14.0799999       3.6550890438880836     
   14.0900002       3.6431634649989793     
   14.1000004       3.6312770445258535     
   14.1099997       3.6194296526435656     
   14.1199999       3.6076211599639230     
   14.1300001       3.5958514375341570     
   14.1400003       3.5841203568354234     
   14.1499996       3.5724277897813170     
   14.1599998       3.5607736087163744     
   14.1700001       3.5491576864145871     
   14.1800003       3.5375798960779319     
   14.1899996       3.5260401113348805     
   14.1999998       3.5145382062389512     
   14.2100000       3.5030740552672195     
   14.2200003       3.4916475333188979     
   14.2299995       3.4802585157138388     
   14.2399998       3.4689068781911203     
   14.2500000       3.4575924969075817     
   14.2600002       3.4463152484364010     
   14.2700005       3.4350750097656535     
   14.2799997       3.4238716582968904     
   14.2900000       3.4127050718437122     
   14.3000002       3.4015751286303479     
   14.3100004       3.3904817072902533     
   14.3199997       3.3794246868646987     
   14.3299999       3.3684039468013598     
   14.3400002       3.3574193669529415     
   14.3500004       3.3464708275757493     
   14.3599997       3.3355582093283513     
   14.3699999       3.3246813932701516     
   14.3800001       3.3138402608600308     
   14.3900003       3.3030346939549791     
   14.3999996       3.2922645748087249     
   14.4099998       3.2815297860703669     
   14.4200001       3.2708302107830165     
   14.4300003       3.2601657323824638     
   14.4399996       3.2495362346957939     
   14.4499998       3.2389416019400792     
   14.4600000       3.2283817187210229     
   14.4700003       3.2178564700316201     
   14.4799995       3.2073657412508441     
   14.4899998       3.1969094181423201     
   14.5000000       3.1864873868529848     
   14.5100002       3.1760995339117977     
   14.5200005       3.1657457462284269     
   14.5299997       3.1554259110919181     
   14.5400000       3.1451399161694340     
   14.5500002       3.1348876495049183     
   14.5600004       3.1246689995178332     
   14.5699997       3.1144838550018559     
   14.5799999       3.1043321051236061     
   14.5900002       3.0942136394213611     
   14.6000004       3.0841283478037824     
   14.6099997       3.0740761205486571     
   14.6199999       3.0640568483016137     
   14.6300001       3.0540704220748891     
   14.6400003       3.0441167332460393     
   14.6499996       3.0341956735567264     
   14.6599998       3.0243071351114312     
   14.6700001       3.0144510103762556     
   14.6800003       3.0046271921776468     
   14.6899996       2.9948355737011814     
   14.6999998       2.9850760484903316     
   14.7100000       2.9753485104452513     
   14.7200003       2.9656528538215414     
   14.7299995       2.9559889732290365     
   14.7399998       2.9463567636305994     
   14.7500000       2.9367561203409105     
   14.7600002       2.9271869390252636     
   14.7700005       2.9176491156983695     
   14.7799997       2.9081425467231581     
   14.7900000       2.8986671288095867     
   14.8000002       2.8892227590134687     
   14.8100004       2.8798093347352607     
   14.8199997       2.8704267537189190     
   14.8299999       2.8610749140507026     
   14.8400002       2.8517537141580078     
   14.8500004       2.8424630528082195     
   14.8599997       2.8332028291075235     
   14.8699999       2.8239729424997670     
   14.8800001       2.8147732927652989     
   14.8900003       2.8056037800198284     
   14.8999996       2.7964643047132669     
   14.9099998       2.7873547676286026     
   14.9200001       2.7782750698807406     
   14.9300003       2.7692251129153944     
   14.9399996       2.7602047985079539     
   14.9499998       2.7512140287623374     
   14.9600000       2.7422527061099014     
   14.9700003       2.7333207333082905     
   14.9799995       2.7244180134403608     
   14.9899998       2.7155444499130512     
   15.0000000       2.7066999464562618     
