   0.0000000000000000        0.0000000000000000     
   5.0000000000000003E-002   2.7146660022233371E-002
  0.10000000000000001        5.4160099786663779E-002
  0.15000000000000002        8.0907703829765948E-002
  0.20000000000000001       0.10725850385491641     
  0.25000000000000000       0.13308372242670349     
  0.30000000000000004       0.15825742398695178     
  0.35000000000000003       0.18265715103289765     
  0.40000000000000002       0.20616454206998577     
  0.45000000000000001       0.22866592801880684     
  0.50000000000000000       0.25005290383873197     
  0.55000000000000004       0.27022287222965263     
  0.60000000000000009       0.28907955638770305     
  0.65000000000000002       0.30653347892070232     
  0.70000000000000007       0.32250240417405801     
  0.75000000000000000       0.33691174137775570     
  0.80000000000000004       0.34969490619955285     
  0.85000000000000009       0.36079363847830587     
  0.90000000000000002       0.37015827411421642     
  0.95000000000000007       0.37774796930938098     
   1.0000000000000000       0.38353087558209298     
   1.0500000000000000       0.38748426422157323     
   1.1000000000000001       0.38959459910590516     
   1.1500000000000001       0.38985755707460534     
   1.2000000000000002       0.38827799532814272     
   1.2500000000000000       0.38486986561945741     
   1.3000000000000000       0.37965607530671303     
   1.3500000000000001       0.37266829565163873     
   1.4000000000000001       0.36394671807330131     
   1.4500000000000002       0.35353975940225985     
   1.5000000000000000       0.34150371752390069     
   1.5500000000000000       0.32790237915123505     
   1.6000000000000001       0.31280658182517906     
   1.6500000000000001       0.29629373260267294     
   1.7000000000000002       0.27844728625786686     
   1.7500000000000000       0.25935618618654727     
   1.8000000000000000       0.23911427156605602     
   1.8500000000000001       0.21781965467867045     
   1.9000000000000001       0.19557407265173202     
   1.9500000000000002       0.17248221819804851     
   2.0000000000000000       0.14865105424998201     
   2.0500000000000003       0.12418911766425303     
   2.1000000000000001        9.9205817425363343E-002
   2.1499999999999999        7.3810732986668598E-002
   2.2000000000000002        4.8112918552122394E-002
   2.2500000000000000        2.2220219210937458E-002
   2.3000000000000003       -3.7613951158042948E-003
   2.3500000000000001       -2.9728471980652853E-002
   2.4000000000000004       -5.5580689131347491E-002
   2.4500000000000002       -8.1221431995092672E-002
   2.5000000000000000      -0.10655833054254488     
   2.5500000000000003      -0.13150375050957330     
   2.6000000000000001      -0.15597523440774397     
   2.6500000000000004      -0.17989588829783706     
   2.7000000000000002      -0.20319471093045655     
   2.7500000000000000      -0.22580686256688687     
   2.8000000000000003      -0.24767387157164503     
   2.8500000000000001      -0.26874377770246982     
   2.9000000000000004      -0.28897121189768221     
   2.9500000000000002      -0.30831741325631029     
   3.0000000000000000      -0.32675018480247014     
   3.0500000000000003      -0.34424379050027215     
   3.1000000000000001      -0.36077879681654584     
   3.1500000000000004      -0.37634186289395222     
   3.2000000000000002      -0.39092548407596667     
   3.2500000000000000      -0.40452769409955852     
   3.3000000000000003      -0.41715173172614206     
   3.3500000000000001      -0.42880567790551943     
   3.4000000000000004      -0.43950206975451267     
   3.4500000000000002      -0.44925749768016998     
   3.5000000000000000      -0.45809219188986422     
   3.5500000000000003      -0.46602960431516405     
   3.6000000000000001      -0.47309599164497018     
   3.6500000000000004      -0.47932000473154046     
   3.7000000000000002      -0.48473228911880006     
   3.7500000000000000      -0.48936510086561053     
   3.8000000000000003      -0.49325194121802796     
   3.8500000000000001      -0.49642721304446413     
   3.9000000000000004      -0.49892590130542358     
   3.9500000000000002      -0.50078327920273680     
   4.0000000000000000      -0.50203464105725004     
   4.0499999999999998      -0.50271506241129083     
   4.1000000000000005      -0.50285918735263746     
   4.1500000000000004      -0.50250104261684436     
   4.2000000000000002      -0.50167387764858407     
   4.2500000000000000      -0.50041002949142566     
   4.2999999999999998      -0.49874081112829682     
   4.3500000000000005      -0.49669642170891620     
   4.4000000000000004      -0.49430587697145950     
   4.4500000000000002      -0.49159695808826676     
   4.5000000000000000      -0.48859617713344622     
   4.5499999999999998      -0.48532875737737069     
   4.6000000000000005      -0.48181862665282471     
   4.6500000000000004      -0.47808842210365432     
   4.7000000000000002      -0.47415950471326856     
   4.7500000000000000      -0.47005198211181681     
   4.8000000000000007      -0.46578473827248079     
   4.8500000000000005      -0.46137546882484642     
   4.9000000000000004      -0.45684072083320115     
   4.9500000000000002      -0.45219593600685992     
   5.0000000000000000      -0.44745549642591509     
   5.0500000000000007      -0.44263277197728135     
   5.1000000000000005      -0.43774016880122973     
   5.1500000000000004      -0.43278917814683837     
   5.2000000000000002      -0.42779042512534565     
   5.2500000000000000      -0.42275371693300950     
   5.3000000000000007      -0.41768809018969566     
   5.3500000000000005      -0.41260185710618830     
   5.4000000000000004      -0.40750265025243643     
   5.4500000000000002      -0.40239746575099111     
   5.5000000000000000      -0.39729270476524403     
   5.5500000000000007      -0.39219421319123243     
   5.6000000000000005      -0.38710731949526722     
   5.6500000000000004      -0.38203687066801267     
   5.7000000000000002      -0.37698726628940482     
   5.7500000000000000      -0.37196249071846549     
   5.8000000000000007      -0.36696614343810863     
   5.8500000000000005      -0.36200146759791463     
   5.9000000000000004      -0.35707137680795176     
   5.9500000000000002      -0.35217848024445830     
   6.0000000000000000      -0.34732510613387846     
   6.0500000000000007      -0.34251332368569448     
   6.1000000000000005      -0.33774496354698441     
   6.1500000000000004      -0.33302163685289327     
   6.2000000000000002      -0.32834475294746251     
   6.2500000000000000      -0.32371553584868856     
   6.3000000000000007      -0.31913503953044453     
   6.3500000000000005      -0.31460416209214459     
   6.4000000000000004      -0.31012365888485505     
   6.4500000000000002      -0.30569415466009131     
   6.5000000000000000      -0.30131615480484047     
   6.5500000000000007      -0.29699005572351322     
   6.6000000000000005      -0.29271615442459337     
   6.6500000000000004      -0.28849465736678542     
   6.7000000000000002      -0.28432568861648777     
   6.7500000000000000      -0.28020929736548089     
   6.8000000000000007      -0.27614546485483776     
   6.8500000000000005      -0.27213411074826088     
   6.9000000000000004      -0.26817509899534109     
   6.9500000000000002      -0.26426824322261971     
   7.0000000000000000      -0.26041331168785020     
   7.0500000000000007      -0.25661003183046771     
   7.1000000000000005      -0.25285809444902074     
   7.1500000000000004      -0.24915715753417833     
   7.2000000000000002      -0.24550684978390624     
   7.2500000000000000      -0.24190677382550196     
   7.3000000000000007      -0.23835650916739426     
   7.3500000000000005      -0.23485561490193360     
   7.4000000000000004      -0.23140363217883145     
   7.4500000000000002      -0.22800008646744060     
   7.5000000000000000      -0.22464448962470024     
   7.5500000000000007      -0.22133634178429396     
   7.6000000000000005      -0.21807513308138249     
   7.6500000000000004      -0.21486034522617084     
   7.7000000000000002      -0.21169145293854277     
   7.7500000000000000      -0.20856792525504739     
   7.8000000000000007      -0.20548922671864045     
   7.8500000000000005      -0.20245481846076688     
   7.9000000000000004      -0.19946415918461619     
   7.9500000000000002      -0.19651670605768326     
   8.0000000000000000      -0.19361191552112200     
   8.0500000000000007      -0.19074924402278182     
   8.0999999999999996      -0.18792814868026642     
   8.1500000000000004      -0.18514808787984727     
   8.2000000000000011      -0.18240852181659281     
   8.2500000000000000      -0.17970891298064379     
   8.3000000000000007      -0.17704872659416640     
   8.3499999999999996      -0.17442743100314742     
   8.4000000000000004      -0.17184449802785637     
   8.4500000000000011      -0.16929940327549059     
   8.5000000000000000      -0.16679162641823031     
   8.5500000000000007      -0.16432065143966762     
   8.5999999999999996      -0.16188596685233078     
   8.6500000000000004      -0.15948706588880249     
   8.7000000000000011      -0.15712344666872322     
   8.7500000000000000      -0.15479461234378539     
   8.8000000000000007      -0.15250007122264742     
   8.8499999999999996      -0.15023933687753854     
   8.9000000000000004      -0.14801192823417969     
   8.9500000000000011      -0.14581736964650838     
   9.0000000000000000      -0.14365519095757454     
   9.0500000000000007      -0.14152492754785959     
   9.0999999999999996      -0.13942612037216548     
   9.1500000000000004      -0.13735831598612677     
   9.2000000000000011      -0.13532106656330861     
   9.2500000000000000      -0.13331392990377494     
   9.3000000000000007      -0.13133646943493485     
   9.3499999999999996      -0.12938825420540800     
   9.4000000000000004      -0.12746885887258844     
   9.4500000000000011      -0.12557786368452625     
   9.5000000000000000      -0.12371485445669711     
   9.5500000000000007      -0.12187942254417833     
   9.6000000000000014      -0.12007116480970807     
   9.6500000000000004      -0.11828968358806273     
   9.7000000000000011      -0.11653458664714993     
   9.7500000000000000      -0.11480548714618120     
   9.8000000000000007      -0.11310200359125661     
   9.8500000000000014      -0.11142375978866427     
   9.9000000000000004      -0.10977038479617286     
   9.9500000000000011      -0.10814151287256946     
   10.000000000000000      -0.10653678342567313     
   10.050000000000001      -0.10495584095903585     
   10.100000000000001      -0.10339833501752159     
   10.150000000000000      -0.10186392013193847     
   10.200000000000001      -0.10035225576288387     
   10.250000000000000       -9.8863006243945839E-002
   10.300000000000001       -9.7395840724393876E-002
   10.350000000000001       -9.5950433111477718E-002
   10.400000000000000       -9.4526462012442844E-002
   10.450000000000001       -9.3123610676361560E-002
   10.500000000000000       -9.1741566935868213E-002
   10.550000000000001       -9.0380023148879857E-002
   10.600000000000001       -8.9038676140374876E-002
   10.650000000000000       -8.7717227144295806E-002
   10.700000000000001       -8.6415381745635497E-002
   10.750000000000000       -8.5132849822760023E-002
   10.800000000000001       -8.3869345490016692E-002
   10.850000000000001       -8.2624587040669592E-002
   10.900000000000000       -8.1398296890201755E-002
   10.950000000000001       -8.0190201520017837E-002
   11.000000000000000       -7.9000031421578049E-002
   11.050000000000001       -7.7827521040990513E-002
   11.100000000000001       -7.6672408724085303E-002
   11.150000000000000       -7.5534436661992166E-002
   11.200000000000001       -7.4413350837239406E-002
   11.250000000000000       -7.3308900970390237E-002
   11.300000000000001       -7.2220840467230471E-002
   11.350000000000001       -7.1148926366518914E-002
   11.400000000000000       -7.0092919288310851E-002
   11.450000000000001       -6.9052583382862617E-002
   11.500000000000000       -6.8027686280123761E-002
   11.550000000000001       -6.7017999039823042E-002
   11.600000000000001       -6.6023296102151227E-002
   11.650000000000000       -6.5043355239044628E-002
   11.700000000000001       -6.4077957506071120E-002
   11.750000000000000       -6.3126887194919171E-002
   11.800000000000001       -6.2189931786490966E-002
   11.850000000000001       -6.1266881904598280E-002
   11.900000000000000       -6.0357531270260403E-002
   11.950000000000001       -5.9461676656601896E-002
   12.000000000000000       -5.8579117844347911E-002
   12.050000000000001       -5.7709657577914325E-002
   12.100000000000001       -5.6853101522088792E-002
   12.150000000000000       -5.6009258219299619E-002
   12.200000000000001       -5.5177939047467851E-002
   12.250000000000000       -5.4358958178438201E-002
   12.300000000000001       -5.3552132536984383E-002
   12.350000000000001       -5.2757281760383419E-002
   12.400000000000000       -5.1974228158554091E-002
   12.450000000000001       -5.1202796674753907E-002
   12.500000000000000       -5.0442814846829234E-002
   12.550000000000001       -4.9694112769012741E-002
   12.600000000000001       -4.8956523054262326E-002
   12.650000000000000       -4.8229880797135700E-002
   12.700000000000001       -4.7514023537194590E-002
   12.750000000000000       -4.6808791222932328E-002
   12.800000000000001       -4.6114026176218945E-002
   12.850000000000001       -4.5429573057257339E-002
   12.900000000000000       -4.4755278830044432E-002
   12.950000000000001       -4.4090992728331141E-002
   13.000000000000000       -4.3436566222074584E-002
   13.050000000000001       -4.2791852984376835E-002
   13.100000000000001       -4.2156708858903276E-002
   13.150000000000000       -4.1530991827775053E-002
   13.200000000000001       -4.0914561979928828E-002
   13.250000000000000       -4.0307281479937840E-002
   13.300000000000001       -3.9709014537288354E-002
   13.350000000000001       -3.9119627376104887E-002
   13.400000000000000       -3.8538988205318599E-002
   13.450000000000001       -3.7966967189272463E-002
   13.500000000000000       -3.7403436418757451E-002
   13.550000000000001       -3.6848269882473542E-002
   13.600000000000001       -3.6301343438909943E-002
   13.650000000000000       -3.5762534788638452E-002
   13.700000000000001       -3.5231723447014272E-002
   13.750000000000000       -3.4708790717278427E-002
   13.800000000000001       -3.4193619664056450E-002
   13.850000000000001       -3.3686095087247160E-002
   13.900000000000000       -3.3186103496296526E-002
   13.950000000000001       -3.2693533084850825E-002
   14.000000000000000       -3.2208273705783746E-002
   14.050000000000001       -3.1730216846592114E-002
   14.100000000000001       -3.1259255605154801E-002
   14.150000000000000       -3.0795284665849798E-002
   14.200000000000001       -3.0338200276024130E-002
   14.250000000000000       -2.9887900222811507E-002
   14.300000000000001       -2.9444283810292779E-002
   14.350000000000001       -2.9007251836994097E-002
   14.400000000000000       -2.8576706573717886E-002
   14.450000000000001       -2.8152551741702017E-002
   14.500000000000000       -2.7734692491101907E-002
   14.550000000000001       -2.7323035379791388E-002
   14.600000000000001       -2.6917488352477235E-002
   14.650000000000000       -2.6517960720123093E-002
   14.700000000000001       -2.6124363139678020E-002
   14.750000000000000       -2.5736607594105367E-002
   14.800000000000001       -2.5354607372707495E-002
   14.850000000000001       -2.4978277051741941E-002
   14.900000000000000       -2.4607532475324902E-002
   14.950000000000001       -2.4242290736617676E-002
   15.000000000000000       -2.3882470159291968E-002
   15.050000000000001       -2.3527990279269911E-002
   15.100000000000001       -2.3178771826734730E-002
   15.150000000000000       -2.2834736708408240E-002
   15.200000000000001       -2.2495807990090960E-002
   15.250000000000000       -2.2161909879461174E-002
   15.300000000000001       -2.1832967709129108E-002
   15.350000000000001       -2.1508907919942335E-002
   15.400000000000000       -2.1189658044538779E-002
   15.450000000000001       -2.0875146691143730E-002
   15.500000000000000       -2.0565303527607066E-002
   15.550000000000001       -2.0260059265677349E-002
   15.600000000000001       -1.9959345645509139E-002
   15.650000000000000       -1.9663095420400123E-002
   15.700000000000001       -1.9371242341754736E-002
   15.750000000000000       -1.9083721144270770E-002
   15.800000000000001       -1.8800467531345771E-002
   15.850000000000001       -1.8521418160699993E-002
   15.900000000000000       -1.8246510630212626E-002
   15.950000000000001       -1.7975683463968176E-002
   16.000000000000000       -1.7708876098509900E-002
   16.050000000000001       -1.7446028869297168E-002
   16.100000000000001       -1.7187082997363833E-002
   16.150000000000002       -1.6931980576174541E-002
   16.199999999999999       -1.6680664558676048E-002
   16.250000000000000       -1.6433078744540773E-002
   16.300000000000001       -1.6189167767599513E-002
   16.350000000000001       -1.5948877083460825E-002
   16.400000000000002       -1.5712152957313933E-002
   16.449999999999999       -1.5478942451912829E-002
   16.500000000000000       -1.5249193415738559E-002
   16.550000000000001       -1.5022854471337242E-002
   16.600000000000001       -1.4799875003831155E-002
   16.650000000000002       -1.4580205149600308E-002
   16.699999999999999       -1.4363795785132015E-002
   16.750000000000000       -1.4150598516035914E-002
   16.800000000000001       -1.3940565666222045E-002
   16.850000000000001       -1.3733650267239531E-002
   16.900000000000002       -1.3529806047773475E-002
   16.949999999999999       -1.3328987423297739E-002
   17.000000000000000       -1.3131149485881330E-002
   17.050000000000001       -1.2936247994145998E-002
   17.100000000000001       -1.2744239363372949E-002
   17.150000000000002       -1.2555080655756371E-002
   17.199999999999999       -1.2368729570801583E-002
   17.250000000000000       -1.2185144435865753E-002
   17.300000000000001       -1.2004284196838950E-002
   17.350000000000001       -1.1826108408963533E-002
   17.400000000000002       -1.1650577227789819E-002
   17.449999999999999       -1.1477651400265942E-002
   17.500000000000000       -1.1307292255960021E-002
   17.550000000000001       -1.1139461698412517E-002
   17.600000000000001       -1.0974122196617035E-002
   17.650000000000002       -1.0811236776627514E-002
   17.699999999999999       -1.0650769013289997E-002
   17.750000000000000       -1.0492683022097122E-002
   17.800000000000001       -1.0336943451163519E-002
   17.850000000000001       -1.0183515473320286E-002
   17.900000000000002       -1.0032364778326849E-002
   17.949999999999999       -9.8834575651983465E-003
   18.000000000000000       -9.7367605346469713E-003
   18.050000000000001       -9.5922408816354367E-003
   18.100000000000001       -9.4498662880410002E-003
   18.150000000000002       -9.3096049154283728E-003
   18.199999999999999       -9.1714253979298787E-003
   18.250000000000000       -9.0352968352313059E-003
   18.300000000000001       -8.9011887856618524E-003
   18.350000000000001       -8.7690712593866457E-003
   18.400000000000002       -8.6389147117002935E-003
   18.449999999999999       -8.5106900364199864E-003
   18.500000000000000       -8.3843685593766506E-003
   18.550000000000001       -8.2599220320027124E-003
   18.600000000000001       -8.1373226250150508E-003
   18.650000000000002       -8.0165429221916804E-003
   18.699999999999999       -7.8975559142408468E-003
   18.750000000000000       -7.7803349927610781E-003
   18.800000000000001       -7.6648539442909069E-003
   18.850000000000001       -7.5510869444469142E-003
   18.900000000000002       -7.4390085521487646E-003
   18.949999999999999       -7.3285937039299660E-003
   19.000000000000000       -7.2198177083330796E-003
   19.050000000000001       -7.1126562403881054E-003
   19.100000000000001       -7.0070853361728219E-003
   19.150000000000002       -6.9030813874538842E-003
   19.200000000000003       -6.8006211364074424E-003
   19.250000000000000       -6.6996816704181271E-003
   19.300000000000001       -6.6002404169552371E-003
   19.350000000000001       -6.5022751385249693E-003
   19.400000000000002       -6.4057639276975699E-003
   19.450000000000003       -6.3106852022083099E-003
   19.500000000000000       -6.2170177001311597E-003
   19.550000000000001       -6.1247404751241042E-003
   19.600000000000001       -6.0338328917450331E-003
   19.650000000000002       -5.9442746208371519E-003
   19.700000000000003       -5.8560456349828899E-003
   19.750000000000000       -5.7691262040252805E-003
   19.800000000000001       -5.6834968906558153E-003
   19.850000000000001       -5.5991385460677908E-003
   19.900000000000002       -5.5160323056741671E-003
   19.950000000000003       -5.4341595848889845E-003
   20.000000000000000       -5.3535020749714045E-003
   20.050000000000001       -5.2740417389314145E-003
   20.100000000000001       -5.1957608074963335E-003
   20.150000000000002       -5.1186417751371543E-003
   20.200000000000003       -5.0426673961538951E-003
   20.250000000000000       -4.9678206808190231E-003
   20.300000000000001       -4.8940848915781550E-003
   20.350000000000001       -4.8214435393071171E-003
   20.400000000000002       -4.7498803796245806E-003
   20.450000000000003       -4.6793794092594198E-003
   20.500000000000000       -4.6099248624719927E-003
   20.550000000000001       -4.5415012075285350E-003
   20.600000000000001       -4.4740931432278854E-003
   20.650000000000002       -4.4076855954797633E-003
   20.700000000000003       -4.3422637139338329E-003
   20.750000000000000       -4.2778128686588044E-003
   20.800000000000001       -4.2143186468708233E-003
   20.850000000000001       -4.1517668497104187E-003
   20.900000000000002       -4.0901434890672937E-003
   20.950000000000003       -4.0294347844522403E-003
   21.000000000000000       -3.9696271599154878E-003
   21.050000000000001       -3.9107072410107888E-003
   21.100000000000001       -3.8526618518045625E-003
   21.150000000000002       -3.7954780119294385E-003
   21.200000000000003       -3.7391429336815253E-003
   21.250000000000000       -3.6836440191607713E-003
   21.300000000000001       -3.6289688574537684E-003
   21.350000000000001       -3.5751052218583597E-003
   21.400000000000002       -3.5220410671494597E-003
   21.450000000000003       -3.4697645268854417E-003
   21.500000000000000       -3.4182639107545152E-003
   21.550000000000001       -3.3675277019604853E-003
   21.600000000000001       -3.3175445546473163E-003
   21.650000000000002       -3.2683032913619165E-003
   21.700000000000003       -3.2197929005545940E-003
   21.750000000000000       -3.1720025341166014E-003
   21.800000000000001       -3.1249215049542326E-003
   21.850000000000001       -3.0785392845989273E-003
   21.900000000000002       -3.0328455008528537E-003
   21.950000000000003       -2.9878299354694272E-003
   22.000000000000000       -2.9434825218682555E-003
   22.050000000000001       -2.8997933428840175E-003
   22.100000000000001       -2.8567526285487345E-003
   22.150000000000002       -2.8143507539069683E-003
   22.200000000000003       -2.7725782368634455E-003
   22.250000000000000       -2.7314257360626314E-003
   22.300000000000001       -2.6908840487997717E-003
   22.350000000000001       -2.6509441089629451E-003
   22.400000000000002       -2.6115969850056590E-003
   22.450000000000003       -2.5728338779495356E-003
   22.500000000000000       -2.5346461194166482E-003
   22.550000000000001       -2.4970251696910598E-003
   22.600000000000001       -2.4599626158091303E-003
   22.650000000000002       -2.4234501696781771E-003
   22.700000000000003       -2.3874796662230512E-003
   22.750000000000000       -2.3520430615602272E-003
   22.800000000000001       -2.3171324311989992E-003
   22.850000000000001       -2.2827399682693629E-003
   22.900000000000002       -2.2488579817762158E-003
   22.950000000000003       -2.2154788948794608E-003
   23.000000000000000       -2.1825952431996374E-003
   23.050000000000001       -2.1501996731487071E-003
   23.100000000000001       -2.1182849402856091E-003
   23.150000000000002       -2.0868439076962273E-003
   23.200000000000003       -2.0558695443974014E-003
   23.250000000000000       -2.0253549237646269E-003
   23.300000000000001       -1.9952932219830977E-003
   23.350000000000001       -1.9656777165217255E-003
   23.400000000000002       -1.9365017846298233E-003
   23.450000000000003       -1.9077589018560977E-003
   23.500000000000000       -1.8794426405896163E-003
   23.550000000000001       -1.8515466686224423E-003
   23.600000000000001       -1.8240647477335953E-003
   23.650000000000002       -1.7969907322940336E-003
   23.700000000000003       -1.7703185678923413E-003
   23.750000000000000       -1.7440422899808147E-003
   23.800000000000001       -1.7181560225416432E-003
   23.850000000000001       -1.6926539767728860E-003
   23.900000000000002       -1.6675304497939577E-003
   23.950000000000003       -1.6427798233703233E-003
   24.000000000000000       -1.6183965626571238E-003
   24.050000000000001       -1.5943752149614498E-003
   24.100000000000001       -1.5707104085229862E-003
   24.150000000000002       -1.5473968513127559E-003
   24.200000000000003       -1.5244293298496917E-003
   24.250000000000000       -1.5018027080347732E-003
   24.300000000000001       -1.4795119260024743E-003
   24.350000000000001       -1.4575519989892486E-003
   24.400000000000002       -1.4359180162188167E-003
   24.450000000000003       -1.4146051398039971E-003
   24.500000000000000       -1.3936086036648355E-003
   24.550000000000001       -1.3729237124627928E-003
   24.600000000000001       -1.3525458405507537E-003
   24.650000000000002       -1.3324704309386171E-003
   24.700000000000003       -1.3126929942742444E-003
   24.750000000000000       -1.2932091078395281E-003
   24.800000000000001       -1.2740144145613661E-003
   24.850000000000001       -1.2551046220373109E-003
   24.900000000000002       -1.2364755015756874E-003
   24.950000000000003       -1.2181228872499507E-003
   25.000000000000000       -1.2000426749670843E-003
   25.050000000000001       -1.1822308215498256E-003
   25.100000000000001       -1.1646833438325112E-003
   25.150000000000002       -1.1473963177703445E-003
   25.200000000000003       -1.1303658775618825E-003
   25.250000000000000       -1.1135882147845504E-003
   25.300000000000001       -1.0970595775429820E-003
   25.350000000000001       -1.0807762696300074E-003
   25.400000000000002       -1.0647346497000879E-003
   25.450000000000003       -1.0489311304550256E-003
   25.500000000000000       -1.0333621778417519E-003
   25.550000000000001       -1.0180243102620300E-003
   25.600000000000001       -1.0029140977938821E-003
   25.650000000000002       -9.8802816142457700E-004
   25.700000000000003       -9.7336317229499878E-004
   25.750000000000000       -9.5891585095523408E-004
   25.800000000000001       -9.4468296663120560E-004
   25.850000000000001       -9.3066133650219281E-004
   25.900000000000002       -9.1684782498907471E-004
   25.950000000000003       -9.0323934305313897E-004
   26.000000000000000       -8.8983284750529653E-004
   26.050000000000001       -8.7662534032554998E-004
   26.100000000000001       -8.6361386799256405E-004
   26.150000000000002       -8.5079552082318493E-004
   26.200000000000003       -8.3816743232176423E-004
   26.250000000000000       -8.2572677853914064E-004
   26.300000000000001       -8.1347077744113702E-004
   26.350000000000001       -8.0139668828642743E-004
   26.400000000000002       -7.8950181101364260E-004
   26.450000000000003       -7.7778348563756813E-004
   26.500000000000000       -7.6623909165430865E-004
   26.550000000000001       -7.5486604745527829E-004
   26.600000000000001       -7.4366180974988906E-004
   26.650000000000002       -7.3262387299681054E-004
   26.700000000000003       -7.2174976884366868E-004
   26.750000000000000       -7.1103706557506207E-004
   26.800000000000001       -7.0048336756877133E-004
   26.850000000000001       -6.9008631476003815E-004
   26.900000000000002       -6.7984358211379918E-004
   26.950000000000003       -6.6975287910474985E-004
   27.000000000000000       -6.5981194920512677E-004
   27.050000000000001       -6.5001856938009454E-004
   27.100000000000001       -6.4037054959061935E-004
   27.150000000000002       -6.3086573230372307E-004
   27.200000000000003       -6.2150199201000701E-004
   27.250000000000000       -6.1227723474833464E-004
   27.300000000000001       -6.0318939763757203E-004
   27.350000000000001       -5.9423644841527686E-004
   27.400000000000002       -5.8541638498323405E-004
   27.450000000000003       -5.7672723495973903E-004
   27.500000000000000       -5.6816705523852346E-004
   27.550000000000001       -5.5973393155423097E-004
   27.600000000000001       -5.5142597805433915E-004
   27.650000000000002       -5.4324133687743759E-004
   27.700000000000003       -5.3517817773776415E-004
   27.750000000000000       -5.2723469751590909E-004
   27.800000000000001       -5.1940911985559320E-004
   27.850000000000001       -5.1169969476643027E-004
   27.900000000000002       -5.0410469823258786E-004
   27.950000000000003       -4.9662243182725468E-004
   28.000000000000000       -4.8925122233283022E-004
   28.050000000000001       -4.8198942136675361E-004
   28.100000000000001       -4.7483540501288391E-004
   28.150000000000002       -4.6778757345835350E-004
   28.200000000000003       -4.6084435063581023E-004
   28.250000000000000       -4.5400418387097073E-004
   28.300000000000001       -4.4726554353540464E-004
   28.350000000000001       -4.4062692270447175E-004
   28.400000000000002       -4.3408683682033696E-004
   28.450000000000003       -4.2764382335998730E-004
   28.500000000000000       -4.2129644150817533E-004
   28.550000000000001       -4.1504327183521865E-004
   28.600000000000001       -4.0888291597957974E-004
   28.650000000000002       -4.0281399633515882E-004
   28.700000000000003       -3.9683515574322697E-004
   28.750000000000000       -3.9094505718893264E-004
   28.800000000000001       -3.8514238350231242E-004
   28.850000000000001       -3.7942583706373958E-004
   28.900000000000002       -3.7379413951374441E-004
   28.950000000000003       -3.6824603146714223E-004
   29.000000000000000       -3.6278027223140370E-004
   29.050000000000001       -3.5739563952920589E-004
   29.100000000000001       -3.5209092922510111E-004
   29.150000000000002       -3.4686495505624281E-004
   29.200000000000003       -3.4171654836710828E-004
   29.250000000000000       -3.3664455784815844E-004
   29.300000000000001       -3.3164784927837746E-004
   29.350000000000001       -3.2672530527163267E-004
   29.400000000000002       -3.2187582502679992E-004
   29.450000000000003       -3.1709832408159764E-004
   29.500000000000000       -3.1239173407007455E-004
   29.550000000000001       -3.0775500248369684E-004
   29.600000000000001       -3.0318709243598162E-004
   29.650000000000002       -2.9868698243062350E-004
   29.700000000000003       -2.9425366613306344E-004
   29.750000000000000       -2.8988615214544755E-004
   29.800000000000001       -2.8558346378492654E-004
   29.850000000000001       -2.8134463886524515E-004
   29.900000000000002       -2.7716872948157394E-004
   29.950000000000003       -2.7305480179853501E-004
   30.000000000000000       -2.6900193584137303E-004
   30.050000000000001       -2.6500922529022676E-004
   30.100000000000001       -2.6107577727745365E-004
   30.150000000000002       -2.5720071218796276E-004
   30.200000000000003       -2.5338316346251141E-004
   30.250000000000000       -2.4962227740392125E-004
   30.300000000000001       -2.4591721298617119E-004
   30.350000000000001       -2.4226714166632264E-004
   30.400000000000002       -2.3867124719923773E-004
   30.450000000000003       -2.3512872545504643E-004
   30.500000000000000       -2.3163878423932414E-004
   30.550000000000001       -2.2820064311593691E-004
   30.600000000000001       -2.2481353323251734E-004
   30.650000000000002       -2.2147669714853019E-004
   30.700000000000003       -2.1818938866589022E-004
   30.750000000000000       -2.1495087266209419E-004
   30.800000000000001       -2.1176042492582935E-004
   30.850000000000001       -2.0861733199502199E-004
   30.900000000000002       -2.0552089099729019E-004
   30.950000000000003       -2.0247040949276414E-004
   31.000000000000000       -1.9946520531923984E-004
   31.050000000000001       -1.9650460643963084E-004
   31.100000000000001       -1.9358795079168429E-004
   31.150000000000002       -1.9071458613992778E-004
   31.200000000000003       -1.8788386992981342E-004
   31.250000000000000       -1.8509516914402702E-004
   31.300000000000001       -1.8234786016093005E-004
   31.350000000000001       -1.7964132861510222E-004
   31.400000000000002       -1.7697496925995492E-004
   31.450000000000003       -1.7434818583238277E-004
   31.500000000000000       -1.7176039091942495E-004
   31.550000000000001       -1.6921100582690526E-004
   31.600000000000001       -1.6669946045002178E-004
   31.650000000000002       -1.6422519314585775E-004
   31.700000000000003       -1.6178765060778430E-004
   31.750000000000000       -1.5938628774172768E-004
   31.800000000000001       -1.5702056754427290E-004
   31.850000000000001       -1.5468996098257651E-004
   31.900000000000002       -1.5239394687606211E-004
   31.950000000000003       -1.5013201177987144E-004
   32.000000000000000       -1.4790364987004586E-004
   32.050000000000004       -1.4570836283041148E-004
   32.100000000000001       -1.4354565974114357E-004
   32.149999999999999       -1.4141505696898491E-004
   32.200000000000003       -1.3931607805909367E-004
   32.250000000000000       -1.3724825362849619E-004
   32.300000000000004       -1.3521112126112182E-004
   32.350000000000001       -1.3320422540439501E-004
   32.399999999999999       -1.3122711726736298E-004
   32.450000000000003       -1.2927935472033497E-004
   32.500000000000000       -1.2736050219601109E-004
   32.550000000000004       -1.2547013059207915E-004
   32.600000000000001       -1.2360781717525650E-004
   32.649999999999999       -1.2177314548675687E-004
   32.700000000000003       -1.1996570524915981E-004
   32.750000000000000       -1.1818509227466272E-004
   32.800000000000004       -1.1643090837469458E-004
   32.850000000000001       -1.1470276127087116E-004
   32.899999999999999       -1.1300026450727223E-004
   32.950000000000003       -1.1132303736402030E-004
   33.000000000000000       -1.0967070477214240E-004
   33.050000000000004       -1.0804289722969573E-004
   33.100000000000001       -1.0643925071913767E-004
   33.149999999999999       -1.0485940662592277E-004
   33.200000000000003       -1.0330301165830770E-004
   33.250000000000000       -1.0176971776834664E-004
   33.300000000000004       -1.0025918207405919E-004
   33.350000000000001       -9.8771066782753583E-005
   33.399999999999999       -9.7305039115488047E-005
   33.450000000000003       -9.5860771232653296E-005
   33.500000000000000       -9.4437940160659465E-005
   33.550000000000004       -9.3036227719711491E-005
   33.600000000000001       -9.1655320452656153E-005
   33.649999999999999       -9.0294909554885618E-005
   33.700000000000003       -8.8954690805280982E-005
   33.750000000000000       -8.7634364498181077E-005
   33.800000000000004       -8.6333635376360996E-005
   33.850000000000001       -8.5052212565005309E-005
   33.899999999999999       -8.3789809506661336E-005
   33.950000000000003       -8.2546143897157989E-005
   34.000000000000000       -8.1320937622475511E-005
   34.050000000000004       -8.0113916696552553E-005
   34.100000000000001       -7.8924811200016019E-005
   34.149999999999999       -7.7753355219820720E-005
   34.200000000000003       -7.6599286789784469E-005
   34.250000000000000       -7.5462347832006230E-005
   34.300000000000004       -7.4342284099153573E-005
   34.350000000000001       -7.3238845117606612E-005
   34.399999999999999       -7.2151784131446143E-005
   34.450000000000003       -7.1080858047272954E-005
   34.500000000000000       -7.0025827379846094E-005
   34.550000000000004       -6.8986456198528301E-005
   34.600000000000001       -6.7962512074525982E-005
   34.649999999999999       -6.6953766028912578E-005
   34.700000000000003       -6.5959992481423214E-005
   34.750000000000000       -6.4980969200009438E-005
   34.800000000000004       -6.4016477251142772E-005
   34.850000000000001       -6.3066300950855676E-005
   34.899999999999999       -6.2130227816509516E-005
   34.950000000000003       -6.1208048519278168E-005
   35.000000000000000       -6.0299556837336969E-005
   35.050000000000004       -5.9404549609746511E-005
   35.100000000000001       -5.8522826691020882E-005
   35.149999999999999       -5.7654190906370214E-005
   35.200000000000003       -5.6798448007607636E-005
   35.250000000000000       -5.5955406629710584E-005
   35.300000000000004       -5.5124878248026939E-005
   35.350000000000001       -5.4306677136116287E-005
   35.399999999999999       -5.3500620324216953E-005
   35.450000000000003       -5.2706527558329514E-005
   35.500000000000000       -5.1924221259907558E-005
   35.550000000000004       -5.1153526486146823E-005
   35.600000000000001       -5.0394270890863674E-005
   35.649999999999999       -4.9646284685954320E-005
   35.700000000000003       -4.8909400603426051E-005
   35.750000000000000       -4.8183453857991936E-005
   35.800000000000004       -4.7468282110220953E-005
   35.850000000000001       -4.6763725430234776E-005
   35.899999999999999       -4.6069626261943700E-005
   35.950000000000003       -4.5385829387813108E-005
   36.000000000000000       -4.4712181894153116E-005
   36.050000000000004       -4.4048533136923324E-005
   36.100000000000001       -4.3394734708045086E-005
   36.149999999999999       -4.2750640402213934E-005
   36.200000000000003       -4.2116106184204402E-005
   36.250000000000000       -4.1490990156660227E-005
   36.300000000000004       -4.0875152528362740E-005
   36.350000000000001       -4.0268455582970025E-005
   36.399999999999999       -3.9670763648220218E-005
   36.450000000000003       -3.9081943065591907E-005
   36.500000000000000       -3.8501862160414753E-005
   36.550000000000004       -3.7930391212423883E-005
   36.600000000000001       -3.7367402426751207E-005
   36.649999999999999       -3.6812769905347421E-005
   36.700000000000003       -3.6266369618828093E-005
   36.750000000000000       -3.5728079378737640E-005
   36.800000000000004       -3.5197778810225093E-005
   36.850000000000001       -3.4675349325125191E-005
   36.899999999999999       -3.4160674095439351E-005
   36.950000000000003       -3.3653638027209927E-005
   37.000000000000000       -3.3154127734782436E-005
   37.050000000000004       -3.2662031515449796E-005
   37.100000000000001       -3.2177239324472783E-005
   37.149999999999999       -3.1699642750471448E-005
   37.200000000000003       -3.1229134991181585E-005
   37.250000000000000       -3.0765610829571176E-005
   37.300000000000004       -3.0308966610311312E-005
   37.350000000000001       -2.9859100216596303E-005
   37.399999999999999       -2.9415911047307834E-005
   37.450000000000003       -2.8979299994518201E-005
   37.500000000000000       -2.8549169421327218E-005
   37.550000000000004       -2.8125423140028332E-005
   37.600000000000001       -2.7707966390598646E-005
   37.649999999999999       -2.7296705819508279E-005
   37.700000000000003       -2.6891549458844242E-005
   37.750000000000000       -2.6492406705744115E-005
   37.800000000000004       -2.6099188302135134E-005
   37.850000000000001       -2.5711806314773801E-005
   37.899999999999999       -2.5330174115581917E-005
   37.950000000000003       -2.4954206362274439E-005
   38.000000000000000       -2.4583818979274796E-005
   38.050000000000004       -2.4218929138913612E-005
   38.100000000000001       -2.3859455242906350E-005
   38.149999999999999       -2.3505316904105997E-005
   38.200000000000003       -2.3156434928526496E-005
   38.250000000000000       -2.2812731297633036E-005
   38.300000000000004       -2.2474129150895231E-005
   38.350000000000001       -2.2140552768599195E-005
   38.400000000000006       -2.1811927554914802E-005
   38.450000000000003       -2.1488180021214178E-005
   38.500000000000000       -2.1169237769637899E-005
   38.550000000000004       -2.0855029476905054E-005
   38.600000000000001       -2.0545484878363579E-005
   38.650000000000006       -2.0240534752277411E-005
   38.700000000000003       -1.9940110904346784E-005
   38.750000000000000       -1.9644146152458331E-005
   38.800000000000004       -1.9352574311661521E-005
   38.850000000000001       -1.9065330179368091E-005
   38.900000000000006       -1.8782349520771152E-005
   38.950000000000003       -1.8503569054480694E-005
   39.000000000000000       -1.8228926438372356E-005
   39.050000000000004       -1.7958360255646186E-005
   39.100000000000001       -1.7691810001092330E-005
   39.150000000000006       -1.7429216067560631E-005
   39.200000000000003       -1.7170519732630956E-005
   39.250000000000000       -1.6915663145481483E-005
   39.300000000000004       -1.6664589313951809E-005
   39.350000000000001       -1.6417242091798121E-005
   39.400000000000006       -1.6173566166137531E-005
   39.450000000000003       -1.5933507045078746E-005
   39.500000000000000       -1.5697011045536358E-005
   39.550000000000004       -1.5464025281226012E-005
   39.600000000000001       -1.5234497650837712E-005
   39.650000000000006       -1.5008376826384711E-005
   39.700000000000003       -1.4785612241725313E-005
   39.750000000000000       -1.4566154081255049E-005
   39.800000000000004       -1.4349953268766706E-005
   39.850000000000001       -1.4136961456475654E-005
   39.900000000000006       -1.3927131014208143E-005
   39.950000000000003       -1.3720415018749990E-005
   40.000000000000000       -1.3516767243353429E-005
   40.050000000000004       -1.3316142147399677E-005
   40.100000000000001       -1.3118494866214925E-005
   40.150000000000006       -1.2923781201037525E-005
   40.200000000000003       -1.2731957609134029E-005
   40.250000000000000       -1.2542981194062019E-005
   40.300000000000004       -1.2356809696077376E-005
   40.350000000000001       -1.2173401482683980E-005
   40.400000000000006       -1.1992715539323667E-005
   40.450000000000003       -1.1814711460204378E-005
   40.500000000000000       -1.1639349439264425E-005
   40.550000000000004       -1.1466590261270888E-005
   40.600000000000001       -1.1296395293050134E-005
   40.650000000000006       -1.1128726474848491E-005
   40.700000000000003       -1.0963546311821161E-005
   40.750000000000000       -1.0800817865647452E-005
   40.800000000000004       -1.0640504746270472E-005
   40.850000000000001       -1.0482571103759414E-005
   40.900000000000006       -1.0326981620292652E-005
   40.950000000000003       -1.0173701502259785E-005
   41.000000000000000       -1.0022696472480977E-005
   41.050000000000004       -9.8739327625417035E-006
   41.100000000000001       -9.7273771052413244E-006
   41.150000000000006       -9.5829967271537298E-006
   41.200000000000003       -9.4407593412983827E-006
   41.250000000000000       -9.3006331399201907E-006
   41.300000000000004       -9.1625867873764839E-006
   41.350000000000001       -9.0265894131296246E-006
   41.400000000000006       -8.8926106048435840E-006
   41.450000000000003       -8.7606204015830045E-006
   41.500000000000000       -8.6305892871132134E-006
   41.550000000000004       -8.5024881832996552E-006
   41.600000000000001       -8.3762884436053137E-006
   41.650000000000006       -8.2519618466846659E-006
   41.700000000000003       -8.1294805900726661E-006
   41.750000000000000       -8.0088172839674620E-006
   41.800000000000004       -7.8899449451053636E-006
   41.850000000000001       -7.7728369907267010E-006
   41.900000000000006       -7.6574672326313077E-006
   41.950000000000003       -7.5438098713221660E-006
   42.000000000000000       -7.4318394902360270E-006
   42.050000000000004       -7.3215310500596471E-006
   42.100000000000001       -7.2128598831303730E-006
   42.150000000000006       -7.1058016879198580E-006
   42.200000000000003       -7.0003325235996486E-006
   42.250000000000000       -6.8964288046874244E-006
   42.300000000000004       -6.7940672957727096E-006
   42.350000000000001       -6.6932251063208713E-006
   42.400000000000006       -6.5938796855542302E-006
   42.450000000000003       -6.4960088174091621E-006
   42.500000000000000       -6.3995906155680373E-006
   42.550000000000004       -6.3046035185649117E-006
   42.600000000000001       -6.2110262849638502E-006
   42.650000000000006       -6.1188379886088243E-006
   42.700000000000003       -6.0280180139441154E-006
   42.750000000000000       -5.9385460514041671E-006
   42.800000000000004       -5.8504020928718776E-006
   42.850000000000001       -5.7635664272042862E-006
   42.900000000000006       -5.6780196358246906E-006
   42.950000000000003       -5.5937425883801698E-006
   43.000000000000000       -5.5107164384635754E-006
   43.050000000000004       -5.4289226193990116E-006
   43.100000000000001       -5.3483428400898724E-006
   43.150000000000006       -5.2689590809285079E-006
   43.200000000000003       -5.1907535897665966E-006
   43.250000000000000       -5.1137088779453368E-006
   43.300000000000004       -5.0378077163845478E-006
   43.350000000000001       -4.9630331317298321E-006
   43.400000000000006       -4.8893684025569196E-006
   43.450000000000003       -4.8167970556323366E-006
   43.500000000000000       -4.7453028622296066E-006
   43.550000000000004       -4.6748698345000988E-006
   43.600000000000001       -4.6054822218977516E-006
   43.650000000000006       -4.5371245076568802E-006
   43.700000000000003       -4.4697814053222284E-006
   43.750000000000000       -4.4034378553305655E-006
   43.800000000000004       -4.3380790216429845E-006
   43.850000000000001       -4.2736902884272034E-006
   43.900000000000006       -4.2102572567891138E-006
   43.950000000000003       -4.1477657415528318E-006
   44.000000000000000       -4.0862017680885476E-006
   44.050000000000004       -4.0255515691874560E-006
   44.100000000000001       -3.9658015819830731E-006
   44.150000000000006       -3.9069384449182455E-006
   44.200000000000003       -3.8489489947571841E-006
   44.250000000000000       -3.7918202636418386E-006
   44.300000000000004       -3.7355394761919712E-006
   44.350000000000001       -3.6800940466482652E-006
   44.400000000000006       -3.6254715760578452E-006
   44.450000000000003       -3.5716598495015667E-006
   44.500000000000000       -3.5186468333624636E-006
   44.550000000000004       -3.4664206726347330E-006
   44.600000000000001       -3.4149696882726706E-006
   44.650000000000006       -3.3642823745789516E-006
   44.700000000000003       -3.3143473966316686E-006
   44.750000000000000       -3.2651535877495746E-006
   44.800000000000004       -3.2166899469949336E-006
   44.850000000000001       -3.1689456367134463E-006
   44.900000000000006       -3.1219099801106834E-006
   44.950000000000003       -3.0755724588644946E-006
   45.000000000000000       -3.0299227107728562E-006
   45.050000000000004       -2.9849505274366260E-006
   45.100000000000001       -2.9406458519766979E-006
   45.150000000000006       -2.8969987767850379E-006
   45.200000000000003       -2.8539995413091006E-006
   45.250000000000000       -2.8116385298691327E-006
   45.300000000000004       -2.7699062695078680E-006
   45.350000000000001       -2.7287934278721475E-006
   45.400000000000006       -2.6882908111259741E-006
   45.450000000000003       -2.6483893618945457E-006
   45.500000000000000       -2.6090801572388070E-006
   45.550000000000004       -2.5703544066600640E-006
   45.600000000000001       -2.5322034501342078E-006
   45.650000000000006       -2.4946187561751267E-006
   45.700000000000003       -2.4575919199268556E-006
   45.750000000000000       -2.4211146612840454E-006
   45.800000000000004       -2.3851788230403281E-006
   45.850000000000001       -2.3497763690641671E-006
   45.900000000000006       -2.3148993825017812E-006
   45.950000000000003       -2.2805400640067420E-006
   46.000000000000000       -2.2466907299958530E-006
   46.050000000000004       -2.2133438109309082E-006
   46.100000000000001       -2.1804918496259596E-006
   46.150000000000006       -2.1481274995797103E-006
   46.200000000000003       -2.1162435233326546E-006
   46.250000000000000       -2.0848327908486068E-006
   46.300000000000004       -2.0538882779202518E-006
   46.350000000000001       -2.0234030645983573E-006
   46.400000000000006       -1.9933703336443059E-006
   46.450000000000003       -1.9637833690055979E-006
   46.500000000000000       -1.9346355543139702E-006
   46.550000000000004       -1.9059203714058210E-006
   46.600000000000001       -1.8776313988645847E-006
   46.650000000000006       -1.8497623105847512E-006
   46.700000000000003       -1.8223068743571877E-006
   46.750000000000000       -1.7952589504754713E-006
   46.800000000000004       -1.7686124903628967E-006
   46.850000000000001       -1.7423615352198654E-006
   46.900000000000006       -1.7165002146913569E-006
   46.950000000000003       -1.6910227455541690E-006
   47.000000000000000       -1.6659234304236517E-006
   47.050000000000004       -1.6411966564796311E-006
   47.100000000000001       -1.6168368942112449E-006
   47.150000000000006       -1.5928386961804104E-006
   47.200000000000003       -1.5691966958036430E-006
   47.250000000000000       -1.5459056061519576E-006
   47.300000000000004       -1.5229602187685820E-006
   47.350000000000001       -1.5003554025042176E-006
   47.400000000000006       -1.4780861023695913E-006
   47.450000000000003       -1.4561473384050339E-006
   47.500000000000000       -1.4345342045668406E-006
   47.550000000000004       -1.4132418676301620E-006
   47.600000000000001       -1.3922655661081716E-006
   47.650000000000006       -1.3716006091872857E-006
   47.700000000000003       -1.3512423756781801E-006
   47.750000000000000       -1.3311863129823822E-006
   47.800000000000004       -1.3114279360741962E-006
   47.850000000000001       -1.2919628264977412E-006
   47.900000000000006       -1.2727866313788798E-006
   47.950000000000003       -1.2538950624518049E-006
   48.000000000000000       -1.2352838951000828E-006
   48.050000000000004       -1.2169489674119225E-006
   48.100000000000001       -1.1988861792494724E-006
   48.150000000000006       -1.1810914913319289E-006
   48.200000000000003       -1.1635609243322534E-006
   48.250000000000000       -1.1462905579872992E-006
   48.300000000000004       -1.1292765302211437E-006
   48.350000000000001       -1.1125150362814344E-006
   48.400000000000006       -1.0960023278885526E-006
   48.450000000000003       -1.0797347123974081E-006
   48.500000000000000       -1.0637085519716718E-006
   48.550000000000004       -1.0479202627702670E-006
   48.600000000000001       -1.0323663141459360E-006
   48.650000000000006       -1.0170432278556995E-006
   48.700000000000003       -1.0019475772830377E-006
   48.750000000000000       -9.8707598667161535E-007
   48.800000000000004       -9.7242513037037818E-007
   48.850000000000001       -9.5799173208985860E-007
   48.900000000000006       -9.4377256416951636E-007
   48.950000000000003       -9.2976444685595259E-007
   49.000000000000000       -9.1596424759184310E-007
   49.050000000000004       -9.0236888031541973E-007
   49.100000000000001       -8.8897530477035102E-007
   49.150000000000006       -8.7578052582586879E-007
   49.200000000000003       -8.6278159280698116E-007
   49.250000000000000       -8.4997559883463166E-007
   49.300000000000004       -8.3735968017564920E-007
   49.350000000000001       -8.2493101560234661E-007
   49.400000000000006       -8.1268682576162643E-007
   49.450000000000003       -8.0062437255344890E-007
   49.500000000000000       -7.8874095851852614E-007
   49.550000000000004       -7.7703392623510465E-007
   49.600000000000001       -7.6550065772469976E-007
   49.650000000000006       -7.5413857386665326E-007
   49.700000000000003       -7.4294513382137732E-007
   49.750000000000000       -7.3191783446216228E-007
   49.800000000000004       -7.2105420981541531E-007
   49.850000000000001       -7.1035183050920865E-007
   49.900000000000006       -6.9980830323001286E-007
   49.950000000000003       -6.8942127018749359E-007
   50.000000000000000       -6.7918840858725110E-007
   50.050000000000004       -6.6910743011138826E-007
   50.100000000000001       -6.5917608040678506E-007
   50.150000000000006       -6.4939213858097169E-007
   50.200000000000003       -6.3975341670548125E-007
   50.250000000000000       -6.3025775932657705E-007
   50.300000000000004       -6.2090304298323911E-007
   50.350000000000001       -6.1168717573230717E-007
   50.400000000000006       -6.0260809668067080E-007
   50.450000000000003       -5.9366377552440341E-007
   50.500000000000000       -5.8485221209473638E-007
   50.550000000000004       -5.7617143591077357E-007
   50.600000000000001       -5.6761950573884196E-007
   50.650000000000006       -5.5919450915838549E-007
   50.700000000000003       -5.5089456213430084E-007
   50.750000000000000       -5.4271780859562152E-007
   50.800000000000004       -5.3466242002045382E-007
   50.850000000000001       -5.2672659502707614E-007
   50.900000000000006       -5.1890855897110521E-007
   50.950000000000003       -5.1120656354864215E-007
   51.000000000000000       -5.0361888640530944E-007
   51.050000000000004       -4.9614383075109044E-007
   51.100000000000001       -4.8877972498088450E-007
   51.150000000000006       -4.8152492230069760E-007
   51.200000000000003       -4.7437780035937612E-007
   51.250000000000000       -4.6733676088581165E-007
   51.300000000000004       -4.6040022933152743E-007
   51.350000000000001       -4.5356665451857098E-007
   51.400000000000006       -4.4683450829263356E-007
   51.450000000000003       -4.4020228518131642E-007
   51.500000000000000       -4.3366850205747104E-007
   51.550000000000004       -4.2723169780753549E-007
   51.600000000000001       -4.2089043300479388E-007
   51.650000000000006       -4.1464328958748520E-007
   51.700000000000003       -4.0848887054169001E-007
   51.750000000000000       -4.0242579958892400E-007
   51.800000000000004       -3.9645272087836914E-007
   51.850000000000001       -3.9056829868367095E-007
   51.900000000000006       -3.8477121710423910E-007
   51.950000000000003       -3.7906017977097830E-007
   52.000000000000000       -3.7343390955638971E-007
   52.050000000000004       -3.6789114828897337E-007
   52.100000000000001       -3.6243065647187040E-007
   52.150000000000006       -3.5705121300568131E-007
   52.200000000000003       -3.5175161491539834E-007
   52.250000000000000       -3.4653067708139101E-007
   52.300000000000004       -3.4138723197438406E-007
   52.350000000000001       -3.3632012939436946E-007
   52.400000000000006       -3.3132823621339391E-007
   52.450000000000003       -3.2641043612216345E-007
   52.500000000000000       -3.2156562938040923E-007
   52.550000000000004       -3.1679273257095932E-007
   52.600000000000001       -3.1209067835745966E-007
   52.650000000000006       -3.0745841524569159E-007
   52.700000000000003       -3.0289490734843229E-007
   52.750000000000000       -2.9839913415380488E-007
   52.800000000000004       -2.9397009029706720E-007
   52.850000000000001       -2.8960678533578762E-007
   52.900000000000006       -2.8530824352835780E-007
   52.950000000000003       -2.8107350361579313E-007
   53.000000000000000       -2.7690161860677173E-007
   53.050000000000004       -2.7279165556586419E-007
   53.100000000000001       -2.6874269540490572E-007
   53.150000000000006       -2.6475383267746671E-007
   53.200000000000003       -2.6082417537637198E-007
   53.250000000000000       -2.5695284473422624E-007
   53.300000000000004       -2.5313897502690064E-007
   53.350000000000001       -2.4938171337993530E-007
   53.400000000000006       -2.4568021957781587E-007
   53.450000000000003       -2.4203366587608089E-007
   53.500000000000000       -2.3844123681621767E-007
   53.550000000000004       -2.3490212904330619E-007
   53.600000000000001       -2.3141555112636895E-007
   53.650000000000006       -2.2798072338138800E-007
   53.700000000000003       -2.2459687769694812E-007
   53.750000000000000       -2.2126325736246898E-007
   53.800000000000004       -2.1797911689898534E-007
   53.850000000000001       -2.1474372189244048E-007
   53.900000000000006       -2.1155634882945287E-007
   53.950000000000003       -2.0841628493552092E-007
   54.000000000000000       -2.0532282801562938E-007
   54.050000000000004       -2.0227528629722114E-007
   54.100000000000001       -1.9927297827550021E-007
   54.150000000000006       -1.9631523256103044E-007
   54.200000000000003       -1.9340138772959641E-007
   54.250000000000000       -1.9053079217429290E-007
   54.300000000000004       -1.8770280395980985E-007
   54.350000000000001       -1.8491679067887940E-007
   54.400000000000006       -1.8217212931085478E-007
   54.450000000000003       -1.7946820608238722E-007
   54.500000000000000       -1.7680441633017156E-007
   54.550000000000004       -1.7418016436572847E-007
   54.600000000000001       -1.7159486334219414E-007
   54.650000000000006       -1.6904793512308696E-007
   54.700000000000003       -1.6653881015302191E-007
   54.750000000000000       -1.6406692733034437E-007
   54.800000000000004       -1.6163173388165384E-007
   54.850000000000001       -1.5923268523819022E-007
   54.900000000000006       -1.5686924491405526E-007
   54.950000000000003       -1.5454088438624103E-007
   55.000000000000000       -1.5224708297643907E-007
   55.050000000000004       -1.4998732773460428E-007
   55.100000000000001       -1.4776111332424658E-007
   55.150000000000006       -1.4556794190942555E-007
   55.200000000000003       -1.4340732304342181E-007
   55.250000000000000       -1.4127877355906147E-007
   55.300000000000004       -1.3918181746066787E-007
   55.350000000000001       -1.3711598581761752E-007
   55.400000000000006       -1.3508081665947575E-007
   55.450000000000003       -1.3307585487268862E-007
   55.500000000000000       -1.3110065209880868E-007
   55.550000000000004       -1.2915476663423079E-007
   55.600000000000001       -1.2723776333141665E-007
   55.650000000000006       -1.2534921350158514E-007
   55.700000000000003       -1.2348869481884687E-007
   55.750000000000000       -1.2165579122576189E-007
   55.800000000000004       -1.1985009284029914E-007
   55.850000000000001       -1.1807119586417667E-007
   55.900000000000006       -1.1631870249256270E-007
   55.950000000000003       -1.1459222082511649E-007
   56.000000000000000       -1.1289136477834994E-007
   56.050000000000004       -1.1121575399929000E-007
   56.100000000000001       -1.0956501378042226E-007
   56.150000000000006       -1.0793877497589734E-007
   56.200000000000003       -1.0633667391898081E-007
   56.250000000000000       -1.0475835234072845E-007
   56.300000000000004       -1.0320345728986847E-007
   56.350000000000001       -1.0167164105387306E-007
   56.400000000000006       -1.0016256108120137E-007
   56.450000000000003       -9.8675879904696569E-008
   56.500000000000000       -9.7211265066119979E-008
   56.550000000000004       -9.5768389041805294E-008
   56.600000000000001       -9.4346929169416302E-008
   56.650000000000006       -9.2946567575791632E-008
   56.700000000000003       -9.1566991105860572E-008
   56.750000000000000       -9.0207891252613982E-008
   56.800000000000004       -8.8868964088114589E-008
   56.850000000000001       -8.7549910195531181E-008
   56.900000000000006       -8.6250434602181868E-008
   56.950000000000003       -8.4970246713570762E-008
   57.000000000000000       -8.3709060248404142E-008
   57.050000000000004       -8.2466593174570843E-008
   57.100000000000001       -8.1242567646072977E-008
   57.150000000000006       -8.0036709940892927E-008
   57.200000000000003       -7.8848750399782174E-008
   57.250000000000000       -7.7678423365959117E-008
   57.300000000000004       -7.6525467125701653E-008
   57.350000000000001       -7.5389623849821497E-008
   57.400000000000006       -7.4270639536007443E-008
   57.450000000000003       -7.3168263952024095E-008
   57.500000000000000       -7.2082250579753954E-008
   57.550000000000004       -7.1012356560069840E-008
   57.600000000000001       -6.9958342638525669E-008
   57.650000000000006       -6.8919973111853393E-008
   57.700000000000003       -6.7897015775253884E-008
   57.750000000000000       -6.6889241870470334E-008
   57.800000000000004       -6.5896426034632352E-008
   57.850000000000001       -6.4918346249859166E-008
   57.900000000000006       -6.3954783793611227E-008
   57.950000000000003       -6.3005523189778240E-008
   58.000000000000000       -6.2070352160493704E-008
   58.050000000000004       -6.1149061578664213E-008
   58.100000000000001       -6.0241445421203600E-008
   58.150000000000006       -5.9347300722961115E-008
   58.200000000000003       -5.8466427531333447E-008
   58.250000000000000       -5.7598628861550509E-008
   58.300000000000004       -5.6743710652624786E-008
   58.350000000000001       -5.5901481723954484E-008
   58.400000000000006       -5.5071753732571012E-008
   58.450000000000003       -5.4254341131020747E-008
   58.500000000000000       -5.3449061125872220E-008
   58.550000000000004       -5.2655733636838971E-008
   58.600000000000001       -5.1874181256509178E-008
   58.650000000000006       -5.1104229210673104E-008
   58.700000000000003       -5.0345705319239228E-008
   58.750000000000000       -4.9598439957730607E-008
   58.800000000000004       -4.8862266019352721E-008
   58.850000000000001       -4.8137018877624259E-008
   58.900000000000006       -4.7422536349562647E-008
   58.950000000000003       -4.6718658659415963E-008
   59.000000000000000       -4.6025228402933186E-008
   59.050000000000004       -4.5342090512164757E-008
   59.100000000000001       -4.4669092220785541E-008
   59.150000000000006       -4.4006083029932669E-008
   59.200000000000003       -4.3352914674550149E-008
   59.250000000000000       -4.2709441090233322E-008
   59.300000000000004       -4.2075518380565230E-008
   59.350000000000001       -4.1451004784937842E-008
   59.400000000000006       -4.0835760646850963E-008
   59.450000000000003       -4.0229648382681595E-008
   59.500000000000000       -3.9632532450916889E-008
   59.550000000000004       -3.9044279321843762E-008
   59.600000000000001       -3.8464757447688371E-008
   59.650000000000006       -3.7893837233198824E-008
   59.700000000000003       -3.7331391006664502E-008
   59.750000000000000       -3.6777292991365581E-008
   59.800000000000004       -3.6231419277446264E-008
   59.850000000000001       -3.5693647794205473E-008
   59.900000000000006       -3.5163858282798914E-008
   59.950000000000003       -3.4641932269346245E-008
   60.000000000000000       -3.4127753038437386E-008
   60.050000000000004       -3.3621205607032160E-008
   60.100000000000001       -3.3122176698747237E-008
   60.150000000000006       -3.2630554718524748E-008
   60.200000000000003       -3.2146229727676971E-008
   60.250000000000000       -3.1669093419301277E-008
   60.300000000000004       -3.1199039094060126E-008
   60.350000000000001       -3.0735961636320434E-008
   60.400000000000006       -3.0279757490647199E-008
   60.450000000000003       -2.9830324638645909E-008
   60.500000000000000       -2.9387562576148807E-008
   60.550000000000004       -2.8951372290739670E-008
   60.600000000000001       -2.8521656239612192E-008
   60.650000000000006       -2.8098318327757089E-008
   60.700000000000003       -2.7681263886472842E-008
   60.750000000000000       -2.7270399652195507E-008
   60.800000000000004       -2.6865633745642696E-008
   60.850000000000001       -2.6466875651267074E-008
   60.900000000000006       -2.6074036197014951E-008
   60.950000000000003       -2.5687027534385171E-008
   61.000000000000000       -2.5305763118784075E-008
   61.050000000000004       -2.4930157690171997E-008
   61.100000000000001       -2.4560127253997041E-008
   61.150000000000006       -2.4195589062411851E-008
   61.200000000000003       -2.3836461595769160E-008
   61.250000000000000       -2.3482664544392017E-008
   61.300000000000004       -2.3134118790614566E-008
   61.350000000000001       -2.2790746391089432E-008
   61.400000000000006       -2.2452470559357641E-008
   61.450000000000003       -2.2119215648677326E-008
   61.500000000000000       -2.1790907135107244E-008
   61.550000000000004       -2.1467471600841429E-008
   61.600000000000001       -2.1148836717791152E-008
   61.650000000000006       -2.0834931231410601E-008
   61.700000000000003       -2.0525684944762616E-008
   61.750000000000000       -2.0221028702820964E-008
   61.800000000000004       -1.9920894377005560E-008
   61.850000000000001       -1.9625214849947251E-008
   61.900000000000006       -1.9333924000478764E-008
   61.950000000000003       -1.9046956688848341E-008
   62.000000000000000       -1.8764248742152969E-008
   62.050000000000004       -1.8485736939987676E-008
   62.100000000000001       -1.8211359000307958E-008
   62.150000000000006       -1.7941053565501988E-008
   62.200000000000003       -1.7674760188669519E-008
   62.250000000000000       -1.7412419320104529E-008
   62.300000000000004       -1.7153972293978405E-008
   62.350000000000001       -1.6899361315220857E-008
   62.400000000000006       -1.6648529446595519E-008
   62.450000000000003       -1.6401420595967399E-008
   62.500000000000000       -1.6157979503759301E-008
   62.550000000000004       -1.5918151730594437E-008
   62.600000000000001       -1.5681883645122438E-008
   62.650000000000006       -1.5449122412026102E-008
   62.700000000000003       -1.5219815980206095E-008
   62.750000000000000       -1.4993913071141080E-008
   62.800000000000004       -1.4771363167420572E-008
   62.850000000000001       -1.4552116501448005E-008
   62.900000000000006       -1.4336124044311498E-008
   62.950000000000003       -1.4123337494819773E-008
   63.000000000000000       -1.3913709268700857E-008
   63.050000000000004       -1.3707192487961038E-008
   63.100000000000001       -1.3503740970401833E-008
   63.150000000000006       -1.3303309219292502E-008
   63.200000000000003       -1.3105852413195873E-008
   63.250000000000000       -1.2911326395945171E-008
   63.300000000000004       -1.2719687666769627E-008
   63.350000000000001       -1.2530893370566630E-008
   63.400000000000006       -1.2344901288318295E-008
   63.450000000000003       -1.2161669827650238E-008
   63.500000000000000       -1.1981158013530538E-008
   63.550000000000004       -1.1803325479106679E-008
   63.600000000000001       -1.1628132456678559E-008
   63.650000000000006       -1.1455539768805460E-008
   63.700000000000003       -1.1285508819545004E-008
   63.750000000000000       -1.1118001585822169E-008
   63.800000000000004       -1.0952980608926395E-008
   63.850000000000001       -1.0790408986134897E-008
   63.900000000000006       -1.0630250362460322E-008
   63.950000000000003       -1.0472468922520887E-008
   64.000000000000000       -1.0317029382531165E-008
   64.049999999999997       -1.0163896982411794E-008
   64.100000000000009       -1.0013037478016268E-008
   64.150000000000006       -9.8644171334730882E-009
   64.200000000000003       -9.7180027136416283E-009
   64.250000000000000       -9.5737614766799193E-009
   64.299999999999997       -9.4316611667227912E-009
   64.350000000000009       -9.2916700066686594E-009
   64.400000000000006       -9.1537566910734083E-009
   64.450000000000003       -9.0178903791496949E-009
   64.500000000000000       -8.8840406878702451E-009
   64.549999999999997       -8.7521776851734128E-009
   64.600000000000009       -8.6222718832696766E-009
   64.650000000000006       -8.4942942320474330E-009
   64.700000000000003       -8.3682161125766876E-009
   64.750000000000000       -8.2440093307091668E-009
   64.799999999999997       -8.1216461107733984E-009
   64.850000000000009       -8.0010990893634186E-009
   64.900000000000006       -7.8823413092196264E-009
   64.950000000000003       -7.7653462132004955E-009
   65.000000000000000       -7.6500876383437361E-009
   65.049999999999997       -7.5365398100156241E-009
   65.100000000000009       -7.4246773361471616E-009
   65.150000000000006       -7.3144752015557914E-009
   65.200000000000003       -7.2059087623513889E-009
   65.250000000000000       -7.0989537404252865E-009
   65.299999999999997       -6.9935862180210992E-009
   65.350000000000009       -6.8897826323861188E-009
   65.400000000000006       -6.7875197705021224E-009
   65.450000000000003       -6.6867747638943570E-009
   65.500000000000000       -6.5875250835176049E-009
   65.549999999999997       -6.4897485347181349E-009
   65.600000000000009       -6.3934232522704278E-009
   65.650000000000006       -6.2985276954875815E-009
   65.700000000000003       -6.2050406434042939E-009
   65.750000000000000       -6.1129411900313281E-009
   65.799999999999997       -6.0222087396804252E-009
   65.850000000000009       -5.9328230023586087E-009
   65.900000000000006       -5.8447639892308376E-009
   65.950000000000003       -5.7580120081500227E-009
   66.000000000000000       -5.6725476592533778E-009
   66.049999999999997       -5.5883518306241369E-009
   66.100000000000009       -5.5054056940176633E-009
   66.150000000000006       -5.4236907006509904E-009
   66.200000000000003       -5.3431885770548684E-009
   66.250000000000000       -5.2638813209873566E-009
   66.299999999999997       -5.1857511974081025E-009
   66.350000000000009       -5.1087807345123351E-009
   66.400000000000006       -5.0329527198237433E-009
   66.450000000000003       -4.9582501963453630E-009
   66.500000000000000       -4.8846564587675579E-009
   66.549999999999997       -4.8121550497323162E-009
   66.600000000000009       -4.7407297561529788E-009
   66.650000000000006       -4.6703646055885962E-009
   66.700000000000003       -4.6010438626721051E-009
   66.750000000000000       -4.5327520255915118E-009
   66.799999999999997       -4.4654738226233098E-009
   66.850000000000009       -4.3991942087173464E-009
   66.900000000000006       -4.3338983621323838E-009
   66.950000000000003       -4.2695716811215980E-009
   67.000000000000000       -4.2061997806672701E-009
   67.049999999999997       -4.1437684892639413E-009
   67.100000000000009       -4.0822638457493251E-009
   67.150000000000006       -4.0216720961822406E-009
   67.200000000000003       -3.9619796907669036E-009
   67.250000000000000       -3.9031732808228574E-009
   67.299999999999997       -3.8452397157998819E-009
   67.350000000000009       -3.7881660403372125E-009
   67.400000000000006       -3.7319394913663955E-009
   67.450000000000003       -3.6765474952571673E-009
   67.500000000000000       -3.6219776650056726E-009
   67.549999999999997       -3.5682177974644346E-009
   67.600000000000009       -3.5152558706134286E-009
   67.650000000000006       -3.4630800408716645E-009
   67.700000000000003       -3.4116786404486777E-009
   67.750000000000000       -3.3610401747353215E-009
   67.799999999999997       -3.3111533197332938E-009
   67.850000000000009       -3.2620069195228114E-009
   67.900000000000006       -3.2135899837678765E-009
   67.950000000000003       -3.1658916852585689E-009
   68.000000000000000       -3.1189013574898165E-009
   68.049999999999997       -3.0726084922761044E-009
   68.100000000000009       -3.0270027374015877E-009
   68.150000000000006       -2.9820738943050826E-009
   68.200000000000003       -2.9378119157994185E-009
   68.250000000000000       -2.8942069038246457E-009
   68.299999999999997       -2.8512491072345818E-009
   68.350000000000009       -2.8089289196162195E-009
   68.400000000000006       -2.7672368771414985E-009
   68.450000000000003       -2.7261636564509590E-009
   68.500000000000000       -2.6857000725688173E-009
   68.549999999999997       -2.6458370768489736E-009
   68.600000000000009       -2.6065657549515188E-009
   68.650000000000006       -2.5678773248492670E-009
   68.700000000000003       -2.5297631348638810E-009
   68.750000000000000       -2.4922146617311456E-009
   68.799999999999997       -2.4552235086949574E-009
   68.850000000000009       -2.4187814036296063E-009
   68.900000000000006       -2.3828801971899215E-009
   68.950000000000003       -2.3475118609888856E-009
   69.000000000000000       -2.3126684858022852E-009
   69.049999999999997       -2.2783422798000180E-009
   69.100000000000009       -2.2445255668036482E-009
   69.150000000000006       -2.2112107845698259E-009
   69.200000000000003       -2.1783904830991852E-009
   69.250000000000000       -2.1460573229703390E-009
   69.299999999999997       -2.1142040736986117E-009
   69.350000000000009       -2.0828236121191207E-009
   69.400000000000006       -2.0519089207938617E-009
   69.450000000000003       -2.0214530864424436E-009
   69.500000000000000       -1.9914492983961059E-009
   69.549999999999997       -1.9618908470746886E-009
   69.600000000000009       -1.9327711224862040E-009
   69.650000000000006       -1.9040836127486824E-009
   69.700000000000003       -1.8758219026339573E-009
   69.750000000000000       -1.8479796721330614E-009
   69.799999999999997       -1.8205506950429187E-009
   69.850000000000009       -1.7935288375740165E-009
   69.900000000000006       -1.7669080569787337E-009
   69.950000000000003       -1.7406824002000418E-009
   70.000000000000000       -1.7148460025402513E-009
   70.049999999999997       -1.6893930863495231E-009
   70.100000000000009       -1.6643179597338463E-009
   70.150000000000006       -1.6396150152821891E-009
   70.200000000000003       -1.6152787288125466E-009
   70.250000000000000       -1.5913036581365983E-009
   70.299999999999997       -1.5676844418427014E-009
   70.350000000000009       -1.5444157980969484E-009
   70.400000000000006       -1.5214925234620186E-009
   70.450000000000003       -1.4989094917335666E-009
   70.500000000000000       -1.4766616527938725E-009
   70.549999999999997       -1.4547440314825151E-009
   70.600000000000009       -1.4331517264838052E-009
   70.650000000000006       -1.4118799092307277E-009
   70.700000000000003       -1.3909238228251608E-009
   70.750000000000000       -1.3702787809741147E-009
   70.799999999999997       -1.3499401669417616E-009
   70.850000000000009       -1.3299034325170228E-009
   70.900000000000006       -1.3101640969964758E-009
   70.950000000000003       -1.2907177461823600E-009
   71.000000000000000       -1.2715600313954548E-009
   71.049999999999997       -1.2526866685026081E-009
   71.100000000000009       -1.2340934369586999E-009
   71.150000000000006       -1.2157761788628234E-009
   71.200000000000003       -1.1977307980284804E-009
   71.250000000000000       -1.1799532590675696E-009
   71.299999999999997       -1.1624395864879799E-009
   71.350000000000009       -1.1451858638045693E-009
   71.400000000000006       -1.1281882326633437E-009
   71.450000000000003       -1.1114428919786370E-009
   71.500000000000000       -1.0949460970830942E-009
   71.549999999999997       -1.0786941588902709E-009
   71.600000000000009       -1.0626834430696651E-009
   71.650000000000006       -1.0469103692339917E-009
   71.700000000000003       -1.0313714101385195E-009
   71.750000000000000       -1.0160630908922955E-009
   71.799999999999997       -1.0009819881810712E-009
   71.850000000000009       -9.8612472950176831E-010
   71.900000000000006       -9.7148799240830374E-010
   71.950000000000003       -9.5706850376860884E-010
   72.000000000000000       -9.4286303903267854E-010
   72.049999999999997       -9.2886842151148223E-010
   72.100000000000009       -9.1508152166657853E-010
   72.150000000000006       -9.0149925641027380E-010
   72.200000000000003       -8.8811858841616921E-010
   72.250000000000000       -8.7493652543994005E-010
   72.299999999999997       -8.6195011965019599E-010
   72.350000000000009       -8.4915646696927505E-010
   72.400000000000006       -8.3655270642381971E-010
   72.450000000000003       -8.2413601950499471E-010
   72.500000000000000       -8.1190362953819871E-010
   72.549999999999997       -7.9985280106213211E-010
   72.600000000000009       -7.8798083921708143E-010
   72.650000000000006       -7.7628508914228211E-010
   72.700000000000003       -7.6476293538222765E-010
   72.750000000000000       -7.5341180130178887E-010
   72.799999999999997       -7.4222914851001680E-010
   72.850000000000009       -7.3121247629249480E-010
   72.900000000000006       -7.2035932105211827E-010
   72.950000000000003       -7.0966725575817479E-010
   73.000000000000000       -6.9913388940359989E-010
   73.049999999999997       -6.8875686647029038E-010
   73.100000000000009       -6.7853386640235174E-010
   73.150000000000006       -6.6846260308716583E-010
   73.200000000000003       -6.5854082434416069E-010
   73.250000000000000       -6.4876631142116673E-010
   73.299999999999997       -6.3913687849825089E-010
   73.350000000000009       -6.2965037219891261E-010
   73.400000000000006       -6.2030467110853735E-010
   73.450000000000003       -6.1109768529999526E-010
   73.500000000000000       -6.0202735586628386E-010
   73.549999999999997       -5.9309165446010479E-010
   73.600000000000009       -5.8428858284027646E-010
   73.650000000000006       -5.7561617242487823E-010
   73.700000000000003       -5.6707248385102761E-010
   73.750000000000000       -5.5865560654119152E-010
   73.799999999999997       -5.5036365827593383E-010
   73.850000000000009       -5.4219478477300570E-010
   73.900000000000006       -5.3414715927268245E-010
   73.950000000000003       -5.2621898212925551E-010
   74.000000000000000       -5.1840848040858754E-010
   74.049999999999997       -5.1071390749164152E-010
   74.100000000000009       -5.0313354268389332E-010
   74.150000000000006       -4.9566569083054304E-010
   74.200000000000003       -4.8830868193743655E-010
   74.250000000000000       -4.8106087079761412E-010
   74.299999999999997       -4.7392063662340191E-010
   74.350000000000009       -4.6688638268396424E-010
   74.400000000000006       -4.5995653594823571E-010
   74.450000000000003       -4.5312954673315287E-010
   74.500000000000000       -4.4640388835710716E-010
   74.549999999999997       -4.3977805679854162E-010
   74.600000000000009       -4.3325057035961531E-010
   74.650000000000006       -4.2681996933485890E-010
   74.700000000000003       -4.2048481568474918E-010
   74.750000000000000       -4.1424369271412802E-010
   74.799999999999997       -4.0809520475539531E-010
   74.850000000000009       -4.0203797685640279E-010
   74.900000000000006       -3.9607065447298150E-010
   74.950000000000003       -3.9019190316603303E-010
   75.000000000000000       -3.8440040830311544E-010
   75.049999999999997       -3.7869487476446039E-010
   75.100000000000009       -3.7307402665335178E-010
   75.150000000000006       -3.6753660701080424E-010
   75.200000000000003       -3.6208137753447683E-010
   75.250000000000000       -3.5670711830175818E-010
   75.299999999999997       -3.5141262749696187E-010
   75.350000000000009       -3.4619672114257106E-010
   75.400000000000006       -3.4105823283447234E-010
   75.450000000000003       -3.3599601348111918E-010
   75.500000000000000       -3.3100893104656677E-010
   75.549999999999997       -3.2609587029732175E-010
   75.600000000000009       -3.2125573255294819E-010
   75.650000000000006       -3.1648743544037566E-010
   75.700000000000003       -3.1178991265185494E-010
   75.750000000000000       -3.0716211370650476E-010
   75.799999999999997       -3.0260300371539886E-010
   75.850000000000009       -2.9811156315013982E-010
   75.900000000000006       -2.9368678761486717E-010
   75.950000000000003       -2.8932768762165015E-010
   76.000000000000000       -2.8503328836921401E-010
   76.049999999999997       -2.8080262952495083E-010
   76.100000000000009       -2.7663476501016536E-010
   76.150000000000006       -2.7252876278850856E-010
   76.200000000000003       -2.6848370465755224E-010
   76.250000000000000       -2.6449868604345557E-010
   76.299999999999997       -2.6057281579868123E-010
   76.350000000000009       -2.5670521600271250E-010
   76.400000000000006       -2.5289502176572845E-010
   76.450000000000003       -2.4914138103519438E-010
   76.500000000000000       -2.4544345440532142E-010
   76.549999999999997       -2.4180041492935476E-010
   76.600000000000009       -2.3821144793464871E-010
   76.650000000000006       -2.3467575084048535E-010
   76.700000000000003       -2.3119253297859858E-010
   76.750000000000000       -2.2776101541636058E-010
   76.800000000000011       -2.2438043078259414E-010
   76.850000000000009       -2.2105002309596928E-010
   76.900000000000006       -2.1776904759594758E-010
   76.950000000000003       -2.1453677057623537E-010
   77.000000000000000       -2.1135246922070908E-010
   77.050000000000011       -2.0821543144177619E-010
   77.100000000000009       -2.0512495572113454E-010
   77.150000000000006       -2.0208035095289609E-010
   77.200000000000003       -1.9908093628903859E-010
   77.250000000000000       -1.9612604098715146E-010
   77.300000000000011       -1.9321500426044127E-010
   77.350000000000009       -1.9034717512996357E-010
   77.400000000000006       -1.8752191227904840E-010
   77.450000000000003       -1.8473858390988589E-010
   77.500000000000000       -1.8199656760224110E-010
   77.550000000000011       -1.7929525017426550E-010
   77.600000000000009       -1.7663402754537434E-010
   77.650000000000006       -1.7401230460115999E-010
   77.700000000000003       -1.7142949506030935E-010
   77.750000000000000       -1.6888502134349713E-010
   77.800000000000011       -1.6637831444422512E-010
   77.850000000000009       -1.6390881380157840E-010
   77.900000000000006       -1.6147596717486999E-010
   77.950000000000003       -1.5907923052014675E-010
   78.000000000000000       -1.5671806786852758E-010
   78.050000000000011       -1.5439195120634761E-010
   78.100000000000009       -1.5210036035708167E-010
   78.150000000000006       -1.4984278286501998E-010
   78.200000000000003       -1.4761871388067061E-010
   78.250000000000000       -1.4542765604786263E-010
   78.300000000000011       -1.4326911939252546E-010
   78.350000000000009       -1.4114262121311820E-010
   78.400000000000006       -1.3904768597268626E-010
   78.450000000000003       -1.3698384519251935E-010
   78.500000000000000       -1.3495063734738826E-010
   78.550000000000011       -1.3294760776233672E-010
   78.600000000000009       -1.3097430851100470E-010
   78.650000000000006       -1.2903029831546127E-010
   78.700000000000003       -1.2711514244752410E-010
   78.750000000000000       -1.2522841263154359E-010
   78.800000000000011       -1.2336968694862993E-010
   78.850000000000009       -1.2153854974230181E-010
   78.900000000000006       -1.1973459152553532E-010
   78.950000000000003       -1.1795740888919285E-010
   79.000000000000000       -1.1620660441181082E-010
   79.050000000000011       -1.1448178657072652E-010
   79.100000000000009       -1.1278256965452412E-010
   79.150000000000006       -1.1110857367678015E-010
   79.200000000000003       -1.0945942429108930E-010
   79.250000000000000       -1.0783475270735135E-010
   79.300000000000011       -1.0623419560930075E-010
   79.350000000000009       -1.0465739507326011E-010
   79.400000000000006       -1.0310399848809992E-010
   79.450000000000003       -1.0157365847638589E-010
   79.500000000000000       -1.0006603281669698E-010
   79.550000000000011       -9.8580784367096330E-011
   79.600000000000009       -9.7117580989737987E-011
   79.650000000000006       -9.5676095476592867E-011
   79.700000000000003       -9.4256005476277020E-011
   79.750000000000000       -9.2856993421965890E-011
   79.800000000000011       -9.1478746460378851E-011
   79.850000000000009       -9.0120956381817230E-011
   79.900000000000006       -8.8783319551241418E-011
   79.950000000000003       -8.7465536840370438E-011
