   0.0000000000000000        0.0000000000000000     
   1.0000000000000000E-002   9.0783289453552738E-004
   2.0000000000000000E-002   2.5182399006070666E-003
   2.9999999999999999E-002   4.5374739049725919E-003
   4.0000000000000001E-002   6.8522923812118107E-003
   5.0000000000000003E-002   9.3939354917339565E-003
   6.0000000000000005E-002   1.2114310075284407E-002
   7.0000000000000007E-002   1.4977186634365161E-002
   8.0000000000000002E-002   1.7954000136696333E-002
   8.9999999999999997E-002   2.1021530358642848E-002
   9.9999999999999992E-002   2.4160489137950658E-002
  0.10999999999999999        2.7354597385639490E-002
  0.11999999999999998        3.0589949177867656E-002
  0.12999999999999998        3.3854555016291865E-002
  0.13999999999999999        3.7138002606969332E-002
  0.14999999999999999        4.0431197902070601E-002
  0.16000000000000000        4.3726162831730045E-002
  0.17000000000000001        4.7015874227907359E-002
  0.18000000000000002        5.0294133413832473E-002
  0.19000000000000003        5.3555459106574409E-002
  0.20000000000000004        5.6794998370614129E-002
  0.21000000000000005        6.0008451775309973E-002
  0.22000000000000006        6.3192009889466064E-002
  0.23000000000000007        6.6342298940948188E-002
  0.24000000000000007        6.9456333970141448E-002
  0.25000000000000006        7.2531478173923830E-002
  0.26000000000000006        7.5565407411142718E-002
  0.27000000000000007        7.8556079047728183E-002
  0.28000000000000008        8.1501704478525963E-002
  0.29000000000000009        8.4400724785803349E-002
  0.30000000000000010        8.7251789090856402E-002
  0.31000000000000011        9.0053735231334170E-002
  0.32000000000000012        9.2805572457793625E-002
  0.33000000000000013        9.5506465892052333E-002
  0.34000000000000014        9.8155722529688308E-002
  0.35000000000000014       0.10075277860163837     
  0.36000000000000015       0.10329718813666848     
  0.37000000000000016       0.10578861258867313     
  0.38000000000000017       0.10822681141144752     
  0.39000000000000018       0.11061163347893552     
  0.40000000000000019       0.11294300926242395     
  0.41000000000000020       0.11522094368678200     
  0.42000000000000021       0.11744550959793576     
  0.43000000000000022       0.11961684178142740     
  0.44000000000000022       0.12173513147897527     
  0.45000000000000023       0.12380062135626593     
  0.46000000000000024       0.12581360087995944     
  0.47000000000000025       0.12777440206687996     
  0.48000000000000026       0.12968339557195974     
  0.49000000000000027       0.13154098708527767     
  0.50000000000000022       0.13334761401125983     
  0.51000000000000023       0.13510374240613532     
  0.52000000000000024       0.13680986415179547     
  0.53000000000000025       0.13846649434651220     
  0.54000000000000026       0.14007416889476226     
  0.55000000000000027       0.14163344228001312     
  0.56000000000000028       0.14314488550589546     
  0.57000000000000028       0.14460908419245475     
  0.58000000000000029       0.14602663681534941     
  0.59000000000000030       0.14739815307696949     
  0.60000000000000031       0.14872425239938372     
  0.61000000000000032       0.15000556252983885     
  0.62000000000000033       0.15124271825044766     
  0.63000000000000034       0.15243636018417506     
  0.64000000000000035       0.15358713369017349     
  0.65000000000000036       0.15469568784180640     
  0.66000000000000036       0.15576267448134182     
  0.67000000000000037       0.15678874734594833     
  0.68000000000000038       0.15777456125964395     
  0.69000000000000039       0.15872077138668761     
  0.70000000000000040       0.15962803254196872     
  0.71000000000000041       0.16049699855447358     
  0.72000000000000042       0.16132832168000186     
  0.73000000000000043       0.16212265205978962     
  0.74000000000000044       0.16288063722182911     
  0.75000000000000044       0.16360292162197143     
  0.76000000000000045       0.16429014622202723     
  0.77000000000000046       0.16494294810237681     
  0.78000000000000047       0.16556196010671215     
  0.79000000000000048       0.16614781051679567     
  0.80000000000000049       0.16670112275509369     
  0.81000000000000050       0.16722251511348787     
  0.82000000000000051       0.16771260050629375     
  0.83000000000000052       0.16817198624591390     
  0.84000000000000052       0.16860127383966003     
  0.85000000000000053       0.16900105880628430     
  0.86000000000000054       0.16937193051091801     
  0.87000000000000055       0.16971447201719747     
  0.88000000000000056       0.17002925995540102     
  0.89000000000000057       0.17031686440554186     
  0.90000000000000058       0.17057784879443555     
  0.91000000000000059       0.17081276980577487     
  0.92000000000000060       0.17102217730232439     
  0.93000000000000060       0.17120661425952974     
  0.94000000000000061       0.17136661670960351     
  0.95000000000000062       0.17150271369553072     
  0.96000000000000063       0.17161542723425843     
  0.97000000000000064       0.17170527228842872     
  0.98000000000000065       0.17177275674615619     
  0.99000000000000066       0.17181838140816053     
   1.0000000000000007       0.17184263998185745     
   1.0100000000000007       0.17184601908199504     
   1.0200000000000007       0.17182899823715692     
   1.0300000000000007       0.17179204990186170     
   1.0400000000000007       0.17173563947396733     
   1.0500000000000007       0.17166022531673433     
   1.0600000000000007       0.17156625878547130     
   1.0700000000000007       0.17145418425828901     
   1.0800000000000007       0.17132443917066831     
   1.0900000000000007       0.17117745405362503     
   1.1000000000000008       0.17101365257512535     
   1.1100000000000008       0.17083345158459634     
   1.1200000000000008       0.17063726116012720     
   1.1300000000000008       0.17042548465834800     
   1.1400000000000008       0.17019851876662942     
   1.1500000000000008       0.16995675355747630     
   1.1600000000000008       0.16970057254486248     
   1.1700000000000008       0.16943035274245855     
   1.1800000000000008       0.16914646472344247     
   1.1900000000000008       0.16884927268185590     
   1.2000000000000008       0.16853913449529967     
   1.2100000000000009       0.16821640178886468     
   1.2200000000000009       0.16788142000016049     
   1.2300000000000009       0.16753452844532099     
   1.2400000000000009       0.16717606038588345     
   1.2500000000000009       0.16680634309643072     
   1.2600000000000009       0.16642569793290382     
   1.2700000000000009       0.16603444040149024     
   1.2800000000000009       0.16563288022799522     
   1.2900000000000009       0.16522132142763477     
   1.3000000000000009       0.16480006237513523     
   1.3100000000000009       0.16436939587512428     
   1.3200000000000010       0.16392960923267166     
   1.3300000000000010       0.16348098432405525     
   1.3400000000000010       0.16302379766743913     
   1.3500000000000010       0.16255832049369956     
   1.3600000000000010       0.16208481881721071     
   1.3700000000000010       0.16160355350643149     
   1.3800000000000010       0.16111478035453364     
   1.3900000000000010       0.16061875014963020     
   1.4000000000000010       0.16011570874507000     
   1.4100000000000010       0.15960589712921247     
   1.4200000000000010       0.15908955149512516     
   1.4300000000000010       0.15856690330981082     
   1.4400000000000011       0.15803817938317055     
   1.4500000000000011       0.15750360193662138     
   1.4600000000000011       0.15696338867115880     
   1.4700000000000011       0.15641775283518428     
   1.4800000000000011       0.15586690329175787     
   1.4900000000000011       0.15531104458540140     
   1.5000000000000011       0.15475037700841082     
   1.5100000000000011       0.15418509666671720     
   1.5200000000000011       0.15361539554509002     
   1.5300000000000011       0.15304146157196552     
   1.5400000000000011       0.15246347868358173     
   1.5500000000000012       0.15188162688759468     
   1.5600000000000012       0.15129608232613606     
   1.5700000000000012       0.15070701733821587     
   1.5800000000000012       0.15011460052160525     
   1.5900000000000012       0.14951899679402986     
   1.6000000000000012       0.14892036745378823     
   1.6100000000000012       0.14831887023971851     
   1.6200000000000012       0.14771465939055980     
   1.6300000000000012       0.14710788570363981     
   1.6400000000000012       0.14649869659294840     
   1.6500000000000012       0.14588723614653398     
   1.6600000000000013       0.14527364518327168     
   1.6700000000000013       0.14465806130895809     
   1.6800000000000013       0.14404061897175763     
   1.6900000000000013       0.14342144951697799     
   1.7000000000000013       0.14280068124120102     
   1.7100000000000013       0.14217843944572395     
   1.7200000000000013       0.14155484648936500     
   1.7300000000000013       0.14093002184058173     
   1.7400000000000013       0.14030408212894802     
   1.7500000000000013       0.13967714119594532     
   1.7600000000000013       0.13904931014509536     
   1.7700000000000014       0.13842069739147111     
   1.7800000000000014       0.13779140871047560     
   1.7900000000000014       0.13716154728604790     
   1.8000000000000014       0.13653121375812949     
   1.8100000000000014       0.13590050626956671     
   1.8200000000000014       0.13526952051228019     
   1.8300000000000014       0.13463834977284517     
   1.8400000000000014       0.13400708497743496     
   1.8500000000000014       0.13337581473604626     
   1.8600000000000014       0.13274462538619747     
   1.8700000000000014       0.13211360103592634     
   1.8800000000000014       0.13148282360616148     
   1.8900000000000015       0.13085237287250961     
   1.9000000000000015       0.13022232650640478     
   1.9100000000000015       0.12959276011561804     
   1.9200000000000015       0.12896374728420049     
   1.9300000000000015       0.12833535961180179     
   1.9400000000000015       0.12770766675237427     
   1.9500000000000015       0.12708073645231127     
   1.9600000000000015       0.12645463458800099     
   1.9700000000000015       0.12582942520275342     
   1.9800000000000015       0.12520517054319541     
   1.9900000000000015       0.12458193109505247     
   2.0000000000000013       0.12395976561840913     
   2.0100000000000011       0.12333873118236773     
   2.0200000000000009       0.12271888319916924     
   2.0300000000000007       0.12210027545777966     
   2.0400000000000005       0.12148296015686735     
   2.0500000000000003       0.12086698793734905     
   2.0600000000000001       0.12025240791428879     
   2.0699999999999998       0.11963926770835763     
   2.0799999999999996       0.11902761347671599     
   2.0899999999999994       0.11841748994341753     
   2.0999999999999992       0.11780894042927900     
   2.1099999999999990       0.11720200688126353     
   2.1199999999999988       0.11659672990135361     
   2.1299999999999986       0.11599314877494178     
   2.1399999999999983       0.11539130149873458     
   2.1499999999999981       0.11479122480817294     
   2.1599999999999979       0.11419295420438413     
   2.1699999999999977       0.11359652398066253     
   2.1799999999999975       0.11300196724849426     
   2.1899999999999973       0.11240931596311643     
   2.1999999999999971       0.11181860094864220     
   2.2099999999999969       0.11122985192272608     
   2.2199999999999966       0.11064309752080541     
   2.2299999999999964       0.11005836531989793     
   2.2399999999999962       0.10947568186198908     
   2.2499999999999960       0.10889507267697587     
   2.2599999999999958       0.10831656230522894     
   2.2699999999999956       0.10774017431971233     
   2.2799999999999954       0.10716593134772984     
   2.2899999999999952       0.10659385509225626     
   2.2999999999999949       0.10602396635287704     
   2.3099999999999947       0.10545628504637014     
   2.3199999999999945       0.10489083022685515     
   2.3299999999999943       0.10432762010564058     
   2.3399999999999941       0.10376667207063221     
   2.3499999999999939       0.10320800270542124     
   2.3599999999999937       0.10265162780800346     
   2.3699999999999934       0.10209756240914951     
   2.3799999999999932       0.10154582079042734     
   2.3899999999999930       0.10099641650186375     
   2.3999999999999928       0.10044936237932339     
   2.4099999999999926        9.9904670561494810E-002
   2.4199999999999924        9.9362352506580598E-002
   2.4299999999999922        9.8822419008686685E-002
   2.4399999999999920        9.8284880213839104E-002
   2.4499999999999917        9.7749745635770879E-002
   2.4599999999999915        9.7217024171298669E-002
   2.4699999999999913        9.6686724115515890E-002
   2.4799999999999911        9.6158853176588621E-002
   2.4899999999999909        9.5633418490317812E-002
   2.4999999999999907        9.5110426634385944E-002
   2.5099999999999905        9.4589883642338918E-002
   2.5199999999999902        9.4071795017265786E-002
   2.5299999999999900        9.3556165745225267E-002
   2.5399999999999898        9.3043000308390800E-002
   2.5499999999999896        9.2532302697902191E-002
   2.5599999999999894        9.2024076426516527E-002
   2.5699999999999892        9.1518324540922985E-002
   2.5799999999999890        9.1015049633850528E-002
   2.5899999999999888        9.0514253855908069E-002
   2.5999999999999885        9.0015938927172301E-002
   2.6099999999999883        8.9520106148514661E-002
   2.6199999999999881        8.9026756412720204E-002
   2.6299999999999879        8.8535890215334354E-002
   2.6399999999999877        8.8047507665283659E-002
   2.6499999999999875        8.7561608495270032E-002
   2.6599999999999873        8.7078192071926658E-002
   2.6699999999999871        8.6597257405760381E-002
   2.6799999999999868        8.6118803160862734E-002
   2.6899999999999866        8.5642827664415222E-002
   2.6999999999999864        8.5169328915976103E-002
   2.7099999999999862        8.4698304596567145E-002
   2.7199999999999860        8.4229752077557618E-002
   2.7299999999999858        8.3763668429355356E-002
   2.7399999999999856        8.3300050429910732E-002
   2.7499999999999853        8.2838894573038030E-002
   2.7599999999999851        8.2380197076563022E-002
   2.7699999999999849        8.1923953890307197E-002
   2.7799999999999847        8.1470160703907460E-002
   2.7899999999999845        8.1018812954492786E-002
   2.7999999999999843        8.0569905834215000E-002
   2.8099999999999841        8.0123434297647539E-002
   2.8199999999999839        7.9679393069058274E-002
   2.8299999999999836        7.9237776649574473E-002
   2.8399999999999834        7.8798579324237283E-002
   2.8499999999999832        7.8361795168958956E-002
   2.8599999999999830        7.7927418057390008E-002
   2.8699999999999828        7.7495441667728621E-002
   2.8799999999999826        7.7065859489416452E-002
   2.8899999999999824        7.6638664829812853E-002
   2.8999999999999821        7.6213850820787743E-002
   2.9099999999999819        7.5791410425267713E-002
   2.9199999999999817        7.5371336443725637E-002
   2.9299999999999815        7.4953621520623806E-002
   2.9399999999999813        7.4538258150827638E-002
   2.9499999999999811        7.4125238685920497E-002
   2.9599999999999809        7.3714555340530633E-002
   2.9699999999999807        7.3306200198535204E-002
   2.9799999999999804        7.2900165219238339E-002
   2.9899999999999802        7.2496442243411813E-002
   2.9999999999999800        7.2095022999303510E-002
   3.0099999999999798        7.1695899108482938E-002
   3.0199999999999796        7.1299062091549154E-002
   3.0299999999999794        7.0904503373681482E-002
   3.0399999999999792        7.0512214290017222E-002
   3.0499999999999790        7.0122186090771671E-002
   3.0599999999999787        6.9734409946129616E-002
   3.0699999999999785        6.9348876950836053E-002
   3.0799999999999783        6.8965578128446628E-002
   3.0899999999999781        6.8584504435219532E-002
   3.0999999999999779        6.8205646763607880E-002
   3.1099999999999777        6.7828995945291265E-002
   3.1199999999999775        6.7454542753683011E-002
   3.1299999999999772        6.7082277905960705E-002
   3.1399999999999770        6.6712192064495204E-002
   3.1499999999999768        6.6344275837664196E-002
   3.1599999999999766        6.5978519780031095E-002
   3.1699999999999764        6.5614914391875334E-002
   3.1799999999999762        6.5253450118010134E-002
   3.1899999999999760        6.4894117345913091E-002
   3.1999999999999758        6.4536906403115726E-002
   3.2099999999999755        6.4181807553922388E-002
   3.2199999999999753        6.3828810995422425E-002
   3.2299999999999751        6.3477906852808977E-002
   3.2399999999999749        6.3129085174096475E-002
   3.2499999999999747        6.2782335924231644E-002
   3.2599999999999745        6.2437648978697857E-002
   3.2699999999999743        6.2095014116688385E-002
   3.2799999999999740        6.1754421013923810E-002
   3.2899999999999738        6.1415859235244716E-002
   3.2999999999999736        6.1079771759529396E-002
   3.3099999999999734        6.0745173956484974E-002
   3.3199999999999732        6.0412573428486813E-002
   3.3299999999999730        6.0081961166463138E-002
   3.3399999999999728        5.9753263260125630E-002
   3.3499999999999726        5.9426650205155820E-002
   3.3599999999999723        5.9101994434996426E-002
   3.3699999999999721        5.8779285405288845E-002
   3.3799999999999719        5.8458512528628784E-002
   3.3899999999999717        5.8139665175067426E-002
   3.3999999999999715        5.7822732672952876E-002
   3.4099999999999713        5.7507704310182130E-002
   3.4199999999999711        5.7194569335917822E-002
   3.4299999999999708        5.6883316962845036E-002
   3.4399999999999706        5.6573936370015863E-002
   3.4499999999999704        5.6266416706360997E-002
   3.4599999999999702        5.5960747094902022E-002
   3.4699999999999700        5.5656916637743512E-002
   3.4799999999999698        5.5354914421862120E-002
   3.4899999999999696        5.5054729525750204E-002
   3.4999999999999694        5.4756351026947092E-002
   3.5099999999999691        5.4459768010445345E-002
   3.5199999999999689        5.4165951175375329E-002
   3.5299999999999687        5.3873139528451394E-002
   3.5399999999999685        5.3582119930683431E-002
   3.5499999999999683        5.3292883421883451E-002
   3.5599999999999681        5.3004055403540813E-002
   3.5699999999999679        5.2718120104006894E-002
   3.5799999999999677        5.2433915267701289E-002
   3.5899999999999674        5.2151430743390889E-002
   3.5999999999999672        5.1870656423107835E-002
   3.6099999999999670        5.1591582246627667E-002
   3.6199999999999668        5.1314198206009805E-002
   3.6299999999999666        5.1038494350172381E-002
   3.6399999999999664        5.0764460789481658E-002
   3.6499999999999662        5.0492087700254602E-002
   3.6599999999999659        5.0221365329162812E-002
   3.6699999999999657        4.9952283997466901E-002
   3.6799999999999655        4.9684834104986086E-002
   3.6899999999999653        4.9419006133743004E-002
   3.6999999999999651        4.9154790651237852E-002
   3.7099999999999649        4.8892178313204152E-002
   3.7199999999999647        4.8631159865838311E-002
   3.7299999999999645        4.8371726147340158E-002
   3.7399999999999642        4.8116879380699390E-002
   3.7499999999999640        4.7860789456697167E-002
   3.7599999999999638        4.7606256532419330E-002
   3.7699999999999636        4.7353270006846006E-002
   3.7799999999999634        4.7101819227450374E-002
   3.7899999999999632        4.6849137371931429E-002
   3.7999999999999630        4.6600602316902454E-002
   3.8099999999999627        4.6353578731022915E-002
   3.8199999999999625        4.6108057542517483E-002
   3.8299999999999623        4.5864029724963798E-002
   3.8399999999999621        4.5621486295242694E-002
   3.8499999999999619        4.5380418311116416E-002
   3.8599999999999617        4.5140816868348067E-002
   3.8699999999999615        4.4902673097458115E-002
   3.8799999999999613        4.4665978160044792E-002
   3.8899999999999610        4.4430723244706677E-002
   3.8999999999999608        4.4196899562552946E-002
   3.9099999999999606        4.3964498342353941E-002
   3.9199999999999604        4.3733510825310858E-002
   3.9299999999999602        4.3503928259507919E-002
   3.9399999999999600        4.3275741894064815E-002
   3.9499999999999598        4.3048942973038067E-002
   3.9599999999999596        4.2823522729127650E-002
   3.9699999999999593        4.2600338661981742E-002
   3.9799999999999591        4.2377585421530639E-002
   3.9899999999999589        4.2156178120755047E-002
   3.9999999999999587        4.1936108759651633E-002
   4.0099999999999589        4.1717369521881154E-002
   4.0199999999999587        4.1499663081524925E-002
   4.0299999999999585        4.1283624054128491E-002
   4.0399999999999583        4.1068892817246266E-002
   4.0499999999999581        4.0855460869705602E-002
   4.0599999999999579        4.0643319725500796E-002
   4.0699999999999577        4.0432460912610338E-002
   4.0799999999999574        4.0222875972000298E-002
   4.0899999999999572        4.0014556456846845E-002
   4.0999999999999570        3.9807493932012980E-002
   4.1099999999999568        3.9601679973818152E-002
   4.1199999999999566        3.9397106170131348E-002
   4.1299999999999564        3.9193764120824093E-002
   4.1399999999999562        3.8991645438622935E-002
   4.1499999999999559        3.8790741750382551E-002
   4.1599999999999557        3.8591044698825329E-002
   4.1699999999999555        3.8392545944762102E-002
   4.1799999999999553        3.8195237169828644E-002
   4.1899999999999551        3.7999110079757231E-002
   4.1999999999999549        3.7804156408199056E-002
   4.2099999999999547        3.7610895544254910E-002
   4.2199999999999545        3.7418402896758782E-002
   4.2299999999999542        3.7227080954506289E-002
   4.2399999999999540        3.7036923239857085E-002
   4.2499999999999538        3.6847923302477992E-002
   4.2599999999999536        3.6659106236534247E-002
   4.2699999999999534        3.6472219798275959E-002
   4.2799999999999532        3.6286451025879456E-002
   4.2899999999999530        3.6101792515710857E-002
   4.2999999999999527        3.5918236917662563E-002
   4.3099999999999525        3.5735776937456346E-002
   4.3199999999999523        3.5554405339039197E-002
   4.3299999999999521        3.5374114947068394E-002
   4.3399999999999519        3.5194898649454631E-002
   4.3499999999999517        3.5016749399962688E-002
   4.3599999999999515        3.4839660220784371E-002
   4.3699999999999513        3.4663624205149825E-002
   4.3799999999999510        3.4488634519853234E-002
   4.3899999999999508        3.4314684407692961E-002
   4.3999999999999506        3.4141767189824139E-002
   4.4099999999999504        3.3969876267920418E-002
   4.4199999999999502        3.3799005126139162E-002
   4.4299999999999500        3.3629147332837762E-002
   4.4399999999999498        3.3460296542001666E-002
   4.4499999999999496        3.3295303317706894E-002
   4.4599999999999493        3.3128655205016476E-002
   4.4699999999999491        3.2962999022602135E-002
   4.4799999999999489        3.2798327604235948E-002
   4.4899999999999487        3.2634633752058453E-002
   4.4999999999999485        3.2471910238015961E-002
   4.5099999999999483        3.2307316696526880E-002
   4.5199999999999481        3.2146367254093193E-002
   4.5299999999999478        3.1986369898129148E-002
   4.5399999999999476        3.1827318585091413E-002
   4.5499999999999474        3.1669207320477004E-002
   4.5599999999999472        3.1512030157510341E-002
   4.5699999999999470        3.1355781195561955E-002
   4.5799999999999468        3.1200454578366756E-002
   4.5899999999999466        3.1046044491982141E-002
   4.5999999999999464        3.0892545162491271E-002
   4.6099999999999461        3.0739950853493167E-002
   4.6199999999999459        3.0588255863297831E-002
   4.6299999999999457        3.0437454521898819E-002
   4.6399999999999455        3.0287541187705380E-002
   4.6499999999999453        3.0138510244014191E-002
   4.6599999999999451        2.9990356095281001E-002
   4.6699999999999449        2.9843073163157308E-002
   4.6799999999999446        2.9696655882352926E-002
   4.6899999999999444        2.9551098696305844E-002
   4.6999999999999442        2.9407701307983172E-002
   4.7099999999999440        2.9263804732023627E-002
   4.7199999999999438        2.9120743680246731E-002
   4.7299999999999436        2.8978512768926781E-002
   4.7399999999999434        2.8837106726759144E-002
   4.7499999999999432        2.8696520401687589E-002
   4.7599999999999429        2.8556135535450042E-002
   4.7699999999999427        2.8417233951502512E-002
   4.7799999999999425        2.8279140804681982E-002
   4.7899999999999423        2.8141850719753086E-002
   4.7999999999999421        2.8005358336963042E-002
   4.8099999999999419        2.7869658310733729E-002
   4.8199999999999417        2.7734745308428260E-002
   4.8299999999999415        2.7600614009223319E-002
   4.8399999999999412        2.7467259103098829E-002
   4.8499999999999410        2.7334675289965242E-002
   4.8599999999999408        2.7202857278951179E-002
   4.8699999999999406        2.7071799787867393E-002
   4.8799999999999404        2.6941497542867929E-002
   4.8899999999999402        2.6811945278332784E-002
   4.8999999999999400        2.6683137736985340E-002
   4.9099999999999397        2.6555069670266579E-002
   4.9199999999999395        2.6427735838985167E-002
   4.9299999999999393        2.6301131014259599E-002
   4.9399999999999391        2.6175249978767006E-002
   4.9499999999999389        2.6050087528314909E-002
   4.9599999999999387        2.5925792934559933E-002
   4.9699999999999385        2.5802119842289209E-002
   4.9799999999999383        2.5679164307411982E-002
   4.9899999999999380        2.5556922503948858E-002
   4.9999999999999378        2.5435390647036725E-002
   5.0099999999999376        2.5314564987165021E-002
   5.0199999999999374        2.5193912154396057E-002
   5.0299999999999372        2.5074367862250424E-002
   5.0399999999999370        2.4955503083141824E-002
   5.0499999999999368        2.4837313255192114E-002
   5.0599999999999365        2.4719793850616713E-002
   5.0699999999999363        2.4602940377043366E-002
   5.0799999999999361        2.4486748378911696E-002
   5.0899999999999359        2.4371213438964069E-002
   5.0999999999999357        2.4256331179806828E-002
   5.1099999999999355        2.4142097265537395E-002
   5.1199999999999353        2.4028507403428885E-002
   5.1299999999999351        2.3915557345645610E-002
   5.1399999999999348        2.3803242891001306E-002
   5.1499999999999346        2.3691559886712437E-002
   5.1599999999999344        2.3580504230153634E-002
   5.1699999999999342        2.3470071870598439E-002
   5.1799999999999340        2.3360258810888164E-002
   5.1899999999999338        2.3251061109067678E-002
   5.1999999999999336        2.3142474879904583E-002
   5.2099999999999334        2.3034496296321854E-002
   5.2199999999999331        2.2929503649229500E-002
   5.2299999999999329        2.2822918970201510E-002
   5.2399999999999327        2.2716936899639498E-002
   5.2499999999999325        2.2611553219763891E-002
   5.2599999999999323        2.2506763687478292E-002
   5.2699999999999321        2.2402564033514163E-002
   5.2799999999999319        2.2298949961977683E-002
   5.2899999999999316        2.2193307654673929E-002
   5.2999999999999314        2.2090701684085841E-002
   5.3099999999999312        2.1988668203081818E-002
   5.3199999999999310        2.1887203672143724E-002
   5.3299999999999308        2.1786304586630813E-002
   5.3399999999999306        2.1685967476199483E-002
   5.3499999999999304        2.1586188904076934E-002
   5.3599999999999302        2.1486965466217822E-002
   5.3699999999999299        2.1388293790322151E-002
   5.3799999999999297        2.1290170534692430E-002
   5.3899999999999295        2.1192592386974414E-002
   5.3999999999999293        2.1095556062706161E-002
   5.4099999999999291        2.0999058303758374E-002
   5.4199999999999289        2.0903095876564450E-002
   5.4299999999999287        2.0807665570251377E-002
   5.4399999999999284        2.0712764194558562E-002
   5.4499999999999282        2.0618388577650748E-002
   5.4599999999999280        2.0524535563747868E-002
   5.4699999999999278        2.0431202010623074E-002
   5.4799999999999276        2.0338384786969331E-002
   5.4899999999999274        2.0247730052968572E-002
   5.4999999999999272        2.0155923528611588E-002
   5.5099999999999270        2.0064616626424541E-002
   5.5199999999999267        1.9973806045837351E-002
   5.5299999999999265        1.9883488544377079E-002
   5.5399999999999263        1.9793660941870822E-002
   5.5499999999999261        1.9704320124717480E-002
   5.5599999999999259        1.9614507688128845E-002
   5.5699999999999257        1.9526175651648055E-002
   5.5799999999999255        1.9438326391651623E-002
   5.5899999999999253        1.9350956831024321E-002
   5.5999999999999250        1.9264063901138599E-002
   5.6099999999999248        1.9177644540808447E-002
   5.6199999999999246        1.9091695695261625E-002
   5.6299999999999244        1.9006214315150999E-002
   5.6399999999999242        1.8921197355608571E-002
   5.6499999999999240        1.8836641775355344E-002
   5.6599999999999238        1.8752544535873127E-002
   5.6699999999999235        1.8668902600657122E-002
   5.6799999999999233        1.8585712934551663E-002
   5.6899999999999231        1.8502972503186600E-002
   5.6999999999999229        1.8420678272523316E-002
   5.7099999999999227        1.8338827208522937E-002
   5.7199999999999225        1.8257416276946704E-002
   5.7299999999999223        1.8176442443302215E-002
   5.7399999999999221        1.8095902672944725E-002
   5.7499999999999218        1.8015793931344053E-002
   5.7599999999999216        1.7936113184530242E-002
   5.7699999999999214        1.7856825947081260E-002
   5.7799999999999212        1.7778005892369064E-002
   5.7899999999999210        1.7699612924530195E-002
   5.7999999999999208        1.7621644959999568E-002
   5.8099999999999206        1.7544099951689235E-002
   5.8199999999999203        1.7466975886507554E-002
   5.8299999999999201        1.7390270782569835E-002
   5.8399999999999199        1.7313793933796166E-002
   5.8499999999999197        1.7237857535265643E-002
   5.8599999999999195        1.7162323756260256E-002
   5.8699999999999193        1.7087189964536193E-002
   5.8799999999999191        1.7012453544895251E-002
   5.8899999999999189        1.6938111899931850E-002
   5.8999999999999186        1.6864162450848749E-002
   5.9099999999999184        1.6790602638335601E-002
   5.9199999999999182        1.6717429923513154E-002
   5.9299999999999180        1.6644641788936133E-002
   5.9399999999999178        1.6572235739651681E-002
   5.9499999999999176        1.6500209304308920E-002
   5.9599999999999174        1.6428560036314252E-002
   5.9699999999999172        1.6357285515023769E-002
   5.9799999999999169        1.6286383346973406E-002
   5.9899999999999167        1.6215851167126545E-002
   5.9999999999999165        1.6145686640140770E-002
   6.0099999999999163        1.6075887461639900E-002
   6.0199999999999161        1.6006451359485314E-002
   6.0299999999999159        1.5937376095023440E-002
   6.0399999999999157        1.5868659464316790E-002
   6.0499999999999154        1.5800299299325575E-002
   6.0599999999999152        1.5734186512022137E-002
   6.0699999999999150        1.5666695286300325E-002
   6.0799999999999148        1.5599560998881235E-002
   6.0899999999999146        1.5532781327411066E-002
   6.0999999999999144        1.5466353929947748E-002
   6.1099999999999142        1.5400276443755787E-002
   6.1199999999999140        1.5334546484293440E-002
   6.1299999999999137        1.5266998242949595E-002
   6.1399999999999135        1.5201816848384456E-002
   6.1499999999999133        1.5136973219340382E-002
   6.1599999999999131        1.5072465386262127E-002
   6.1699999999999129        1.5008291401859587E-002
   6.1799999999999127        1.4944449340972065E-002
   6.1899999999999125        1.4880937300377865E-002
   6.1999999999999122        1.4817753398520784E-002
   6.2099999999999120        1.4754895775173995E-002
   6.2199999999999118        1.4692362591017558E-002
   6.2299999999999116        1.4630152027136687E-002
   6.2399999999999114        1.4568262284430075E-002
   6.2499999999999112        1.4506691582928844E-002
   6.2599999999999110        1.4445438161024331E-002
   6.2699999999999108        1.4384500274601347E-002
   6.2799999999999105        1.4323876196065873E-002
   6.2899999999999103        1.4263564213281390E-002
   6.2999999999999101        1.4203562628405490E-002
   6.3099999999999099        1.4143869756617461E-002
   6.3199999999999097        1.4084483924755923E-002
   6.3299999999999095        1.4025403469854644E-002
   6.3399999999999093        1.3966626737578869E-002
   6.3499999999999091        1.3909979033812169E-002
   6.3599999999999088        1.3851816244489754E-002
   6.3699999999999086        1.3793946360453124E-002
   6.3799999999999084        1.3736367448828711E-002
   6.3899999999999082        1.3679077604531874E-002
   6.3999999999999080        1.3622074952753138E-002
   6.4099999999999078        1.3565357651525063E-002
   6.4199999999999076        1.3508923894363917E-002
   6.4299999999999073        1.3451567378482777E-002
   6.4399999999999071        1.3395721715974449E-002
   6.4499999999999069        1.3340159258861093E-002
   6.4599999999999067        1.3284878332229527E-002
   6.4699999999999065        1.3229877264622882E-002
   6.4799999999999063        1.3175154387291096E-002
   6.4899999999999061        1.3120708033455705E-002
   6.4999999999999059        1.3066536537571206E-002
   6.5099999999999056        1.3012638234607460E-002
   6.5199999999999054        1.2959011459348206E-002
   6.5299999999999052        1.2905654545713897E-002
   6.5399999999999050        1.2852565826115398E-002
   6.5499999999999048        1.2799743630843909E-002
   6.5599999999999046        1.2747186287503588E-002
   6.5699999999999044        1.2694892120493215E-002
   6.5799999999999041        1.2642859450544854E-002
   6.5899999999999039        1.2591086594322776E-002
   6.5999999999999037        1.2539571864094500E-002
   6.6099999999999035        1.2488313567475420E-002
   6.6199999999999033        1.2437310007258087E-002
   6.6299999999999031        1.2386559481330058E-002
   6.6399999999999029        1.2336060282688101E-002
   6.6499999999999027        1.2285770134744802E-002
   6.6599999999999024        1.2235753811765948E-002
   6.6699999999999022        1.2185987802898507E-002
   6.6799999999999020        1.2136471023007842E-002
   6.6899999999999018        1.2087202413679842E-002
   6.6999999999999016        1.2038180942239109E-002
   6.7099999999999014        1.1989405600599157E-002
   6.7199999999999012        1.1940875403938886E-002
   6.7299999999999010        1.1892557109144265E-002
   6.7399999999999007        1.1844486842747928E-002
   6.7499999999999005        1.1796652024503144E-002
   6.7599999999999003        1.1749051178621298E-002
   6.7699999999999001        1.1701682836550558E-002
   6.7799999999998999        1.1654545537405525E-002
   6.7899999999998997        1.1607637828443533E-002
   6.7999999999998995        1.1560958265586920E-002
   6.8099999999998992        1.1514505413988152E-002
   6.8199999999998990        1.1468277848642502E-002
   6.8299999999998988        1.1422274155038940E-002
   6.8399999999998986        1.1376492929857113E-002
   6.8499999999998984        1.1330932781699901E-002
   6.8599999999998982        1.1285592331863241E-002
   6.8699999999998980        1.1240470215141518E-002
   6.8799999999998978        1.1195565080661867E-002
   6.8899999999998975        1.1150875592746808E-002
   6.8999999999998973        1.1106400431797421E-002
   6.9099999999998971        1.1062138295198413E-002
   6.9199999999998969        1.1018087898233934E-002
   6.9299999999998967        1.0974247975009729E-002
   6.9399999999998965        1.0930617279383804E-002
   6.9499999999998963        1.0888390630582150E-002
   6.9599999999998960        1.0845294445886718E-002
   6.9699999999998958        1.0802410424375783E-002
   6.9799999999998956        1.0759737358611375E-002
   6.9899999999998954        1.0717274029081512E-002
   6.9999999999998952        1.0675019203066301E-002
   7.0099999999998950        1.0632971633559734E-002
   7.0199999999998948        1.0591130058256355E-002
   7.0299999999998946        1.0549493198620630E-002
   7.0399999999998943        1.0506332371176994E-002
   7.0499999999998941        1.0464980881815867E-002
   7.0599999999998939        1.0423826784276967E-002
   7.0699999999998937        1.0382869009550721E-002
   7.0799999999998935        1.0342106502337597E-002
   7.0899999999998933        1.0301538221097086E-002
   7.0999999999998931        1.0261163138067710E-002
   7.1099999999998929        1.0220980239256484E-002
   7.1199999999998926        1.0180988524371597E-002
   7.1299999999998924        1.0141187006733578E-002
   7.1399999999998922        1.0101574713120461E-002
   7.1499999999998920        1.0062150683581484E-002
   7.1599999999998918        1.0022913971188253E-002
   7.1699999999998916        9.9838636417391817E-003
   7.1799999999998914        9.9449987734024671E-003
   7.1899999999998911        9.9063184563074544E-003
   7.1999999999998909        9.8678217920757996E-003
   7.2099999999998907        9.8295078932825620E-003
   7.2199999999998905        9.7913758828698672E-003
   7.2299999999998903        9.7534248934815874E-003
   7.2399999999998901        9.7156540667445862E-003
   7.2499999999998899        9.6780625524846720E-003
   7.2599999999998897        9.6424483187205860E-003
   7.2699999999998894        9.6052481586499962E-003
   7.2799999999998892        9.5682210452067464E-003
   7.2899999999998890        9.5313658388288813E-003
   7.2999999999998888        9.4946814095605431E-003
   7.3099999999998886        9.4581666383635708E-003
   7.3199999999998884        9.4218204184982994E-003
   7.3299999999998882        9.3856416569678379E-003
   7.3399999999998879        9.3496292760315135E-003
   7.3499999999998877        9.3137822147754314E-003
   7.3599999999998875        9.2767387384718111E-003
   7.3699999999998873        9.2412259560701801E-003
   7.3799999999998871        9.2058795449290083E-003
   7.3899999999998869        9.1706986158229149E-003
   7.3999999999998867        9.1356822810147783E-003
   7.4099999999998865        9.1008296537534034E-003
   7.4199999999998862        9.0661398477615944E-003
   7.4299999999998860        9.0316119767239814E-003
   7.4399999999998858        8.9972451537715104E-003
   7.4499999999998856        8.9630384909685432E-003
   7.4599999999998854        8.9289910988033967E-003
   7.4699999999998852        8.8951020856879309E-003
   7.4799999999998850        8.8613705574642522E-003
   7.4899999999998847        8.8277956169300776E-003
   7.4999999999998845        8.7943763633777736E-003
   7.5099999999998843        8.7611118921554695E-003
   7.5199999999998841        8.7280012942546840E-003
   7.5299999999998839        8.6950436559232076E-003
   7.5399999999998837        8.6622380583130515E-003
   7.5499999999998835        8.6295835771647324E-003
   7.5599999999998833        8.5970792825298056E-003
   7.5699999999998830        8.5647242385402458E-003
   7.5799999999998828        8.5326072755363812E-003
   7.5899999999998826        8.5005181230768528E-003
   7.5999999999998824        8.4685762912619922E-003
   7.6099999999998822        8.4367811895860439E-003
   7.6199999999998820        8.4051322462871930E-003
   7.6299999999998818        8.3736289081823914E-003
   7.6399999999998816        8.3422706404204690E-003
   7.6499999999998813        8.3110569261471909E-003
   7.6599999999998811        8.2799872660818605E-003
   7.6699999999998809        8.2490611779983611E-003
   7.6799999999998807        8.2182934337246393E-003
   7.6899999999998805        8.1876510730339667E-003
   7.6999999999998803        8.1571470244666509E-003
   7.7099999999998801        8.1267804623373491E-003
   7.7199999999998798        8.0965505630793931E-003
   7.7299999999998796        8.0664565054630131E-003
   7.7399999999998794        8.0364974708429480E-003
   7.7499999999998792        8.0066726434356635E-003
   7.7599999999998790        7.9769812106274332E-003
   7.7699999999998788        7.9474223633119925E-003
   7.7799999999998786        7.9179952962587247E-003
   7.7899999999998784        7.8886992085103746E-003
   7.7999999999998781        7.8595333038102948E-003
   7.8099999999998779        7.8304967910588791E-003
   7.8199999999998777        7.8015888847969578E-003
   7.8299999999998775        7.7728088057165239E-003
   7.8399999999998773        7.7441557811971200E-003
   7.8499999999998771        7.7156290458658692E-003
   7.8599999999998769        7.6872278421796815E-003
   7.8699999999998766        7.6589514210282606E-003
   7.8799999999998764        7.6307990423544365E-003
   7.8899999999998762        7.6027699757900292E-003
   7.8999999999998760        7.5748635013063968E-003
   7.9099999999998758        7.5477662216158984E-003
   7.9199999999998756        7.5201854662497510E-003
   7.9299999999998754        7.4927307147271199E-003
   7.9399999999998752        7.4654013597499520E-003
   7.9499999999998749        7.4381967872893737E-003
   7.9599999999998747        7.4111163757608388E-003
   7.9699999999998745        7.3841594952166745E-003
   7.9799999999998743        7.3573255065510724E-003
   7.9899999999998741        7.3306137607306171E-003
   7.9999999999998739        7.3040235980514432E-003
   8.0099999999998737        7.2763087358737131E-003
   8.0199999999998735        7.2498642038653421E-003
   8.0299999999998732        7.2235356020294607E-003
   8.0399999999998730        7.1973223445234297E-003
   8.0499999999998728        7.1712238538378312E-003
   8.0599999999998726        7.1452395609221918E-003
   8.0699999999998724        7.1193689052981950E-003
   8.0799999999998722        7.0936113351507905E-003
   8.0899999999998720        7.0679663074016616E-003
   8.0999999999998717        7.0424332877619227E-003
   8.1099999999998715        7.0170117507599898E-003
   8.1199999999998713        6.9917011797464958E-003
   8.1299999999998711        6.9665010668702437E-003
   8.1399999999998709        6.9414109130284110E-003
   8.1499999999998707        6.9164302277844557E-003
   8.1599999999998705        6.8915585292537145E-003
   8.1699999999998703        6.8667953439596214E-003
   8.1799999999998700        6.8421402066489775E-003
   8.1899999999998698        6.8175926600794728E-003
   8.1999999999998696        6.7931522547590786E-003
   8.2099999999998694        6.7688185486576994E-003
   8.2199999999998692        6.7445911068708050E-003
   8.2299999999998690        6.7204695012485216E-003
   8.2399999999998688        6.6980826868649349E-003
   8.2499999999998685        6.6742176215325785E-003
   8.2599999999998683        6.6504550877545549E-003
   8.2699999999998681        6.6267944215301997E-003
   8.2799999999998679        6.6032349607862027E-003
   8.2899999999998677        6.5797760460303400E-003
   8.2999999999998675        6.5564170210503205E-003
   8.3099999999998673        6.5331572336649263E-003
   8.3199999999998671        6.5099960365155377E-003
   8.3299999999998668        6.4869327879093271E-003
   8.3399999999998666        6.4639668527006859E-003
   8.3499999999998664        6.4397041998906692E-003
   8.3599999999998662        6.4169208192855123E-003
   8.3699999999998660        6.3942359472290659E-003
   8.3799999999998658        6.3716491189166752E-003
   8.3899999999998656        6.3491598705612716E-003
   8.3999999999998654        6.3267677390717496E-003
   8.4099999999998651        6.3044722617220609E-003
   8.4199999999998649        6.2822729758109565E-003
   8.4299999999998647        6.2601694183159317E-003
   8.4399999999998645        6.2381611255446414E-003
   8.4499999999998643        6.2162476327782146E-003
   8.4599999999998641        6.1944284739150427E-003
   8.4699999999998639        6.1727031811108762E-003
   8.4799999999998636        6.1510712844231232E-003
   8.4899999999998634        6.1295323114551933E-003
   8.4999999999998632        6.1080857870054349E-003
   8.5099999999998630        6.0867312327238365E-003
   8.5199999999998628        6.0654681667741215E-003
   8.5299999999998626        6.0442961035097921E-003
   8.5399999999998624        6.0232145531603802E-003
   8.5499999999998622        6.0022230215324799E-003
   8.5599999999998619        5.9813210097289862E-003
   8.5699999999998617        5.9605080138876582E-003
   8.5799999999998615        5.9400345258521000E-003
   8.5899999999998613        5.9193676486435417E-003
   8.5999999999998611        5.8987876203283433E-003
   8.6099999999998609        5.8782941118507154E-003
   8.6199999999998607        5.8578868062628305E-003
   8.6299999999998604        5.8375653988238692E-003
   8.6399999999998602        5.8173295970592471E-003
   8.6499999999998600        5.7971791207805067E-003
   8.6599999999998598        5.7771137020598247E-003
   8.6699999999998596        5.7571330851589973E-003
   8.6799999999998594        5.7372370264098544E-003
   8.6899999999998592        5.7173929609545399E-003
   8.6999999999998590        5.6976775841551461E-003
   8.7099999999998587        5.6780443284353953E-003
   8.7199999999998585        5.6584927302272946E-003
   8.7299999999998583        5.6390223257863862E-003
   8.7399999999998581        5.6196326512776354E-003
   8.7499999999998579        5.6003232428793494E-003
   8.7599999999998577        5.5810936369057457E-003
   8.7699999999998575        5.5619433699479939E-003
   8.7799999999998573        5.5428719790351355E-003
   8.7899999999998570        5.5238790018144780E-003
   8.7999999999998568        5.5049639767514591E-003
   8.8099999999998566        5.4861264433499306E-003
   8.8199999999998564        5.4673659423924575E-003
   8.8299999999998562        5.4486820162001244E-003
   8.8399999999998560        5.4300742089128037E-003
   8.8499999999998558        5.4115420667884846E-003
   8.8599999999998555        5.3930851385219844E-003
   8.8699999999998553        5.3747029755826315E-003
   8.8799999999998551        5.3563951325695256E-003
   8.8899999999998549        5.3381611675846251E-003
   8.8999999999998547        5.3200006426222472E-003
   8.9099999999998545        5.3019131239740447E-003
   8.9199999999998543        5.2838981826488496E-003
   8.9299999999998541        5.2662441988417154E-003
   8.9399999999998538        5.2484226186295078E-003
   8.9499999999998536        5.2306765414167084E-003
   8.9599999999998534        5.2130056743455071E-003
   8.9699999999998532        5.1954097216448357E-003
   8.9799999999998530        5.1778883840949246E-003
   8.9899999999998528        5.1604413584867117E-003
   8.9999999999998526        5.1430683370799167E-003
   9.0099999999998523        5.1257690070605332E-003
   9.0199999999998521        5.1085430500012125E-003
   9.0299999999998519        5.0913901413278950E-003
   9.0399999999998517        5.0735102563068818E-003
   9.0499999999998515        5.0564330018322313E-003
   9.0599999999998513        5.0394244822449599E-003
   9.0699999999998511        5.0224843677498538E-003
   9.0799999999998509        5.0056123334788353E-003
   9.0899999999998506        4.9888080596271495E-003
   9.0999999999998504        4.9720712315807023E-003
   9.1099999999998502        4.9554015400387601E-003
   9.1199999999998500        4.9387986811264706E-003
   9.1299999999998498        4.9222623564989815E-003
   9.1399999999998496        4.9057922734357488E-003
   9.1499999999998494        4.8893881449222970E-003
   9.1599999999998492        4.8730496897207015E-003
   9.1699999999998489        4.8567766324255973E-003
   9.1799999999998487        4.8405687035052072E-003
   9.1899999999998485        4.8244256393260732E-003
   9.1999999999998483        4.8083471821643861E-003
   9.2099999999998481        4.7923330801936618E-003
   9.2199999999998479        4.7763830874567948E-003
   9.2299999999998477        4.7604969638190249E-003
   9.2399999999998474        4.7446744748952559E-003
   9.2499999999998472        4.7289153919616933E-003
   9.2599999999998470        4.7132194918381859E-003
   9.2699999999998468        4.6975865567515460E-003
   9.2799999999998466        4.6833606058496458E-003
   9.2899999999998464        4.6679019389852996E-003
   9.2999999999998462        4.6525048998068610E-003
   9.3099999999998460        4.6371691034919303E-003
   9.3199999999998457        4.6218941640384734E-003
   9.3299999999998455        4.6066796945442526E-003
   9.3399999999998453        4.5915253075211621E-003
   9.3499999999998451        4.5764306152351070E-003
   9.3599999999998449        4.5613952300794670E-003
   9.3699999999998447        4.5464187649732965E-003
   9.3799999999998445        4.5315008337923224E-003
   9.3899999999998442        4.5166410518301722E-003
   9.3999999999998440        4.5005347955606664E-003
   9.4099999999998438        4.4857681975588436E-003
   9.4199999999998436        4.4710605535874109E-003
   9.4299999999998434        4.4564116231559855E-003
   9.4399999999998432        4.4418211668022954E-003
   9.4499999999998430        4.4272889458976446E-003
   9.4599999999998428        4.4128147224482689E-003
   9.4699999999998425        4.3983982588848272E-003
   9.4799999999998423        4.3840393178476164E-003
   9.4899999999998421        4.3697376619636578E-003
   9.4999999999998419        4.3554930536173660E-003
   9.5099999999998417        4.3413052547181911E-003
   9.5199999999998415        4.3271740264594644E-003
   9.5299999999998413        4.3130991290763849E-003
   9.5399999999998411        4.2990803215979222E-003
   9.5499999999998408        4.2851173616000934E-003
   9.5599999999998406        4.2712100049540052E-003
   9.5699999999998404        4.2573580055743580E-003
   9.5799999999998402        4.2435611151711381E-003
   9.5899999999998400        4.2298190829978093E-003
   9.5999999999998398        4.2161316556074586E-003
   9.6099999999998396        4.2024985766090034E-003
   9.6199999999998393        4.1889195864308233E-003
   9.6299999999998391        4.1753944220899869E-003
   9.6399999999998389        4.1623287351112027E-003
   9.6499999999998387        4.1488865265855816E-003
   9.6599999999998385        4.1354960264896740E-003
   9.6699999999998383        4.1221570379797847E-003
   9.6799999999998381        4.1088693715481224E-003
   9.6899999999998379        4.0956328451902920E-003
   9.6999999999998376        4.0824472845566746E-003
   9.7099999999998374        4.0693125230862699E-003
   9.7199999999998372        4.0562284021216982E-003
   9.7299999999998370        4.0431947710038154E-003
   9.7399999999998368        4.0302114871442560E-003
   9.7499999999998366        4.0172784160742436E-003
   9.7599999999998364        4.0042599814089181E-003
   9.7699999999998361        3.9914441310284219E-003
   9.7799999999998359        3.9786777229679701E-003
   9.7899999999998357        3.9659604968859726E-003
   9.7999999999998355        3.9532921914817391E-003
   9.8099999999998353        3.9406725445077263E-003
   9.8199999999998351        3.9281012927924325E-003
   9.8299999999998349        3.9155781722738569E-003
   9.8399999999998347        3.9031029180437867E-003
   9.8499999999998344        3.8906752644037794E-003
   9.8599999999998342        3.8782949449330043E-003
   9.8699999999998340        3.8659616925678488E-003
   9.8799999999998338        3.8536752396944726E-003
   9.8899999999998336        3.8414353182536420E-003
   9.8999999999998334        3.8292416598587472E-003
   9.9099999999998332        3.8170939959267865E-003
   9.9199999999998330        3.8049920578224830E-003
   9.9299999999998327        3.7929355770158733E-003
   9.9399999999998325        3.7809242852530622E-003
   9.9499999999998323        3.7689579147402270E-003
   9.9599999999998321        3.7570361983409162E-003
   9.9699999999998319        3.7451588697862766E-003
   9.9799999999998317        3.7333256638979843E-003
   9.9899999999998315        3.7215363168241382E-003
   9.9999999999998312        3.7097905662865235E-003
   10.009999999999831        3.6981208069619088E-003
   10.019999999999831        3.6864849243779347E-003
   10.029999999999831        3.6748947168499376E-003
   10.039999999999830        3.6633500489964394E-003
   10.049999999999830        3.6518507848204516E-003
   10.059999999999830        3.6403967873919552E-003
   10.069999999999830        3.6289879185218343E-003
   10.079999999999830        3.6176240384287904E-003
   10.089999999999829        3.6063050053997524E-003
   10.099999999999829        3.5950306754446350E-003
   10.109999999999829        3.5838009019475967E-003
   10.119999999999829        3.5726155353144034E-003
   10.129999999999828        3.5614744226188191E-003
   10.139999999999828        3.5498882227407301E-003
   10.149999999999828        3.5387869403501557E-003
   10.159999999999828        3.5277267148629372E-003
   10.169999999999828        3.5167073563871550E-003
   10.179999999999827        3.5057286779004819E-003
   10.189999999999827        3.4947904953624865E-003
   10.199999999999827        3.4838926278251917E-003
   10.209999999999827        3.4730348975400855E-003
   10.219999999999827        3.4622171300642342E-003
   10.229999999999826        3.4514391543603606E-003
   10.239999999999826        3.4407008028954130E-003
   10.249999999999826        3.4300019117319068E-003
   10.259999999999826        3.4193423206154124E-003
   10.269999999999825        3.4087218730555540E-003
   10.279999999999825        3.3981404163991712E-003
   10.289999999999825        3.3875978018971685E-003
   10.299999999999825        3.3770938847633306E-003
   10.309999999999825        3.3666285242225542E-003
   10.319999999999824        3.3562015835514637E-003
   10.329999999999824        3.3458129301075484E-003
   10.339999999999824        3.3354624353474881E-003
   10.349999999999824        3.3251499748344036E-003
   10.359999999999824        3.3148754282328313E-003
   10.369999999999823        3.3046386792891227E-003
   10.379999999999823        3.2954431926513787E-003
   10.389999999999823        3.2853268028134458E-003
   10.399999999999823        3.2752480655330951E-003
   10.409999999999823        3.2652067615980239E-003
   10.419999999999822        3.2552026698226088E-003
   10.429999999999822        3.2452355671393636E-003
   10.439999999999822        3.2353052287074687E-003
   10.449999999999822        3.2254114280366982E-003
   10.459999999999821        3.2155539371293050E-003
   10.469999999999821        3.2057325266393313E-003
   10.479999999999821        3.1959469660500176E-003
   10.489999999999821        3.1861970238675711E-003
   10.499999999999821        3.1764824678351591E-003
   10.509999999999820        3.1656818921416150E-003
   10.519999999999820        3.1560096356017683E-003
   10.529999999999820        3.1463730655522850E-003
   10.539999999999820        3.1367720578413579E-003
   10.549999999999820        3.1272064893824742E-003
   10.559999999999819        3.1176762380490733E-003
   10.569999999999819        3.1081811825643887E-003
   10.579999999999819        3.0987212023825838E-003
   10.589999999999819        3.0892961775670349E-003
   10.599999999999818        3.0799059886597712E-003
   10.609999999999818        3.0705505165474099E-003
   10.619999999999818        3.0612296423202330E-003
   10.629999999999818        3.0519432471272897E-003
   10.639999999999818        3.0426912120255735E-003
   10.649999999999817        3.0334734178247133E-003
   10.659999999999817        3.0242897449275401E-003
   10.669999999999817        3.0151400731676867E-003
   10.679999999999817        3.0060242816421158E-003
   10.689999999999817        2.9969422485418354E-003
   10.699999999999816        2.9878938509792256E-003
   10.709999999999816        2.9788789648146734E-003
   10.719999999999816        2.9698974644803153E-003
   10.729999999999816        2.9609492228037122E-003
   10.739999999999815        2.9520341108319813E-003
   10.749999999999815        2.9431519976544094E-003
   10.759999999999815        2.9348143968687158E-003
   10.769999999999815        2.9259834661077649E-003
   10.779999999999815        2.9171837209328727E-003
   10.789999999999814        2.9084150353509376E-003
   10.799999999999814        2.8996772874703295E-003
   10.809999999999814        2.8909703596529078E-003
   10.819999999999814        2.8822941386612731E-003
   10.829999999999814        2.8736485157996169E-003
   10.839999999999813        2.8650333870484700E-003
   10.849999999999813        2.8564486531916598E-003
   10.859999999999813        2.8478942199346088E-003
   10.869999999999813        2.8393699980139670E-003
   10.879999999999812        2.8308759032964741E-003
   10.889999999999812        2.8224118568672364E-003
   10.899999999999812        2.8137445320502571E-003
   10.909999999999812        2.8053564009349928E-003
   10.919999999999812        2.7969983493217475E-003
   10.929999999999811        2.7886702311921258E-003
   10.939999999999811        2.7803718994896054E-003
   10.949999999999811        2.7721032061034105E-003
   10.959999999999811        2.7638640018578737E-003
   10.969999999999811        2.7556541365076608E-003
   10.979999999999810        2.7474734587392951E-003
   10.989999999999810        2.7393218161789268E-003
   10.999999999999810        2.7311990554074413E-003
   11.009999999999810        2.7231050219820407E-003
   11.019999999999810        2.7150395604655765E-003
   11.029999999999809        2.7070025144631856E-003
   11.039999999999809        2.6989937266670388E-003
   11.049999999999809        2.6910130389087910E-003
   11.059999999999809        2.6830602922204164E-003
   11.069999999999808        2.6751353269035515E-003
   11.079999999999808        2.6672379826069696E-003
   11.089999999999808        2.6593680984132407E-003
   11.099999999999808        2.6515255129335889E-003
   11.109999999999808        2.6437100644120582E-003
   11.119999999999807        2.6359215908381556E-003
   11.129999999999807        2.6281599300684846E-003
   11.139999999999807        2.6204249199572329E-003
   11.149999999999807        2.6126278410750106E-003
   11.159999999999807        2.6049513575005147E-003
   11.169999999999806        2.5973027523536491E-003
   11.179999999999806        2.5896819648484936E-003
   11.189999999999806        2.5820889347118849E-003
   11.199999999999806        2.5745236020130419E-003
   11.209999999999805        2.5669859069861649E-003
   11.219999999999805        2.5594757898459893E-003
   11.229999999999805        2.5519931905964698E-003
   11.239999999999805        2.5445380488332775E-003
   11.249999999999805        2.5371103035403916E-003
   11.259999999999804        2.5297098928811794E-003
   11.269999999999804        2.5223367539845094E-003
   11.279999999999804        2.5149908227264841E-003
   11.289999999999804        2.5074466203747550E-003
   11.299999999999804        2.5001268737239878E-003
   11.309999999999803        2.4928321120539173E-003
   11.319999999999803        2.4855622198943195E-003
   11.329999999999803        2.4783170832554709E-003
   11.339999999999803        2.4710965897118973E-003
   11.349999999999802        2.4639006284864003E-003
   11.359999999999802        2.4567290905342580E-003
   11.369999999999802        2.4495818686277775E-003
   11.379999999999802        2.4424588574400493E-003
   11.389999999999802        2.4353599536285570E-003
   11.399999999999801        2.4282850559169530E-003
   11.409999999999801        2.4212340651766913E-003
   11.419999999999801        2.4142068845056661E-003
   11.429999999999801        2.4072034193053666E-003
   11.439999999999801        2.4002235773555114E-003
   11.449999999999800        2.3932672688856292E-003
   11.459999999999800        2.3863344066431848E-003
   11.469999999999800        2.3794249059582761E-003
   11.479999999999800        2.3725386848039379E-003
   11.489999999999799        2.3656756638520239E-003
   11.499999999999799        2.3588357665237352E-003
   11.509999999999799        2.3520189190347363E-003
   11.519999999999799        2.3452250504353272E-003
   11.529999999999799        2.3384540926427435E-003
   11.539999999999798        2.3317059804676436E-003
   11.549999999999798        2.3256843932231586E-003
   11.559999999999798        2.3190193376646292E-003
   11.569999999999798        2.3123775396451792E-003
   11.579999999999798        2.3057588763126980E-003
   11.589999999999797        2.2991632230583850E-003
   11.599999999999797        2.2925904535296008E-003
   11.609999999999797        2.2860404396517695E-003
   11.619999999999797        2.2795130516601978E-003
   11.629999999999797        2.2730081581394659E-003
   11.639999999999796        2.2665256260734675E-003
   11.649999999999796        2.2600653209054705E-003
   11.659999999999796        2.2536271066080113E-003
   11.669999999999796        2.2472108457620749E-003
   11.679999999999795        2.2408163996491650E-003
   11.689999999999795        2.2335290824416557E-003
   11.699999999999795        2.2271498607757383E-003
   11.709999999999795        2.2207924160025589E-003
   11.719999999999795        2.2144566840880523E-003
   11.729999999999794        2.2081426019503170E-003
   11.739999999999794        2.2018501074043935E-003
   11.749999999999794        2.1955791391050188E-003
   11.759999999999794        2.1893296364849484E-003
   11.769999999999794        2.1831015396865132E-003
   11.779999999999793        2.1768947894924544E-003
   11.789999999999793        2.1707093272492661E-003
   11.799999999999793        2.1645450947890667E-003
   11.809999999999793        2.1584020343452105E-003
   11.819999999999792        2.1522800884651444E-003
   11.829999999999792        2.1461791999192945E-003
   11.839999999999792        2.1400993116048321E-003
   11.849999999999792        2.1340403664479712E-003
   11.859999999999792        2.1280023073003032E-003
   11.869999999999791        2.1219850768342636E-003
   11.879999999999791        2.1159886174335943E-003
   11.889999999999791        2.1100128710819241E-003
   11.899999999999791        2.1040577792479482E-003
   11.909999999999791        2.0981232827693890E-003
   11.919999999999790        2.0922093217336435E-003
   11.929999999999790        2.0863158353573632E-003
   11.939999999999790        2.0804427618639591E-003
   11.949999999999790        2.0751326630281106E-003
   11.959999999999789        2.0692938694299706E-003
   11.969999999999789        2.0634740935190190E-003
   11.979999999999789        2.0576732532243450E-003
   11.989999999999789        2.0518912686437445E-003
   11.999999999999789        2.0461280621535470E-003
   12.009999999999788        2.0403835585193035E-003
   12.019999999999788        2.0346576850031666E-003
   12.029999999999788        2.0289503714717811E-003
   12.039999999999788        2.0232615505003625E-003
   12.049999999999788        2.0175911574746423E-003
   12.059999999999787        2.0119391306897645E-003
   12.069999999999787        2.0063054114460703E-003
   12.079999999999787        2.0006899441398331E-003
   12.089999999999787        1.9950926763504999E-003
   12.099999999999786        1.9891990011378464E-003
   12.109999999999786        1.9836501572343605E-003
   12.119999999999786        1.9781199101660948E-003
   12.129999999999786        1.9726081791371143E-003
   12.139999999999786        1.9671148825020613E-003
   12.149999999999785        1.9616399377390455E-003
   12.159999999999785        1.9561832614253191E-003
   12.169999999999785        1.9507447692163023E-003
   12.179999999999785        1.9453243758270778E-003
   12.189999999999785        1.9399219950181471E-003
   12.199999999999784        1.9345375395841088E-003
   12.209999999999784        1.9291709213465266E-003
   12.219999999999784        1.9238220511506353E-003
   12.229999999999784        1.9184908388662986E-003
   12.239999999999783        1.9131771933932917E-003
   12.249999999999783        1.9078810226712422E-003
   12.259999999999783        1.9026022336941766E-003
   12.269999999999783        1.8973407325300544E-003
   12.279999999999783        1.8920964243453148E-003
   12.289999999999782        1.8868692134346031E-003
   12.299999999999782        1.8816590032558634E-003
   12.309999999999782        1.8764656964708748E-003
   12.319999999999782        1.8712891949912765E-003
   12.329999999999782        1.8661294000303845E-003
   12.339999999999781        1.8609862121606092E-003
   12.349999999999781        1.8558595313767777E-003
   12.359999999999781        1.8506372360417010E-003
   12.369999999999781        1.8455397360186334E-003
   12.379999999999781        1.8404593641954299E-003
   12.389999999999780        1.8353960935794441E-003
   12.399999999999780        1.8303498979887946E-003
   12.409999999999780        1.8253207519672351E-003
   12.419999999999780        1.8203086306936239E-003
   12.429999999999779        1.8153135098866516E-003
   12.439999999999779        1.8103353657044313E-003
   12.449999999999779        1.8053741746393149E-003
   12.459999999999779        1.8004299134080080E-003
   12.469999999999779        1.7955025588370550E-003
   12.479999999999778        1.7905920877439698E-003
   12.489999999999778        1.7856984768141598E-003
   12.499999999999778        1.7808217024737347E-003
   12.509999999999778        1.7758753608559709E-003
   12.519999999999778        1.7710175321063036E-003
   12.529999999999777        1.7661750689347080E-003
   12.539999999999777        1.7613478996018235E-003
   12.549999999999777        1.7565359530659881E-003
   12.559999999999777        1.7517391590397748E-003
   12.569999999999776        1.7469574480477512E-003
   12.579999999999776        1.7421907514854334E-003
   12.589999999999776        1.7374390016789249E-003
   12.599999999999776        1.7327021319453954E-003
   12.609999999999776        1.7279800766540876E-003
   12.619999999999775        1.7232727712878436E-003
   12.629999999999775        1.7185801525043890E-003
   12.639999999999775        1.7139021581983943E-003
   12.649999999999775        1.7092387275625094E-003
   12.659999999999775        1.7045898011486978E-003
   12.669999999999774        1.6999553209283104E-003
   12.679999999999774        1.6953352303518475E-003
   12.689999999999774        1.6907294744074827E-003
   12.699999999999774        1.6861379996780486E-003
   12.709999999999773        1.6815607543965016E-003
   12.719999999999773        1.6769976885000766E-003
   12.729999999999773        1.6724487536815017E-003
   12.739999999999773        1.6679139034388769E-003
   12.749999999999773        1.6633930931217872E-003
   12.759999999999772        1.6588862799757904E-003
   12.769999999999772        1.6547993877655876E-003
   12.779999999999772        1.6503481866944932E-003
   12.789999999999772        1.6459116447787260E-003
   12.799999999999772        1.6414896968044070E-003
   12.809999999999771        1.6370822762878214E-003
   12.819999999999771        1.6326893154535757E-003
   12.829999999999771        1.6283107452167412E-003
   12.839999999999771        1.6239464951692225E-003
   12.849999999999770        1.6195964935710044E-003
   12.859999999999770        1.6152606673451794E-003
   12.869999999999770        1.6109389420785028E-003
   12.879999999999770        1.6066312420269636E-003
   12.889999999999770        1.6023374901261104E-003
   12.899999999999769        1.5980576080072027E-003
   12.909999999999769        1.5937915160192605E-003
   12.919999999999769        1.5895391332565020E-003
   12.929999999999769        1.5846077441703176E-003
   12.939999999999769        1.5803572917829438E-003
   12.949999999999768        1.5761202772938900E-003
   12.959999999999768        1.5718966667769348E-003
   12.969999999999768        1.5676864271120100E-003
   12.979999999999768        1.5634895259618591E-003
   12.989999999999768        1.5593059317468784E-003
   12.999999999999767        1.5551356136162967E-003
   13.009999999999767        1.5509785414175785E-003
   13.019999999999767        1.5468346856615110E-003
   13.029999999999767        1.5427040174862214E-003
   13.039999999999766        1.5385865086165800E-003
   13.049999999999766        1.5344821313220815E-003
   13.059999999999766        1.5303908583704741E-003
   13.069999999999766        1.5263126629794918E-003
   13.079999999999766        1.5222475187660731E-003
   13.089999999999765        1.5181953996907648E-003
   13.099999999999765        1.5141562800019984E-003
   13.109999999999765        1.5101301341755031E-003
   13.119999999999765        1.5061169368516874E-003
   13.129999999999765        1.5021166627711600E-003
   13.139999999999764        1.4981292867066354E-003
   13.149999999999764        1.4941547833927469E-003
   13.159999999999764        1.4901931274541205E-003
   13.169999999999764        1.4862442933304908E-003
   13.179999999999763        1.4823082551996636E-003
   13.189999999999763        1.4789032913791499E-003
   13.199999999999763        1.4749938374220227E-003
   13.209999999999763        1.4710962334934844E-003
   13.219999999999763        1.4672104236994582E-003
   13.229999999999762        1.4633363530857759E-003
   13.239999999999762        1.4594739677094410E-003
   13.249999999999762        1.4556232147114904E-003
   13.259999999999762        1.4517840423899377E-003
   13.269999999999762        1.4479564002733676E-003
   13.279999999999761        1.4441402391952331E-003
   13.289999999999761        1.4403355113673699E-003
   13.299999999999761        1.4365421704540221E-003
   13.309999999999761        1.4327601716453008E-003
   13.319999999999760        1.4289894717298584E-003
   13.329999999999760        1.4252300291669022E-003
   13.339999999999760        1.4214818041568442E-003
   13.349999999999760        1.4177447587107332E-003
   13.359999999999760        1.4136563344236915E-003
   13.369999999999759        1.4099488516433147E-003
   13.379999999999759        1.4062530399360439E-003
   13.389999999999759        1.4025688558255808E-003
   13.399999999999759        1.3988962552467920E-003
   13.409999999999759        1.3952351935187270E-003
   13.419999999999758        1.3915856253179943E-003
   13.429999999999758        1.3879475046539875E-003
   13.439999999999758        1.3843207848454561E-003
   13.449999999999758        1.3807054184984220E-003
   13.459999999999757        1.3771013574861652E-003
   13.469999999999757        1.3735085529304695E-003
   13.479999999999757        1.3699269551855509E-003
   13.489999999999757        1.3663565138233658E-003
   13.499999999999757        1.3627971776216993E-003
   13.509999999999756        1.3592488945541946E-003
   13.519999999999756        1.3557116117831505E-003
   13.529999999999756        1.3521852756547450E-003
   13.539999999999756        1.3486698316970288E-003
   13.549999999999756        1.3451652246207306E-003
   13.559999999999755        1.3416713983232219E-003
   13.569999999999755        1.3381882958951898E-003
   13.579999999999755        1.3347158596308420E-003
   13.589999999999755        1.3312540310411176E-003
   13.599999999999755        1.3278027508704941E-003
   13.609999999999754        1.3243619591171941E-003
   13.619999999999754        1.3208563407962649E-003
   13.629999999999754        1.3174281203953905E-003
   13.639999999999754        1.3140105290001993E-003
   13.649999999999753        1.3106035529149038E-003
   13.659999999999753        1.3072071792804315E-003
   13.669999999999753        1.3038213960408071E-003
   13.679999999999753        1.3004461919064133E-003
   13.689999999999753        1.2970815563138956E-003
   13.699999999999752        1.2937274793829586E-003
   13.709999999999752        1.2903839518698603E-003
   13.719999999999752        1.2870509651177805E-003
   13.729999999999752        1.2837285110037869E-003
   13.739999999999752        1.2804165818829014E-003
   13.749999999999751        1.2771151705286451E-003
   13.759999999999751        1.2738242700708067E-003
   13.769999999999751        1.2705438739298888E-003
   13.779999999999751        1.2672739757487123E-003
   13.789999999999750        1.2639972925033572E-003
   13.799999999999750        1.2607428558575567E-003
   13.809999999999750        1.2574980228068982E-003
   13.819999999999750        1.2542627477289468E-003
   13.829999999999750        1.2510369852450627E-003
   13.839999999999749        1.2478206902555851E-003
   13.849999999999749        1.2446138179762849E-003
   13.859999999999749        1.2414163239758292E-003
   13.869999999999749        1.2382281642144752E-003
   13.879999999999749        1.2350492950836110E-003
   13.889999999999748        1.2318796734462607E-003
   13.899999999999748        1.2287192566785181E-003
   13.909999999999748        1.2255680027116209E-003
   13.919999999999748        1.2224258700747714E-003
   13.929999999999747        1.2192928179384731E-003
   13.939999999999747        1.2161688061583967E-003
   13.949999999999747        1.2130537953195034E-003
   13.959999999999747        1.2099477467805212E-003
   13.969999999999747        1.2068506227184931E-003
   13.979999999999746        1.2037623861732287E-003
   13.989999999999746        1.2006830010918975E-003
   13.999999999999746        1.1976124323729524E-003
   14.009999999999746        1.1945506459101010E-003
   14.019999999999746        1.1914976086353122E-003
   14.029999999999745        1.1884532885613453E-003
   14.039999999999745        1.1854176548235223E-003
   14.049999999999745        1.1823906777202622E-003
   14.059999999999745        1.1795721125023903E-003
   14.069999999999744        1.1765811716157148E-003
   14.079999999999744        1.1735995427019929E-003
   14.089999999999744        1.1706271923780970E-003
   14.099999999999744        1.1676640864603635E-003
   14.109999999999744        1.1647101899379939E-003
   14.119999999999743        1.1617654669479251E-003
   14.129999999999743        1.1588298807516466E-003
   14.139999999999743        1.1559033937138211E-003
   14.149999999999743        1.1529859672830102E-003
   14.159999999999743        1.1500775619745262E-003
   14.169999999999742        1.1471781373558702E-003
   14.179999999999742        1.1442876520342405E-003
   14.189999999999742        1.1414060636470969E-003
   14.199999999999742        1.1385333288547799E-003
   14.209999999999742        1.1356694033370150E-003
   14.219999999999741        1.1328142417914400E-003
   14.229999999999741        1.1294838692466041E-003
   14.239999999999741        1.1266253947670990E-003
   14.249999999999741        1.1237752980353629E-003
   14.259999999999740        1.1209335598960147E-003
   14.269999999999740        1.1181001618279524E-003
   14.279999999999740        1.1152750859385234E-003
   14.289999999999740        1.1124583149566387E-003
   14.299999999999740        1.1096498322231557E-003
   14.309999999999739        1.1068496216806094E-003
   14.319999999999739        1.1040576678603576E-003
   14.329999999999739        1.1012739558686228E-003
   14.339999999999739        1.0984984713697777E-003
   14.349999999999739        1.0957312005689303E-003
   14.359999999999738        1.0929721301916029E-003
   14.369999999999738        1.0902212474618407E-003
   14.379999999999738        1.0874785400789763E-003
   14.389999999999738        1.0847439961910298E-003
   14.399999999999737        1.0820176043678277E-003
   14.409999999999737        1.0792993535707939E-003
   14.419999999999737        1.0765892331215201E-003
   14.429999999999737        1.0738872326683986E-003
   14.439999999999737        1.0711933421507975E-003
   14.449999999999736        1.0685075517616891E-003
   14.459999999999736        1.0658298519084812E-003
   14.469999999999736        1.0631602331718725E-003
   14.479999999999736        1.0604986862625030E-003
   14.489999999999736        1.0578452019767361E-003
   14.499999999999735        1.0556467634635831E-003
   14.509999999999735        1.0530144985197527E-003
   14.519999999999735        1.0503897179913505E-003
   14.529999999999735        1.0477723847216707E-003
   14.539999999999734        1.0451624618842651E-003
   14.549999999999734        1.0425599130240691E-003
   14.559999999999734        1.0399647021014625E-003
   14.569999999999734        1.0373767935356157E-003
   14.579999999999734        1.0347961522502698E-003
   14.589999999999733        1.0322227437193042E-003
   14.599999999999733        1.0296565340136073E-003
   14.609999999999733        1.0270974898480079E-003
   14.619999999999733        1.0245455786301282E-003
   14.629999999999733        1.0220007685073219E-003
   14.639999999999732        1.0194630284166800E-003
   14.649999999999732        1.0169323281327691E-003
   14.659999999999732        1.0144086383174675E-003
   14.669999999999732        1.0118919305680128E-003
   14.679999999999731        1.0090108850763762E-003
   14.689999999999731        1.0065108337049718E-003
   14.699999999999731        1.0040182018731620E-003
   14.709999999999731        1.0015329671971245E-003
   14.719999999999731        9.9905510694331618E-004
   14.729999999999730        9.9658459800550927E-004
   14.739999999999730        9.9412141688246360E-004
   14.749999999999730        9.9166553965572774E-004
   14.759999999999730        9.8921694196811355E-004
   14.769999999999730        9.8677559900262144E-004
   14.779999999999729        9.8434148546205349E-004
   14.789999999999729        9.8191457554936074E-004
   14.799999999999729        9.7949484294869915E-004
   14.809999999999729        9.7708226080745722E-004
   14.819999999999729        9.7467680171918914E-004
   14.829999999999728        9.7227843770767244E-004
   14.839999999999728        9.6988714021199133E-004
   14.849999999999728        9.6750288007272647E-004
   14.859999999999728        9.6512562751992952E-004
   14.869999999999727        9.6275535216182881E-004
   14.879999999999727        9.6039202297546541E-004
   14.889999999999727        9.5803560829868647E-004
   14.899999999999727        9.5568607582377420E-004
   14.909999999999727        9.5334339259269061E-004
   14.919999999999726        9.5100752499452140E-004
   14.929999999999726        9.4867843876403780E-004
   14.939999999999726        9.4635609898308277E-004
   14.949999999999726        9.4401857533378346E-004
   14.959999999999726        9.4170087262676313E-004
   14.969999999999725        9.3938981442734013E-004
   14.979999999999725        9.3708539254046643E-004
   14.989999999999725        9.3478759943500887E-004
   14.999999999999725        9.3249642823398701E-004
