   9.99999978E-03   555.99393538458389     
   1.99999996E-02   551.99416366869229     
   2.99999993E-02   548.05964557102266     
   3.99999991E-02   544.18828950682314     
   5.00000007E-02   540.37810443310480     
   5.99999987E-02   536.62719350329485     
   7.00000003E-02   532.93374821434850     
   7.99999982E-02   529.29604300117023     
   9.00000036E-02   525.71243023796239     
  0.100000001       522.18133561029242     
  0.109999999       518.70125382539061     
  0.119999997       515.27074463144800     
  0.129999995       511.88842911960052     
  0.140000001       508.55298628485383     
  0.150000006       505.26314982450407     
  0.159999996       502.01770515464915     
  0.170000002       498.81548662721264     
  0.180000007       495.65537493152704     
  0.189999998       492.53629466599654     
  0.200000003       489.45721206664916     
  0.209999993       486.41713288058764     
  0.219999999       483.41510037338026     
  0.230000004       480.45019346041084     
  0.239999995       477.52152495304517     
  0.250000000       474.62823991125862     
  0.259999990       471.76951409506734     
  0.270000011       468.94455250774018     
  0.280000001       466.15258802434334     
  0.289999992       463.39288009969118     
  0.300000012       460.66471355025789     
  0.310000002       457.96739740502358     
  0.319999993       455.30026382063204     
  0.330000013       452.66266705659115     
  0.340000004       450.05398250657566     
  0.349999994       447.47360578218473     
  0.360000014       444.92095184578898     
  0.370000005       442.39545418934580     
  0.379999995       439.89656405628830     
  0.389999986       437.42374970380814     
  0.400000006       434.97649570304822     
  0.409999996       432.55430227488279     
  0.419999987       430.15668465914638     
  0.430000007       427.78317251530729     
  0.439999998       425.43330935272326     
  0.449999988       423.10665198874989     
  0.460000008       420.80277003307964     
  0.469999999       418.52124539680824     
  0.479999989       416.26167182481754     
  0.490000010       414.02365445015823     
  0.500000000       411.80680936920686     
  0.509999990       409.61076323644284     
  0.519999981       407.43515287777137     
  0.529999971       405.27962492138107     
  0.540000021       403.14383544519512     
  0.550000012       401.02744964002528     
  0.560000002       398.93014148760233     
  0.569999993       396.85159345269602     
  0.579999983       394.79149618859890     
  0.589999974       392.74954825527703     
  0.600000024       390.72545584954577     
  0.610000014       388.71893254665804     
  0.620000005       386.72969905273078     
  0.629999995       384.75748296747014     
  0.639999986       382.80201855668696     
  0.649999976       380.86304653411736     
  0.660000026       378.94031385210332     
  0.670000017       377.03357350069928     
  0.680000007       375.14258431480317     
  0.689999998       373.26711078893021     
  0.699999988       371.40692289927131     
  0.709999979       369.56179593269269     
  0.720000029       367.73151032235535     
  0.730000019       365.91585148965015     
  0.740000010       364.11460969215898     
  0.750000000       362.32757987736875     
  0.759999990       360.55456154187965     
  0.769999981       358.79535859586281     
  0.779999971       357.04977923253085     
  0.790000021       355.31763580240596     
  0.800000012       353.59874469217112     
  0.810000002       351.89292620790832     
  0.819999993       350.20000446253380     
  0.829999983       348.51980726724855     
  0.839999974       346.85216602683960     
  0.850000024       345.19691563866212     
  0.860000014       343.55389439515267     
  0.870000005       341.92294388972584     
  0.879999995       340.30390892591453     
  0.889999986       338.69663742961922     
  0.899999976       337.10098036434215     
  0.910000026       335.51679164928214     
  0.920000017       333.94392808018029     
  0.930000007       332.38224925279889     
  0.939999998       330.83161748893724     
  0.949999988       329.29189776487783     
  0.959999979       327.76295764217303     
  0.970000029       326.24466720067488     
  0.980000019       324.73689897372947     
  0.990000010       323.23952788544347     
   1.00000000       321.75243118995206     
   1.00999999       320.27548841260602     
   1.01999998       318.80858129300975     
   1.02999997       317.35159372983912     
   1.03999996       315.90441172737212     
   1.04999995       314.46692334367106     
   1.05999994       313.03901864035282     
   1.07000005       311.62058963389308     
   1.08000004       310.21153024840299     
   1.09000003       308.81173626983173     
   1.10000002       307.42110530153843     
   1.11000001       306.03953672118655     
   1.12000000       304.66693163891500     
   1.13000000       303.30319285673852     
   1.13999999       301.94822482913673     
   1.14999998       300.60193362478748     
   1.15999997       299.26422688940852     
   1.16999996       297.93501380966416     
   1.17999995       296.61420507810777     
   1.19000006       295.30171285911615     
   1.20000005       293.99745075578932     
   1.21000004       292.70133377777967     
   1.22000003       291.41327831001900     
   1.23000002       290.13320208231664     
   1.24000001       288.86102413979546     
   1.25000000       287.59666481414172     
   1.25999999       286.34004569564087     
   1.26999998       285.09108960597240     
   1.27999997       283.84972057174099     
   1.28999996       282.61586379872011     
   1.29999995       281.38944564678252     
   1.30999994       280.17039360550007     
   1.32000005       278.95863627038841     
   1.33000004       277.75410331977605     
   1.34000003       276.55672549228046     
   1.35000002       275.36643456487104     
   1.36000001       274.18316333149977     
   1.37000000       273.00684558228249     
   1.38000000       271.83741608321679     
   1.38999999       270.67481055641343     
   1.39999998       269.51896566083377     
   1.40999997       268.36981897351063     
   1.41999996       267.22730897124336     
   1.42999995       266.09137501274910     
   1.44000006       264.96195732125955     
   1.45000005       263.83899696754736     
   1.46000004       262.72243585337191     
   1.47000003       261.61221669532989     
   1.48000002       260.50828300910155     
   1.49000001       259.41057909407624     
   1.50000000       258.31905001835389     
   1.50999999       257.23364160410290     
   1.51999998       256.15430041327085     
   1.52999997       255.08097373363537     
   1.53999996       254.01360956518400     
   1.54999995       252.95215660681743     
   1.55999994       251.89656424336366     
   1.57000005       250.84678253289593     
   1.58000004       249.80276219434538     
   1.59000003       248.76445459540102     
   1.60000002       247.73181174068776     
   1.61000001       246.70478626021674     
   1.62000000       245.68333139809786     
   1.63000000       244.66740100151026     
   1.63999999       243.65694950992156     
   1.64999998       242.65193194454946     
   1.65999997       241.65230389806086     
   1.66999996       240.65802152450021     
   1.67999995       239.66904152944110     
   1.69000006       238.68532116035652     
   1.70000005       237.70681819720090     
   1.71000004       236.73349094319849     
   1.72000003       235.76529821583293     
   1.73000002       234.80219933803264     
   1.74000001       233.84415412954687     
   1.75000000       232.89112289850749     
   1.75999999       231.94306643317211     
   1.76999998       230.99994599384272     
   1.77999997       230.06172330495721     
   1.78999996       229.12836054734800     
   1.79999995       228.19982035066255     
   1.80999994       227.27606578594600     
   1.82000005       226.35706035837546     
   1.83000004       225.44276800014779     
   1.84000003       224.53315306351413     
   1.85000002       223.62818031395810     
   1.86000001       222.72781492351453     
   1.87000000       221.83202246422434     
   1.88000000       220.94076890172394     
   1.88999999       220.05402058896340     
   1.89999998       219.17174426005298     
   1.90999997       218.29390702423268     
   1.91999996       217.42047635996278     
   1.92999995       216.55142010913301     
   1.94000006       215.68670647138649     
   1.95000005       214.82630399855523     
   1.96000004       213.97018158920795     
   1.97000003       213.11830848330163     
   1.98000002       212.27065425694124     
   1.99000001       211.42718881723872     
   2.00000000       210.58788239727346     
   2.00999999       209.75270555114994     
   2.01999998       208.92162914914991     
   2.02999997       208.09462437297933     
   2.03999996       207.27166271110355     
   2.04999995       206.45271595417344     
   2.05999994       205.63775619053800     
   2.06999993       204.82675580184065     
   2.07999992       204.01968745869917     
   2.08999991       203.21652411646707     
   2.09999990       202.41723901107335     
   2.10999990       201.62180565493958     
   2.11999989       200.83019783297325     
   2.13000011       200.04238959863525     
   2.14000010       199.25835527007862     
   2.15000010       198.47806942635930     
   2.16000009       197.70150690371489     
   2.17000008       196.92864279191232     
   2.18000007       196.15945243066076     
   2.19000006       195.39391140608947     
   2.20000005       194.63199554728928     
   2.21000004       193.87368092291618     
   2.22000003       193.11894383785452     
   2.23000002       192.36776082994115     
   2.24000001       191.62010866674626     
   2.25000000       190.87596434241158     
   2.25999999       190.13530507454445     
   2.26999998       189.39810830116576     
   2.27999997       188.66435167771218     
   2.28999996       187.93401307408868     
   2.29999995       187.20707057177492     
   2.30999994       186.48350246097903     
   2.31999993       185.76328723784169     
   2.32999992       185.04640360168827     
   2.33999991       184.33283045232724     
   2.34999990       183.62254688739552     
   2.35999990       182.91553219974739     
   2.36999989       182.21176587488978     
   2.38000011       181.51122758845850     
   2.39000010       180.81389720373849     
   2.40000010       180.11975476922493     
   2.41000009       179.42878051622461     
   2.42000008       178.74095485649821     
   2.43000007       178.05625837994069     
   2.44000006       177.37467185230059     
   2.45000005       176.69617621293648     
   2.46000004       176.02075257261012     
   2.47000003       175.34838221131602     
   2.48000002       174.67904657614642     
   2.49000001       174.01272727918993     
   2.50000000       173.34940609546581     
   2.50999999       172.68906496088968     
   2.51999998       172.03168597027346     
   2.52999997       171.37725137535668     
   2.53999996       170.72574358286860     
   2.54999995       170.07714515262236     
   2.55999994       169.43143879563871     
   2.56999993       168.78860737229894     
   2.57999992       168.14863389052744     
   2.58999991       167.51150150400329     
   2.59999990       166.87719351039786     
   2.60999990       166.24569334964295     
   2.61999989       165.61698460222237     
   2.63000011       164.99105098749260     
   2.64000010       164.36787636202880     
   2.65000010       163.74744471799451     
   2.66000009       163.12974018153943     
   2.67000008       162.51474701121856     
   2.68000007       161.90244959643812     
   2.69000006       161.29283245592239     
   2.70000005       160.68588023620654     
   2.71000004       160.08157771014993     
   2.72000003       159.47990977547283     
   2.73000002       158.88086145331516     
   2.74000001       158.28441788681639     
   2.75000000       157.69056433971625     
   2.75999999       157.09928619497748     
   2.76999998       156.51056895342734     
   2.77999997       155.92439823242040     
   2.78999996       155.34075976452047     
   2.79999995       154.75963939620198     
   2.80999994       154.18102308656998     
   2.81999993       153.60489690609975     
   2.82999992       153.03124703539314     
   2.83999991       152.46005976395477     
   2.84999990       151.89132148898418     
   2.85999990       151.32501871418657     
   2.86999989       150.76113804860006     
   2.88000011       150.19966620543957     
   2.89000010       149.64059000095779     
   2.90000010       149.08389635332182     
   2.91000009       148.52957228150561     
   2.92000008       147.97760490419864     
   2.93000007       147.42798143872935     
   2.94000006       146.88068920000401     
   2.95000005       146.33571559946066     
   2.96000004       145.79304814403667     
   2.97000003       145.25267443515219     
   2.98000002       144.71458216770611     
   2.99000001       144.17875912908718     
   3.00000000       143.64519319819772     
   3.00999999       143.11387234449174     
   3.01999998       142.58478462702530     
   3.02999997       142.05791819352061     
   3.03999996       141.53326127944226     
   3.04999995       141.01080220708647     
   3.05999994       140.49052938468250     
   3.06999993       139.97243130550572     
   3.07999992       139.45649654700395     
   3.08999991       138.94271376993333     
   3.09999990       138.43107171750856     
   3.10999990       137.92155921456146     
   3.11999989       137.41416516671356     
   3.13000011       136.90887855955708     
   3.14000010       136.40568845784898     
   3.15000010       135.90458400471394     
   3.16000009       135.40555442085906     
   3.17000008       134.90858900379786     
   3.18000007       134.41367712708478     
   3.19000006       133.92080823956050     
   3.20000005       133.42997186460508     
   3.21000004       132.94115759940323     
   3.22000003       132.45435511421681     
   3.23000002       131.96955415166840     
   3.24000001       131.48674452603288     
   3.25000000       131.00591612253902     
   3.25999999       130.52705889667936     
   3.26999998       130.05016287352893     
   3.27999997       129.57521814707314     
   3.28999996       129.10221487954331     
   3.29999995       128.63114330076141     
   3.30999994       128.16199370749271     
   3.31999993       127.69475646280651     
   3.32999992       127.22942199544462     
   3.33999991       126.76598079919856     
   3.34999990       126.30442343229376     
   3.35999990       125.84474051678139     
   3.36999989       125.38692273793824     
   3.38000011       124.93096084367350     
   3.39000010       124.47684564394334     
   3.40000010       124.02456801017216     
   3.41000009       123.57411887468105     
   3.42000008       123.12548923012373     
   3.43000007       122.67867012892856     
   3.44000006       122.23365268274796     
   3.45000005       121.79042806191397     
   3.46000004       121.34898749490101     
   3.47000003       120.90932226779474     
   3.48000002       120.47142372376699     
   3.49000001       120.03528326255744     
   3.50000000       119.60089233996160     
   3.50999999       119.16824246732450     
   3.51999998       118.73732521104017     
   3.52999997       118.30813219205788     
   3.53999996       117.88065508539377     
   3.54999995       117.45488561964765     
   3.55999994       117.03081557652666     
   3.56999993       116.60843679037326     
   3.57999992       116.18774114770021     
   3.58999991       115.76872058672902     
   3.59999990       115.35136709693559     
   3.60999990       114.93567271860042     
   3.61999989       114.52162954236329     
   3.63000011       114.10922970878472     
   3.64000010       113.69846540791053     
   3.65000010       113.28932887884294     
   3.66000009       112.88181240931610     
   3.67000008       112.47590833527576     
   3.68000007       112.07160904046509     
   3.69000006       111.66890695601376     
   3.70000005       111.26779456003285     
   3.71000004       110.86826437721325     
   3.72000003       110.47030897842998     
   3.73000002       110.07392098034896     
   3.74000001       109.67909304504066     
   3.75000000       109.28581787959578     
   3.75999999       108.89408823574642     
   3.76999998       108.50389690949144     
   3.77999997       108.11523674072544     
   3.78999996       107.72810061287242     
   3.79999995       107.34248145252283     
   3.80999994       106.95837222907545     
   3.81999993       106.57576595438225     
   3.82999992       106.19465568239802     
   3.83999991       105.81503450883302     
   3.84999990       105.43689557081001     
   3.85999990       105.06023204652512     
   3.86999989       104.68503715491110     
   3.88000011       104.31130415530608     
   3.89000010       103.93902634712479     
   3.90000010       103.56819706953307     
   3.91000009       103.19880970112672     
   3.92000008       102.83085765961322     
   3.93000007       102.46433440149687     
   3.94000006       102.09923342176762     
   3.95000005       101.73554825359273     
   3.96000004       101.37327246801212     
   3.97000003       101.01239967363642     
   3.98000002       100.65292351634893     
   3.99000001       100.29483767901009     
   4.00000000       99.938135881164996     
   4.01000023       99.582811878754811     
   4.01999998       99.228859463830020     
   4.03000021       98.876272464267416     
   4.03999996       98.525044743490014     
   4.05000019       98.175170200189612     
   4.05999994       97.826642768051869     
   4.07000017       97.479456415485387     
   4.07999992       97.133605145352178     
   4.09000015       96.789082994701801     
   4.09999990       96.445884034507912     
   4.11000013       96.104002369407283     
   4.11999989       95.763432137442308     
   4.13000011       95.424167509804846     
   4.13999987       95.086202690583733     
   4.15000010       94.749531916514158     
   4.15999985       94.414149456730328     
   4.17000008       94.080049612519375     
   4.17999983       93.747226717079187     
   4.19000006       93.415675135277709     
   4.19999981       93.085389263414626     
   4.21000004       92.756363528985929     
   4.21999979       92.428592390450561     
   4.23000002       92.102070336999191     
   4.23999977       91.776791888325661     
   4.25000000       91.452751594400169     
   4.26000023       91.129944035245416     
   4.26999998       90.808363820714050     
   4.28000021       90.488005590268813     
   4.28999996       90.168864012765169     
   4.30000019       89.850933786234961     
   4.30999994       89.534209637673399     
   4.32000017       89.218686322827324     
   4.32999992       88.904358625985566     
   4.34000015       88.591221359771950     
   4.34999990       88.279269364939225     
   4.36000013       87.968497510166131     
   4.36999989       87.658900691855408     
   4.38000011       87.350473833934601     
   4.38999987       87.043211887657861     
   4.40000010       86.737109831410507     
   4.40999985       86.432162670514757     
   4.42000008       86.128365437037715     
   4.42999983       85.825713189600947     
   4.44000006       85.524201013191913     
   4.44999981       85.223824018977169     
   4.46000004       84.924577344117552     
   4.46999979       84.626456151584350     
   4.48000002       84.329455629978284     
   4.48999977       84.033570993349144     
   4.50000000       83.738797481017684     
   4.51000023       83.445130357399137     
   4.51999998       83.152564911828023     
   4.53000021       82.861096458384949     
   4.53999996       82.570720335724829     
   4.55000019       82.281431906906448     
   4.55999994       81.993226559224198     
   4.57000017       81.706099704040639     
   4.57999992       81.420046776621149     
   4.59000015       81.135063235969724     
   4.59999990       80.851144564666271     
   4.61000013       80.568286268705904     
   4.61999989       80.286483877338739     
   4.63000011       80.005732942912047     
   4.63999987       79.726029040713129     
   4.65000010       79.447367768814345     
   4.65999985       79.169744747918500     
   4.67000008       78.893155621206802     
   4.67999983       78.617596054187047     
   4.69000006       78.343061734544108     
   4.69999981       78.069548371990933     
   4.71000004       77.797051698121521     
   4.71999979       77.525567466264846     
   4.73000002       77.255091451339908     
   4.73999977       76.985619449712544     
   4.75000000       76.717147279053194     
   4.76000023       76.449670778195781     
   4.76999998       76.183185806998239     
   4.78000021       75.917688246203596     
   4.78999996       75.653173997303170     
   4.80000019       75.389638982399958     
   4.80999994       75.127079144074003     
   4.82000017       74.865490445248497     
   4.82999992       74.604868869057185     
   4.84000015       74.345210418712782     
   4.84999990       74.086511117376702     
   4.86000013       73.828767008029672     
   4.86999989       73.571974153343717     
   4.88000011       73.316128635555046     
   4.88999987       73.061226556338028     
   4.90000010       72.807264036680223     
   4.90999985       72.554237216758622     
   4.92000008       72.302142255816847     
   4.92999983       72.050975332043151     
   4.94000006       71.800732642449788     
   4.94999981       71.551410402753461     
   4.96000004       71.303004847256119     
   4.96999979       71.055512228727636     
   4.98000002       70.808928818288550     
   4.98999977       70.563250905294822     
   5.00000000       70.318474797222507     
   5.01000023       70.074596819553932     
   5.01999998       69.831613315665024     
   5.03000021       69.589520646712828     
   5.03999996       69.348315191524804     
   5.05000019       69.107993346488243     
   5.05999994       68.868551525441291     
   5.07000017       68.629986159564282     
   5.07999992       68.392293697272379     
   5.09000015       68.155470604108800     
   5.09999990       67.919513362639009     
   5.11000013       67.684418472346024     
   5.11999989       67.450182449525883     
   5.13000011       67.216801827184867     
   5.13999987       66.984273154936702     
   5.15000010       66.752592998901207     
   5.15999985       66.521757941603283     
   5.17000008       66.291764581873196     
   5.17999983       66.062609534747111     
   5.19000006       65.834289431369072     
   5.19999981       65.606800918892887     
   5.21000004       65.380140660385578     
   5.21999979       65.154305334731418     
   5.23000002       64.929291636536334     
   5.23999977       64.705096276033586     
   5.25000000       64.481715978989698     
   5.26000023       64.259147486611539     
   5.26999998       64.037387555453947     
   5.28000021       63.816432957327976     
   5.28999996       63.596280479210165     
   5.30000019       63.376926923152020     
   5.30999994       63.158369106190932     
   5.32000017       62.940603860260758     
   5.32999992       62.723628032104244     
   5.34000015       62.507438483185304     
   5.34999990       62.292032089602159     
   5.36000013       62.077405742001325     
   5.36999989       61.863556345492228     
   5.38000011       61.650480819562226     
   5.38999987       61.438176097992510     
   5.40000010       61.226639128774693     
   5.40999985       61.015866874027601     
   5.42000008       60.805856309915583     
   5.42999983       60.596604426566159     
   5.44000006       60.388108227989719     
   5.44999981       60.180364731998473     
   5.46000004       59.973370970127185     
   5.46999979       59.767123987553553     
   5.48000002       59.561620843019995     
   5.48999977       59.356858608755175     
   5.50000000       59.152834370396917     
   5.51000023       58.949545226915284     
   5.51999998       58.746988290536123     
   5.53000021       58.545160686665504     
   5.53999996       58.344059553814553     
   5.55000019       58.143682043524699     
   5.55999994       57.944025320293726     
   5.57000017       57.745086561502312     
   5.57999992       57.546862957340906     
   5.59000015       57.349351710737508     
   5.59999990       57.152550037285394     
   5.61000013       56.956455165172180     
   5.61999989       56.761064335108742     
   5.63000011       56.566374800258650     
   5.63999987       56.372383826168807     
   5.65000010       56.179088690699793     
   5.65999985       55.986486683957089     
   5.67000008       55.794575108222702     
   5.67999983       55.603351277887533     
   5.69000006       55.412812519383849     
   5.69999981       55.222956171118398     
   5.71000004       55.033779583406123     
   5.71999979       54.845280118404197     
   5.73000002       54.657455150046530     
   5.73999977       54.470302063978913     
   5.75000000       54.283818257494403     
   5.76000023       54.098001139469396     
   5.76999998       53.912848130299736     
   5.78000021       53.728356661837914     
   5.78999996       53.544524177330096     
   5.80000019       53.361348131353957     
   5.80999994       53.178825989756866     
   5.82000017       52.996955229594597     
   5.82999992       52.815733339070029     
   5.84000015       52.635157817472901     
   5.84999990       52.455226175119648     
   5.86000013       52.275935933293518     
   5.86999989       52.097284624185633     
   5.88000011       51.919269790835749     
   5.88999987       51.741888987074034     
   5.90000010       51.565139777462953     
   5.90999985       51.389019737239444     
   5.92000008       51.213526452257895     
   5.92999983       51.038657518933093     
   5.94000006       50.864410544183897     
   5.94999981       50.690783145377019     
   5.96000004       50.517772950271429     
   5.96999979       50.345377596962756     
   5.98000002       50.173594733828764     
   5.98999977       50.002422019474409     
   6.00000000       49.831857122677796     
   6.01000023       49.661897722336228     
   6.01999998       49.492541507412867     
   6.03000021       49.323786176883608     
   6.03999996       49.155629439684041     
   6.05000019       48.988069014657526     
   6.05999994       48.821102630502615     
   6.07000017       48.654728025721852     
   6.07999992       48.488942948569957     
   6.09000015       48.323745157003117     
   6.09999990       48.159132418628239     
   6.11000013       47.995102510652451     
   6.11999989       47.831653219833385     
   6.13000011       47.668782342429196     
   6.13999987       47.506487684149448     
   6.15000010       47.344767060106022     
   6.15999985       47.183618294764337     
   6.17000008       47.023039221895068     
   6.17999983       46.863027684526102     
   6.19000006       46.703581534894646     
   6.19999981       46.544698634400028     
   6.21000004       46.386376853556463     
   6.21999979       46.228614071946069     
   6.23000002       46.071408178172575     
   6.23999977       45.914757069815153     
   6.25000000       45.758658653382376     
   6.26000023       45.603110844266503     
   6.26999998       45.448111566698543     
   6.28000021       45.293658753702772     
   6.28999996       45.139750347052377     
   6.30000019       44.986384297224802     
   6.30999994       44.833558563357620     
   6.32000017       44.681271113204708     
   6.32999992       44.529519923092657     
   6.34000015       44.378302977877375     
   6.34999990       44.227618270901189     
   6.36000013       44.077463803949811     
   6.36999989       43.927837587210178     
   6.38000011       43.778737639228005     
   6.38999987       43.630161986865936     
   6.40000010       43.482108665261698     
   6.40999985       43.334575717786912     
   6.42000008       43.187561196005689     
   6.42999983       43.041063159633872     
   6.44000006       42.895079676498327     
   6.44999981       42.749608822496604     
   6.46000004       42.604648681556647     
   6.46999979       42.460197345597074     
   6.48000002       42.316252914487421     
   6.48999977       42.172813496008807     
   6.50000000       42.029877205814785     
   6.51000023       41.887442167392258     
   6.51999998       41.745506512023148     
   6.53000021       41.604068378745588     
   6.53999996       41.463125914316173     
   6.55000019       41.322677273171436     
   6.55999994       41.182720617390693     
   6.57000017       41.043254116658133     
   6.57999992       40.904275948225809     
   6.59000015       40.765784296876532     
   6.59999990       40.627777354886916     
   6.61000013       40.490253321991155     
   6.61999989       40.353210405344306     
   6.63000011       40.216646819486300     
   6.63999987       40.080560786306002     
   6.65000010       39.944950535005617     
   6.65999985       39.809814302065050     
   6.67000008       39.675150331206702     
   6.67999983       39.540956873360422     
   6.69000006       39.407232186628796     
   6.69999981       39.273974536252126     
   6.71000004       39.141182194574519     
   6.71999979       39.008853441009215     
   6.73000002       38.876986562004873     
   6.73999977       38.745579851011676     
   6.75000000       38.614631608447596     
   6.76000023       38.484140141665137     
   6.76999998       38.354103764918172     
   6.78000021       38.224520799328715     
   6.78999996       38.095389572854302     
   6.80000019       37.966708420255245     
   6.80999994       37.838475683062349     
   6.82000017       37.710689709544567     
   6.82999992       37.583348854676856     
   6.84000015       37.456451480108562     
   6.84999990       37.329995954131590     
   6.86000013       37.203980651648969     
   6.86999989       37.078403954143489     
   6.88000011       36.953264249646679     
   6.88999987       36.828559932707819     
   6.90000010       36.704289404363188     
   6.90999985       36.580451072105468     
   6.92000008       36.457043349853485     
   6.92999983       36.334064657921772     
   6.94000006       36.211513422990635     
   6.94999981       36.089388078076354     
   6.96000004       35.967687062501383     
   6.96999979       35.846408821864792     
   6.98000002       35.725551808012987     
   6.98999977       35.605114479010616     
   7.00000000       35.485095299111329     
   7.01000023       35.365492738729060     
   7.01999998       35.246305274409323     
   7.03000021       35.127531388800683     
   7.03999996       35.009169570626426     
   7.05000019       34.891218314656257     
   7.05999994       34.773676121678385     
   7.07000017       34.656541498471633     
   7.07999992       34.539812957777571     
   7.09000015       34.423489018273195     
   7.09999990       34.307568204543301     
   7.11000013       34.192049047053303     
   7.11999989       34.076930082122260     
   7.13000011       33.962209851895764     
   7.13999987       33.847886904319182     
   7.15000010       33.733959793111090     
   7.15999985       33.620427077736707     
   7.17000008       33.507287323381625     
   7.17999983       33.394539100925464     
   7.19000006       33.282180986916075     
   7.19999981       33.170211563543361     
   7.21000004       33.058629418613684     
   7.21999979       32.947433145524236     
   7.23000002       32.836621343237447     
   7.23999977       32.726192616255901     
   7.25000000       32.616145574596835     
   7.26000023       32.506478833767275     
   7.26999998       32.397191014739157     
   7.28000021       32.288280743924396     
   7.28999996       32.179746653150310     
   7.30000019       32.071587379635275     
   7.30999994       31.963801565964090     
   7.32000017       31.856387860063911     
   7.32999992       31.749344915180121     
   7.34000015       31.642671389852296     
   7.34999990       31.536365947890456     
   7.36000013       31.430427258351358     
   7.36999989       31.324853995514729     
   7.38000011       31.219644838860159     
   7.38999987       31.114798473043379     
   7.40000010       31.010313587873430     
   7.40999985       30.906188878289331     
   7.42000008       30.802423044337282     
   7.42999983       30.699014791147700     
   7.44000006       30.595962828912750     
   7.44999981       30.493265872863457     
   7.46000004       30.390922643247574     
   7.46999979       30.288931865307017     
   7.48000002       30.187292269255742     
   7.48999977       30.086002590257660     
   7.50000000       29.985061568404547     
   7.51000023       29.884467948694450     
   7.51999998       29.784220481009626     
   7.53000021       29.684317920095175     
   7.53999996       29.584759025537306     
   7.55000019       29.485542561742150     
   7.55999994       29.386667297914325     
   7.57000017       29.288132008035902     
   7.57999992       29.189935470845150     
   7.59000015       29.092076469815861     
   7.59999990       28.994553793136223     
   7.61000013       28.897366233688373     
   7.61999989       28.800512589027569     
   7.63000011       28.703991661361790     
   7.63999987       28.607802257531329     
   7.65000010       28.511943188988475     
   7.65999985       28.416413271777344     
   7.67000008       28.321211326513758     
   7.67999983       28.226336178365404     
   7.69000006       28.131786657031768     
   7.69999981       28.037561596724565     
   7.71000004       27.943659836147958     
   7.71999979       27.850080218478965     
   7.73000002       27.756821591348135     
   7.73999977       27.663882806820133     
   7.75000000       27.571262721374456     
   7.76000023       27.478960195886252     
   7.76999998       27.386974095607272     
   7.78000021       27.295303290147110     
   7.78999996       27.203946653453976     
   7.80000019       27.112903063796249     
   7.80999994       27.022171403743723     
   7.82000017       26.931750560148874     
   7.82999992       26.841639424128605     
   7.84000015       26.751836891045802     
   7.84999990       26.662341860490990     
   7.86000013       26.573153236264140     
   7.86999989       26.484269926356678     
   7.88000011       26.395690842933337     
   7.88999987       26.307414902314420     
   7.90000010       26.219441024957685     
   7.90999985       26.131768135440975     
   7.92000008       26.044395162444289     
   7.92999983       25.957321038732406     
   7.94000006       25.870544701137252     
   7.94999981       25.784065090540700     
   7.96000004       25.697881151857214     
   7.96999979       25.611991834016596     
   7.98000002       25.526396089946950     
   7.98999977       25.441092876557565     
   8.00000000       25.356081154722105     
   8.01000023       25.271359889261635     
   8.02000046       25.186928048927868     
   8.02999973       25.102784606386582     
   8.03999996       25.018928538200846     
   8.05000019       24.935358824814649     
   8.06000042       24.852074450536428     
   8.06999969       24.769074403522605     
   8.07999992       24.686357675761457     
   8.09000015       24.603923263056831     
   8.10000038       24.521770165012104     
   8.10999966       24.439897385014074     
   8.11999989       24.358303930217076     
   8.13000011       24.276988811527055     
   8.14000034       24.195951043585783     
   8.14999962       24.115189644755159     
   8.15999985       24.034703637101622     
   8.17000008       23.954492046380420     
   8.18000031       23.874553902020335     
   8.18999958       23.794888237108161     
   8.19999981       23.715494088373358     
   8.21000004       23.636370496172812     
   8.22000027       23.557516504475764     
   8.22999954       23.478931160848482     
   8.23999977       23.400613516439392     
   8.25000000       23.322562625964132     
   8.26000023       23.244777547690514     
   8.27000046       23.167257343423920     
   8.27999973       23.090001078492332     
   8.28999996       23.013007821731890     
   8.30000019       22.936276645472070     
   8.31000042       22.859806625521358     
   8.31999969       22.783596841152622     
   8.32999992       22.707646375088892     
   8.34000015       22.631954313488926     
   8.35000038       22.556519745932924     
   8.35999966       22.481341765408526     
   8.36999989       22.406419468296530     
   8.38000011       22.331751954356957     
   8.39000034       22.257338326715001     
   8.39999962       22.183177691847202     
   8.40999985       22.109269159567486     
   8.42000008       22.035611843013569     
   8.43000031       21.962204858633111     
   8.43999958       21.889047326170001     
   8.44999981       21.816138368651103     
   8.46000004       21.743477112372332     
   8.47000027       21.671062686885605     
   8.47999954       21.598894224985088     
   8.48999977       21.526970862694164     
   8.50000000       21.455291739252015     
   8.51000023       21.383855997100525     
   8.52000046       21.312662781871115     
   8.52999973       21.241711242371640     
   8.53999996       21.171000530573430     
   8.55000019       21.100529801598306     
   8.56000042       21.030298213705823     
   8.56999969       20.960304928280280     
   8.57999992       20.890549109818050     
   8.59000015       20.821029925914850     
   8.60000038       20.751746547253145     
   8.60999966       20.682698147589583     
   8.61999989       20.613883903742344     
   8.63000011       20.545302995578847     
   8.64000034       20.476954606003201     
   8.64999962       20.408837920944009     
   8.65999985       20.340952129341922     
   8.67000008       20.273296423137566     
   8.68000031       20.205869997259242     
   8.68999958       20.138672049610861     
   8.69999981       20.071701781059900     
   8.71000004       20.004958395425426     
   8.72000027       19.938441099466072     
   8.72999954       19.872149102868175     
   8.73999977       19.806081618233971     
   8.75000000       19.740237861069822     
   8.76000023       19.674617049774454     
   8.77000046       19.609218405627299     
   8.77999973       19.544041152776828     
   8.78999996       19.479084518229133     
   8.80000019       19.414347731836276     
   8.81000042       19.349830026284856     
   8.81999969       19.285530637084705     
   8.82999992       19.221448802557397     
   8.84000015       19.157583763825059     
   8.85000038       19.093934764799080     
   8.85999966       19.030501052168933     
   8.86999989       18.967281875390931     
   8.88000011       18.904276486677382     
   8.89000034       18.841484140985298     
   8.89999962       18.778904096005508     
   8.90999985       18.716535612151688     
   8.92000008       18.654377952549602     
   8.93000031       18.592430383026045     
   8.93999958       18.530692172098203     
   8.94999981       18.469162590962910     
   8.96000004       18.407840913485831     
   8.97000027       18.346726416191014     
   8.97999954       18.285818378250131     
   8.98999977       18.225116081472017     
   9.00000000       18.164618810292104     
   9.01000023       18.104325851762077     
   9.02000046       18.044236495539344     
   9.02999973       17.984350033876808     
   9.03999996       17.924665761612466     
   9.05000019       17.865182976159097     
   9.06000042       17.805900977494261     
   9.06999969       17.746819068149907     
   9.07999992       17.687936553202388     
   9.09000015       17.629252740262221     
   9.10000038       17.570766939464296     
   9.10999966       17.512478463457647     
   9.11999989       17.454386627395703     
   9.13000011       17.396490748926233     
   9.14000034       17.338790148181626     
   9.14999962       17.281284147768950     
   9.15999985       17.223972072760308     
   9.17000008       17.166853250683051     
   9.18000031       17.109927011510120     
   9.18999958       17.053192687650391     
   9.19999981       16.996649613939073     
   9.21000004       16.940297127628277     
   9.22000027       16.884134568377281     
   9.22999954       16.828161278243289     
   9.23999977       16.772376601671912     
   9.25000000       16.716779885487782     
   9.26000023       16.661370478885225     
   9.27000046       16.606147733418982     
   9.27999973       16.551111002994940     
   9.28999996       16.496259643860885     
   9.30000019       16.441593014597377     
   9.31000042       16.387110476108653     
   9.31999969       16.332811391613390     
   9.32999992       16.278695126635828     
   9.34000015       16.224761048996584     
   9.35000038       16.171008528803874     
   9.35999966       16.117436938444385     
   9.36999989       16.064045652574549     
   9.38000011       16.010834048111533     
   9.39000034       15.957801504224548     
   9.39999962       15.904947402326020     
   9.40999985       15.852271126062870     
   9.42000008       15.799772061307770     
   9.43000031       15.747449596150483     
   9.43999958       15.695303120889363     
   9.44999981       15.643332028022627     
   9.46000004       15.591535712239819     
   9.47000027       15.539913570413377     
   9.47999954       15.488465001590082     
   9.48999977       15.437189406982707     
   9.50000000       15.386086189961519     
   9.51000023       15.335154756045936     
   9.52000046       15.284394512896302     
   9.52999973       15.233804870305446     
   9.53999996       15.183385240190550     
   9.55000019       15.133135036584845     
   9.56000042       15.083053675629460     
   9.56999969       15.033140575565296     
   9.57999992       14.983395156724878     
   9.59000015       14.933816841524319     
   9.60000038       14.884405054455202     
   9.60999966       14.835159222076642     
   9.61999989       14.786078773007322     
   9.63000011       14.737163137917475     
   9.64000034       14.688411749521066     
   9.64999962       14.639824042567851     
   9.65999985       14.591399453835601     
   9.67000008       14.543137422122234     
   9.68000031       14.495037388238169     
   9.68999958       14.447098794998382     
   9.69999981       14.399321087214908     
   9.71000004       14.351703711689058     
   9.72000027       14.304246117203837     
   9.72999954       14.256947754516291     
   9.73999977       14.209808076349979     
   9.75000000       14.162826537387405     
   9.76000023       14.116002594262520     
   9.77000046       14.069335705553259     
   9.77999973       14.022825331774074     
   9.78999996       13.976470935368569     
   9.80000019       13.930271980702027     
   9.81000042       13.884227934054206     
   9.81999969       13.838338263611877     
   9.82999992       13.792602439461630     
   9.84000015       13.747019933582601     
   9.85000038       13.701590219839176     
   9.85999966       13.656312773973937     
   9.86999989       13.611187073600403     
   9.88000011       13.566212598195911     
   9.89000034       13.521388829094500     
   9.89999962       13.476715249479886     
   9.90999985       13.432191344378380     
   9.92000008       13.387816600651924     
   9.93000031       13.343590506991033     
   9.93999958       13.299512553907887     
   9.94999981       13.255582233729429     
   9.96000004       13.211799040590455     
   9.97000027       13.168162470426658     
   9.97999954       13.124672020967976     
   9.98999977       13.081327191731630     
   10.0000000       13.038127484015391     
   10.0100002       12.995072400890864     
   10.0200005       12.952161447196668     
   10.0299997       12.909394129531909     
   10.0400000       12.866769956249339     
   10.0500002       12.824288437448805     
   10.0600004       12.781949084970682     
   10.0699997       12.739751412389170     
   10.0799999       12.697694935005789     
   10.0900002       12.655779169842932     
   10.1000004       12.614003635637282     
   10.1099997       12.572367852833361     
   10.1199999       12.530871343577024     
   10.1300001       12.489513631709142     
   10.1400003       12.448294242759191     
   10.1499996       12.407212703938782     
   10.1599998       12.366268544135453     
   10.1700001       12.325461293906269     
   10.1800003       12.284790485471589     
   10.1899996       12.244255652708770     
   10.1999998       12.203856331145953     
   10.2100000       12.163592057955821     
   10.2200003       12.123462371949429     
   10.2299995       12.083466813570148     
   10.2399998       12.043604924887330     
   10.2500000       12.003876249590382     
   10.2600002       11.964280332982577     
   10.2700005       11.924816721975064     
   10.2799997       11.885484965080799     
   10.2900000       11.846284612408567     
   10.3000002       11.807215215656926     
   10.3100004       11.768276328108378     
   10.3199997       11.729467504623306     
   10.3299999       11.690788301634175     
   10.3400002       11.652238277139574     
   10.3500004       11.613816990698357     
   10.3599997       11.575524003423855     
   10.3699999       11.537358877978074     
   10.3800001       11.499321178565806     
   10.3900003       11.461410470928987     
   10.3999996       11.423626322340835     
   10.4099998       11.385968301600323     
   10.4200001       11.348435979026252     
   10.4300003       11.311028926451728     
   10.4399996       11.273746717218478     
   10.4499998       11.236588926171246     
   10.4600000       11.199555129652175     
   10.4700003       11.162644905495185     
   10.4799995       11.125857833020522     
   10.4899998       11.089193493029105     
   10.5000000       11.052651467797125     
   10.5100002       11.016231341070487     
   10.5200005       10.979932698059375     
   10.5299997       10.943755125432792     
   10.5400000       10.907698211313139     
   10.5500002       10.871761545270868     
   10.5600004       10.835944718319000     
   10.5699997       10.800247322907889     
   10.5799999       10.764668952919770     
   10.5900002       10.729209203663588     
   10.6000004       10.693867671869587     
   10.6099997       10.658643955684045     
   10.6199999       10.623537654664144     
   10.6300001       10.588548369772600     
   10.6400003       10.553675703372546     
   10.6499996       10.518919259222363     
   10.6599998       10.484278642470414     
   10.6700001       10.449753459649999     
   10.6800003       10.415343318674212     
   10.6899996       10.381047828830798     
   10.6999998       10.346866600777147     
   10.7100000       10.312799246535160     
   10.7200003       10.278845379486222     
   10.7299995       10.245004614366263     
   10.7399998       10.211276567260642     
   10.7500000       10.177660855599274     
   10.7600002       10.144157098151565     
   10.7700005       10.110764915021553     
   10.7799997       10.077483927643003     
   10.7900000       10.044313758774413     
   10.8000002       10.011254032494223     
   10.8100004       9.9783043741959112     
   10.8199997       9.9454644105831544     
   10.8299999       9.9127337696650617     
   10.8400002       9.8801120807512710     
   10.8500004       9.8475989744472496     
   10.8599997       9.8151940826495281     
   10.8699999       9.7828970385408578     
   10.8800001       9.7507074765856636     
   10.8900003       9.7186250325251127     
   10.8999996       9.6866493433726610     
   10.9099998       9.6547800474091563     
   10.9200001       9.6230167841783967     
   10.9300003       9.5913591944823526     
   10.9399996       9.5598069203765856     
   10.9499998       9.5283596051657220     
   10.9600000       9.4970168933987367     
   10.9700003       9.4657784308645621     
   10.9799995       9.4346438645874464     
   10.9899998       9.4036128428223691     
   11.0000000       9.3726850150507115     
   11.0100002       9.3418600319756600     
   11.0200005       9.3111375455176848     
   11.0299997       9.2805172088101830     
   11.0400000       9.2499986761950552     
   11.0500002       9.2195816032181828     
   11.0600004       9.1892656466251346     
   11.0699997       9.1590504643567581     
   11.0799999       9.1289357155447028     
   11.0900002       9.0989210605072959     
   11.1000004       9.0690061607450314     
   11.1099997       9.0391906789362864     
   11.1199999       9.0094742789330784     
   11.1300001       8.9798566257567742     
   11.1400003       8.9503373855937998     
   11.1499996       8.9209162257913945     
   11.1599998       8.8915928148533983     
   11.1700001       8.8623668224360479     
   11.1800003       8.8332379193437873     
   11.1899996       8.8042057775250182     
   11.1999998       8.7752700700680268     
   11.2100000       8.7464304711968150     
   11.2200003       8.7176866562669613     
   11.2299995       8.6890383017614301     
   11.2399998       8.6604850852866395     
   11.2500000       8.6320266855682259     
   11.2600002       8.6036627824470511     
   11.2700005       8.5753930568752033     
   11.2799997       8.5472171909117840     
   11.2900000       8.5191348677191154     
   11.3000002       8.4911457715585499     
   11.3100004       8.4632495877866418     
   11.3199997       8.4354460028510090     
   11.3299999       8.4077347042865327     
   11.3400002       8.3801153807113451     
   11.3500004       8.3525877218228590     
   11.3599997       8.3251514183939666     
   11.3699999       8.2978061622690529     
   11.3800001       8.2705516463601612     
   11.3900003       8.2433875646431449     
   11.3999996       8.2163136121537388     
   11.4099998       8.1893294849838316     
   11.4200001       8.1624348802775586     
   11.4300003       8.1356294962275584     
   11.4399996       8.1089130320711380     
   11.4499998       8.0822851880865372     
   11.4600000       8.0557456655891198     
   11.4700003       8.0292941669276985     
   11.4799995       8.0029303954807354     
   11.4899998       7.9766540556526566     
   11.5000000       7.9504648528701809     
   11.5100002       7.9243624935785295     
   11.5200005       7.8983466852378648     
   11.5299997       7.8724171363196147     
   11.5400000       7.8465735563027543     
   11.5500002       7.8208156556702191     
   11.5600004       7.7951431459053131     
   11.5699997       7.7695557394880863     
   11.5799999       7.7440531498917373     
   11.5900002       7.7186350915790047     
   11.6000004       7.6933012799987051     
   11.6099997       7.6680514315820592     
   11.6199999       7.6428852637392923     
   11.6300001       7.6178024948559786     
   11.6400003       7.5928028442896505     
   11.6499996       7.5678860323662107     
   11.6599998       7.5430517803765476     
   11.6700001       7.5182998105729819     
   11.6800003       7.4936298461658017     
   11.6899996       7.4690416113199971     
   11.6999998       7.4445348311515565     
   11.7100000       7.4201092317243287     
   11.7200003       7.3957645400464269     
   11.7299995       7.3715004840669192     
   11.7399998       7.3473167926724665     
   11.7500000       7.3232131956839135     
   11.7600002       7.2991894238529920     
   11.7700005       7.2752452088589257     
   11.7799997       7.2513802833051848     
   11.7900000       7.2275943807160949     
   11.8000002       7.2038872355336068     
   11.8100004       7.1802585831139822     
   11.8199997       7.1567081597244782     
   11.8299999       7.1332357025401496     
   11.8400002       7.1098409496406179     
   11.8500004       7.0865236400067531     
   11.8599997       7.0632835135175362     
   11.8699999       7.0401203109467803     
   11.8800001       7.0170337739599571     
   11.8900003       6.9940230736793731     
   11.8999996       6.9710890666807721     
   11.9099998       6.9482309552300388     
   11.9200001       6.9254484845104063     
   11.9300003       6.9027414005808900     
   11.9399996       6.8801094503732232     
   11.9499998       6.8575523816886710     
   11.9600000       6.8350699431949762     
   11.9700003       6.8126618844232301     
   11.9799995       6.7903279557648180     
   11.9899998       6.7680679084683328     
   12.0000000       6.7458814946365315     
   12.0100002       6.7237684672232607     
   12.0200005       6.7017285800304576     
   12.0299997       6.6797615877051157     
   12.0400000       6.6578672457362460     
   12.0500002       6.6360453104519124     
   12.0600004       6.6142955390162079     
   12.0699997       6.5926176894263362     
   12.0799999       6.5710115205095709     
   12.0900002       6.5494767919203385     
   12.1000004       6.5280132641372823     
   12.1099997       6.5066206984603312     
   12.1199999       6.4852988570077379     
   12.1300001       6.4640475027131998     
   12.1400003       6.4428663993229653     
   12.1499996       6.4217553113929311     
   12.1599998       6.4007140042857618     
   12.1700001       6.3797422441680318     
   12.1800003       6.3588397980073736     
   12.1899996       6.3380064335696060     
   12.1999998       6.3172419194159364     
   12.2100000       6.2965460249001062     
   12.2200003       6.2759185201655985     
   12.2299995       6.2553591761428224     
   12.2399998       6.2348677645463058     
   12.2500000       6.2144440578719653     
   12.2600002       6.1940878293942916     
   12.2700005       6.1737988531635652     
   12.2799997       6.1535769040032013     
   12.2900000       6.1334217575068806     
   12.3000002       6.1133331900359416     
   12.3100004       6.0933109787165876     
   12.3199997       6.0733549014371757     
   12.3299999       6.0534647368455579     
   12.3400002       6.0336402643463778     
   12.3500004       6.0138812640983650     
   12.3599997       5.9941875170117012     
   12.3699999       5.9745588047453397     
   12.3800001       5.9549949097043600     
   12.3900003       5.9354956150373557     
   12.3999996       5.9160607046337459     
   12.4099998       5.8966899631212168     
   12.4200001       5.8773831758630672     
   12.4300003       5.8581401289556556     
   12.4399996       5.8389606092257447     
   12.4499998       5.8198444042279984     
   12.4600000       5.8007913022423336     
   12.4700003       5.7818010922714240     
   12.4799995       5.7628735640381263     
   12.4899998       5.7440085079828966     
   12.5000000       5.7252057152613292     
   12.5100002       5.7064649777415699     
   12.5200005       5.6877860880018618     
   12.5299997       5.6691688393279822     
   12.5400000       5.6506130257107881     
   12.5500002       5.6321184418437120     
   12.5600004       5.6136848831202864     
   12.5699997       5.5953121456317030     
   12.5799999       5.5770000261643000     
   12.5900002       5.5587483221971610     
   12.6000004       5.5405568318996590     
   12.6099997       5.5224253541290231     
   12.6199999       5.5043536884279236     
   12.6300001       5.4863416350220415     
   12.6400003       5.4683889948176860     
   12.6499996       5.4504955693993971     
   12.6599998       5.4326611610275446     
   12.6700001       5.4148855726359661     
   12.6800003       5.3971686078295855     
   12.6899996       5.3795100708820547     
   12.6999998       5.3619097667334268     
   12.7100000       5.3443675009877891     
   12.7200003       5.3268830799109157     
   12.7299995       5.3094563104279864     
   12.7399998       5.2920870001212315     
   12.7500000       5.2747749572276525     
   12.7600002       5.2575199906367063     
   12.7700005       5.2403219098879967     
   12.7799997       5.2231805251690346     
   12.7900000       5.2060956473129512     
   12.8000002       5.1890670877961975     
   12.8100004       5.1720946587363308     
   12.8199997       5.1551781728897375     
   12.8299999       5.1383174436494183     
   12.8400002       5.1215122850427379     
   12.8500004       5.1047625117291995     
   12.8599997       5.0880679389982282     
   12.8699999       5.0714283827669924     
   12.8800001       5.0548436595781672     
   12.8900003       5.0383135865977460     
   12.8999996       5.0218379816129008     
   12.9099998       5.0054166630297434     
   12.9200001       4.9890494498712021     
   12.9300003       4.9727361617748631     
   12.9399996       4.9564766189907878     
   12.9499998       4.9402706423793932     
   12.9600000       4.9241180534093099     
   12.9700003       4.9080186741552705     
   12.9799995       4.8919723272959503     
   12.9899998       4.8759788361119023     
   13.0000000       4.8600380244834094     
   13.0100002       4.8441497168884267     
   13.0200005       4.8283137384004702     
   13.0299997       4.8125299146865368     
   13.0400000       4.7967980720050392     
   13.0500002       4.7811180372037168     
   13.0600004       4.7654896377176206     
   13.0699997       4.7499127015670304     
   13.0799999       4.7343870573553986     
   13.0900002       4.7189125342673526     
   13.1000004       4.7034889620666389     
   13.1099997       4.6881161710941202     
   13.1199999       4.6727939922657429     
   13.1300001       4.6575222570705446     
   13.1400003       4.6423007975686401     
   13.1499996       4.6271294463892456     
   13.1599998       4.6120080367287049     
   13.1700001       4.5969364023484678     
   13.1800003       4.5819143775731730     
   13.1899996       4.5669417972886350     
   13.1999998       4.5520184969399402     
   13.2100000       4.5371443125294721     
   13.2200003       4.5223190806149409     
   13.2299995       4.5075426383075134     
   13.2399998       4.4928148232698293     
   13.2500000       4.4781354737141168     
   13.2600002       4.4635044284002525     
   13.2700005       4.4489215266338791     
   13.2799997       4.4343866082644912     
   13.2900000       4.4198995136835437     
   13.3000002       4.4054600838225850     
   13.3100004       4.3910681601513426     
   13.3199997       4.3767235846758874     
   13.3299999       4.3624261999367526     
   13.3400002       4.3481758490070623     
   13.3500004       4.3339723754907045     
   13.3599997       4.3198156235204799     
   13.3699999       4.3057054377562576     
   13.3800001       4.2916416633831327     
   13.3900003       4.2776241461096465     
   13.3999996       4.2636527321658981     
   13.4099998       4.2497272683018004     
   13.4200001       4.2358476017852400     
   13.4300003       4.2220135804002759     
   13.4399996       4.2082250524453784     
   13.4499998       4.1944818667315893     
   13.4600000       4.1807838725808146     
   13.4700003       4.1671309198239905     
   13.4799995       4.1535228587993478     
   13.4899998       4.1399595403506479     
   13.5000000       4.1264408158254158     
   13.5100002       4.1129665370732251     
   13.5200005       4.0995365564439226     
   13.5299997       4.0861507267859070     
   13.5400000       4.0728089014444047     
   13.5500002       4.0595109342597588     
   13.5600004       4.0462566795656860     
   13.5699997       4.0330459921875779     
   13.5799999       4.0198787274408270     
   13.5900002       4.0067547411290736     
   13.6000004       3.9936738895425634     
   13.6099997       3.9806360294564449     
   13.6199999       3.9676410181290902     
   13.6300001       3.9546887133004183     
   13.6400003       3.9417789731902415     
   13.6499996       3.9289116564965840     
   13.6599998       3.9160866223940558     
   13.6700001       3.9033037305321874     
   13.6800003       3.8905628410337720     
   13.6899996       3.8778638144932605     
   13.6999998       3.8652065119751127     
   13.7100000       3.8525907950121714     
   13.7200003       3.8400165256040419     
   13.7299995       3.8274835662155042     
   13.7399998       3.8149917797748589     
   13.7500000       3.8025410296723647     
   13.7600002       3.7901311797586281     
   13.7700005       3.7777620943430112     
   13.7799997       3.7654336381920639     
   13.7900000       3.7531456765279096     
   13.8000002       3.7408980750267107     
   13.8100004       3.7286906998170712     
   13.8199997       3.7165234174785020     
   13.8299999       3.7043960950398427     
   13.8400002       3.6923085999777157     
   13.8500004       3.6802608002149935     
   13.8599997       3.6682525641192467     
   13.8699999       3.6562837605012088     
   13.8800001       3.6443542586132578     
   13.8900003       3.6324639281478888     
   13.8999996       3.6206126392361844     
   13.9099998       3.6088002624463225     
   13.9200001       3.5970266687820649     
   13.9300003       3.5852917296812405     
   13.9399996       3.5735953170142665     
   13.9499998       3.5619373030826504     
   13.9600000       3.5503175606175086     
   13.9700003       3.5387359627780857     
   13.9799995       3.5271923831502670     
   13.9899998       3.5156866957451318     
   14.0000000       3.5042187749974736     
   14.0100002       3.4927884957643491     
   14.0200005       3.4813957333236143     
   14.0299997       3.4700403633724788     
   14.0400000       3.4587222620260882     
   14.0500002       3.4474413058160431     
   14.0600004       3.4361973716889973     
   14.0699997       3.4249903370052075     
   14.0799999       3.4138200795371438     
   14.0900002       3.4026864774680363     
   14.1000004       3.3915894093904759     
   14.1099997       3.3805287543050149     
   14.1199999       3.3695043916187575     
   14.1300001       3.3585162011439578     
   14.1400003       3.3475640630966366     
   14.1499996       3.3366478580951919     
   14.1599998       3.3257674671590003     
   14.1700001       3.3149227717070602     
   14.1800003       3.3041136535566240     
   14.1899996       3.2933399949217930     
   14.1999998       3.2826016784121963     
   14.2100000       3.2718985870316040     
   14.2200003       3.2612306041765939     
   14.2299995       3.2505976136351951     
   14.2399998       3.2399994995855304     
   14.2500000       3.2294361465945043     
   14.2600002       3.2189074396164368     
   14.2700005       3.2084132639917740     
   14.2799997       3.1979535054457262     
   14.2900000       3.1875280500869616     
   14.3000002       3.1771367844062999     
   14.3100004       3.1667795952753863     
   14.3199997       3.1564563699453996     
   14.3299999       3.1461669960457401     
   14.3400002       3.1359113615827394     
   14.3500004       3.1256893549383591     
   14.3599997       3.1155008648689151     
   14.3699999       3.1053457805037943     
   14.3800001       3.0952239913441599     
   14.3900003       3.0851353872616976     
   14.3999996       3.0750798584973298     
   14.4099998       3.0650572956599684     
   14.4200001       3.0550675897252395     
   14.4300003       3.0451106320342274     
   14.4399996       3.0351863142922326     
   14.4499998       3.0252945285675201     
   14.4600000       3.0154351672900805     
   14.4700003       3.0056081232503784     
   14.4799995       2.9958132895981375     
   14.4899998       2.9860505598410931     
   14.5000000       2.9763198278437919     
   14.5100002       2.9666209878263374     
   14.5200005       2.9569539343631965     
   14.5299997       2.9473185623819855     
   14.5400000       2.9377147671622632     
   14.5500002       2.9281424443343065     
   14.5600004       2.9186014898779424     
   14.5699997       2.9090918001213333     
   14.5799999       2.8996132717397840     
   14.5900002       2.8901658017545722     
   14.6000004       2.8807492875317560     
   14.6099997       2.8713636267809841     
   14.6199999       2.8620087175543403     
   14.6300001       2.8526844582451631     
   14.6400003       2.8433907475868869     
   14.6499996       2.8341274846518729     
   14.6599998       2.8248945688502483     
   14.6700001       2.8156918999287694     
   14.6800003       2.8065193779696584     
   14.6899996       2.7973769033894600     
   14.6999998       2.7882643769379012     
   14.7100000       2.7791816996967489     
   14.7200003       2.7701287730786923     
   14.7299995       2.7611054988261969     
   14.7399998       2.7521117790103817     
   14.7500000       2.7431475160299050     
   14.7600002       2.7342126126098432     
   14.7700005       2.7253069718005749     
   14.7799997       2.7164304969766722     
   14.7900000       2.7075830918358057     
   14.8000002       2.6987646603976190     
   14.8100004       2.6899751070026534     
   14.8199997       2.6812143363112408     
   14.8299999       2.6724822533024262     
   14.8400002       2.6637787632728638     
   14.8500004       2.6551037718357429     
   14.8599997       2.6464571849197167     
   14.8699999       2.6378389087678222     
   14.8800001       2.6292488499363995     
   14.8900003       2.6206869152940291     
   14.8999996       2.6121530120204874     
   14.9099998       2.6036470476056572     
   14.9200001       2.5951689298484828     
   14.9300003       2.5867185668559332     
   14.9399996       2.5782958670419189     
   14.9499998       2.5699007391262887     
   14.9600000       2.5615330921337600     
   14.9700003       2.5531928353928794     
   14.9799995       2.5448798785350015     
   14.9899998       2.5365941314932665     
   15.0000000       2.5283355045015385     
