   0.0000000000000000        0.0000000000000000     
   1.0000000000000000E-002   2.4859972175320814E-002
   2.0000000000000000E-002   6.5703680319819630E-002
   2.9999999999999999E-002  0.11290386742306321     
   4.0000000000000001E-002  0.16275291872512657     
   5.0000000000000003E-002  0.21317027545265704     
   6.0000000000000005E-002  0.26287156195242145     
   7.0000000000000007E-002  0.31103721149670860     
   8.0000000000000002E-002  0.35714411471822327     
   8.9999999999999997E-002  0.40086799221914604     
   9.9999999999999992E-002  0.44202193430032355     
  0.10999999999999999       0.48051554582680001     
  0.11999999999999998       0.51632675211817491     
  0.12999999999999998       0.54948182384071076     
  0.13999999999999999       0.58004096015471207     
  0.14999999999999999       0.60808774907720919     
  0.16000000000000000       0.63372139744065825     
  0.17000000000000001       0.65705097580717564     
  0.18000000000000002       0.67819115016442377     
  0.19000000000000003       0.69725902259602512     
  0.20000000000000004       0.71437180585513649     
  0.21000000000000005       0.72964512866728659     
  0.22000000000000006       0.74319181991887795     
  0.23000000000000007       0.75512105717499467     
  0.24000000000000007       0.76553779243246267     
  0.25000000000000006       0.77454238849626433     
  0.26000000000000006       0.78223041479623401     
  0.27000000000000007       0.78869256318129455     
  0.28000000000000008       0.79401465320117637     
  0.29000000000000009       0.79827770328970327     
  0.30000000000000010       0.80155804960733645     
  0.31000000000000011       0.80392749844917732     
  0.32000000000000012       0.80545350135744898     
  0.33000000000000013       0.80619934460076026     
  0.34000000000000014       0.80622434665569243     
  0.35000000000000014       0.80558405887004370     
  0.36000000000000015       0.80433046569471500     
  0.37000000000000016       0.80251218181483086     
  0.38000000000000017       0.80017464424762574     
  0.39000000000000018       0.79736029804617581     
  0.40000000000000019       0.79410877469437846     
  0.41000000000000020       0.79045706261674520     
  0.42000000000000021       0.78643966949306077     
  0.43000000000000022       0.78208877626296103     
  0.44000000000000022       0.77743438285512767     
  0.45000000000000023       0.77250444578701849     
  0.46000000000000024       0.76732500785730129     
  0.47000000000000025       0.76192032021079203     
  0.48000000000000026       0.75631295709027535     
  0.49000000000000027       0.75052392361343800     
  0.50000000000000022       0.74457275692268243     
  0.51000000000000023       0.73847762106068493     
  0.52000000000000024       0.73225539591966859     
  0.53000000000000025       0.72592176060590208     
  0.54000000000000026       0.71949127154978698     
  0.55000000000000027       0.71297743567886196     
  0.56000000000000028       0.70639277895686536     
  0.57000000000000028       0.69974891057676314     
  0.58000000000000029       0.69305658308023033     
  0.59000000000000030       0.68632574866046514     
  0.60000000000000031       0.67956561189019504     
  0.61000000000000032       0.67278467910165096     
  0.62000000000000033       0.66599080463155280     
  0.63000000000000034       0.65919123412987524     
  0.64000000000000035       0.65239264511915807     
  0.65000000000000036       0.64560118497821772     
  0.66000000000000036       0.63882250651298800     
  0.67000000000000037       0.63206180126701828     
  0.68000000000000038       0.62532383071301512     
  0.69000000000000039       0.61861295545861938     
  0.70000000000000040       0.61193316259025765     
  0.71000000000000041       0.60528809127134708     
  0.72000000000000042       0.59868105670268990     
  0.73000000000000043       0.59211507254713269     
  0.74000000000000044       0.58559287191298004     
  0.75000000000000044       0.57911692698555806     
  0.76000000000000045       0.57268946738976845     
  0.77000000000000046       0.56631249736210554     
  0.78000000000000047       0.55998781180518709     
  0.79000000000000048       0.55371701129390882     
  0.80000000000000049       0.54750151609728803     
  0.81000000000000050       0.54134257927705787     
  0.82000000000000051       0.53524129891983763     
  0.83000000000000052       0.52919862955643659     
  0.84000000000000052       0.52321539281875318     
  0.85000000000000053       0.51729228738163124     
  0.86000000000000054       0.51142989823423457     
  0.87000000000000055       0.50562870532301241     
  0.88000000000000056       0.49988909160566375     
  0.89000000000000057       0.49421135055334897     
  0.90000000000000058       0.48859569313615125     
  0.91000000000000059       0.48304225432481385     
  0.92000000000000060       0.47755109913955757     
  0.93000000000000060       0.47212222827566425     
  0.94000000000000061       0.46675558333269029     
  0.95000000000000062       0.46145105167377576     
  0.96000000000000063       0.45620847093903805     
  0.97000000000000064       0.45102763323598671     
  0.98000000000000065       0.44590828902880109     
  0.99000000000000066       0.44085015074609502     
   1.0000000000000007       0.43585289612675915     
   1.0100000000000007       0.43091617132170301     
   1.0200000000000007       0.42603959376776845     
   1.0300000000000007       0.42122275484993488     
   1.0400000000000007       0.41646522236675521     
   1.0500000000000007       0.41176654281227010     
   1.0600000000000007       0.40712624348789350     
   1.0700000000000007       0.40254383445612496     
   1.0800000000000007       0.39801881034743741     
   1.0900000000000007       0.39355065203105311     
   1.1000000000000008       0.38913882815942746     
   1.1100000000000008       0.38478279659583947     
   1.1200000000000008       0.38048200573333246     
   1.1300000000000008       0.37623589571357624     
   1.1400000000000008       0.37204389955275063     
   1.1500000000000008       0.36790544418164783     
   1.1600000000000008       0.36381995140616735     
   1.1700000000000008       0.35978683879474005     
   1.1800000000000008       0.35580552049772740     
   1.1900000000000008       0.35187540800432315     
   1.2000000000000008       0.34799591084165399     
   1.2100000000000009       0.34416643722056217     
   1.2200000000000009       0.34038639463209314     
   1.2300000000000009       0.33665519039863007     
   1.2400000000000009       0.33297223218306560     
   1.2500000000000009       0.32933692845931345     
   1.2600000000000009       0.32574868894712172     
   1.2700000000000009       0.32220692501395437     
   1.2800000000000009       0.31871105004640959     
   1.2900000000000009       0.31526047979361588     
   1.3000000000000009       0.31185463268455610     
   1.3100000000000009       0.30849293012148271     
   1.3200000000000010       0.30517479675103015     
   1.3300000000000010       0.30189966071486435     
   1.3400000000000010       0.29866695388107323     
   1.3500000000000010       0.29547611205801028     
   1.3600000000000010       0.29232657519169913     
   1.3700000000000010       0.28921778754777316     
   1.3800000000000010       0.28614919787941423     
   1.3900000000000010       0.28312025958164155     
   1.4000000000000010       0.28013043083362138     
   1.4100000000000010       0.27717917472891918     
   1.4200000000000010       0.27426595939516657     
   1.4300000000000010       0.27139025810323131     
   1.4400000000000011       0.26855154936693437     
   1.4500000000000011       0.26574931703366284     
   1.4600000000000011       0.26298305036618985     
   1.4700000000000011       0.26025224411668979     
   1.4800000000000011       0.25755639859284646     
   1.4900000000000011       0.25489501971668543     
   1.5000000000000011       0.25226761907647277     
   1.5100000000000011       0.24967371397207933     
   1.5200000000000011       0.24711282745382562     
   1.5300000000000011       0.24458448835557611     
   1.5400000000000011       0.24208823132185148     
   1.5500000000000012       0.23962359682947332     
   1.5600000000000012       0.23719013120403665     
   1.5700000000000012       0.23478738663113474     
   1.5800000000000012       0.23241492116293877     
   1.5900000000000012       0.23007229871994006     
   1.6000000000000012       0.22775908908830736     
   1.6100000000000012       0.22547486791295052     
   1.6200000000000012       0.22321921668646072     
   1.6300000000000012       0.22099172273408701     
   1.6400000000000012       0.21879197919496299     
   1.6500000000000012       0.21661958499966411     
   1.6600000000000013       0.21447414484432539     
   1.6700000000000013       0.21235526916143349     
   1.6800000000000013       0.21026257408742985     
   1.6900000000000013       0.20819568142730477     
   1.7000000000000013       0.20615421861629657     
   1.7100000000000013       0.20413781867885855     
   1.7200000000000013       0.20214612018501638     
   1.7300000000000013       0.20017876720425393     
   1.7400000000000013       0.19823540925709643     
   1.7500000000000013       0.19631570126446102     
   1.7600000000000013       0.19441930349496556     
   1.7700000000000014       0.19254588151032159     
   1.7800000000000014       0.19069510610887180     
   1.7900000000000014       0.18886665326752780     
   1.8000000000000014       0.18706020408206431     
   1.8100000000000014       0.18527544470608226     
   1.8200000000000014       0.18351206628858821     
   1.8300000000000014       0.18176976491042338     
   1.8400000000000014       0.18004824151965065     
   1.8500000000000014       0.17834720186589215     
   1.8600000000000014       0.17666635643393633     
   1.8700000000000014       0.17500542037654709     
   1.8800000000000014       0.17336411344663896     
   1.8900000000000015       0.17174215992897229     
   1.9000000000000015       0.17013928857141863     
   1.9100000000000015       0.16855523251584739     
   1.9200000000000015       0.16698972922886349     
   1.9300000000000015       0.16544252043236701     
   1.9400000000000015       0.16391335203405324     
   1.9500000000000015       0.16240197405798085     
   1.9600000000000015       0.16090814057528041     
   1.9700000000000015       0.15943160963499681     
   1.9800000000000015       0.15797214319527067     
   1.9900000000000015       0.15652950705481161     
   2.0000000000000013       0.15510347078485287     
   2.0100000000000011       0.15369380766153126     
   2.0200000000000009       0.15230029459883448     
   2.0300000000000007       0.15092271208217767     
   2.0400000000000005       0.14956084410252893     
   2.0500000000000003       0.14821447809141838     
   2.0600000000000001       0.14688340485651061     
   2.0699999999999998       0.14556741851812732     
   2.0799999999999996       0.14426631644650811     
   2.0899999999999994       0.14297989920001747     
   2.0999999999999992       0.14170797046422262     
   2.1099999999999990       0.14045033699193193     
   2.1199999999999988       0.13920680854419007     
   2.1299999999999986       0.13797719783229040     
   2.1399999999999983       0.13676132046078798     
   2.1499999999999981       0.13555899487155498     
   2.1599999999999979       0.13437004228889377     
   2.1699999999999977       0.13319428666571131     
   2.1799999999999975       0.13203155463077040     
   2.1899999999999973       0.13088167543703477     
   2.1999999999999971       0.12974448091110385     
   2.2099999999999969       0.12861980540373513     
   2.2199999999999966       0.12750748574147586     
   2.2299999999999964       0.12640736117938461     
   2.2399999999999962       0.12531927335484674     
   2.2499999999999960       0.12424306624247769     
   2.2599999999999958       0.12317858611011881     
   2.2699999999999956       0.12212568147588587     
   2.2799999999999954       0.12108420306630389     
   2.2899999999999952       0.12005400377548670     
   2.2999999999999949       0.11903493862534341     
   2.3099999999999947       0.11802686472683313     
   2.3199999999999945       0.11702964124220401     
   2.3299999999999943       0.11604312934825731     
   2.3399999999999941       0.11506719220055497     
   2.3499999999999939       0.11410169489859770     
   2.3599999999999937       0.11314650445194632     
   2.3699999999999934       0.11220148974725661     
   2.3799999999999932       0.11126652151620825     
   2.3899999999999930       0.11034147230429542     
   2.3999999999999928       0.10942621644051310     
   2.4099999999999926       0.10852063000781956     
   2.4199999999999924       0.10762459081444045     
   2.4299999999999922       0.10673797836596130     
   2.4399999999999920       0.10586067383814149     
   2.4499999999999917       0.10499256005053531     
   2.4599999999999915       0.10413352144072349     
   2.4699999999999913       0.10328344403936307     
   2.4799999999999911       0.10244221544579053     
   2.4899999999999909       0.10160972480433079     
   2.4999999999999907       0.10078586278120003     
   2.5099999999999905        9.9970521542018354E-002
   2.5199999999999902        9.9163594729875237E-002
   2.5299999999999900        9.8364977443971297E-002
   2.5399999999999898        9.7574566218761580E-002
   2.5499999999999896        9.6792259003594672E-002
   2.5599999999999894        9.6017955142881112E-002
   2.5699999999999892        9.5251555356664921E-002
   2.5799999999999890        9.4492961721659413E-002
   2.5899999999999888        9.3742077652708533E-002
   2.5999999999999885        9.2998807884631468E-002
   2.6099999999999883        9.2263058454427463E-002
   2.6199999999999881        9.1534736683889145E-002
   2.6299999999999879        9.0813751162506423E-002
   2.6399999999999877        9.0100011730701715E-002
   2.6499999999999875        8.9393429463396859E-002
   2.6599999999999873        8.8693916653826574E-002
   2.6699999999999871        8.8001386797662728E-002
   2.6799999999999868        8.7315754577370175E-002
   2.6899999999999866        8.6636935846809204E-002
   2.6999999999999864        8.5964847616082640E-002
   2.7099999999999862        8.5299408036591709E-002
   2.7199999999999860        8.4640536386295442E-002
   2.7299999999999858        8.3988153055173889E-002
   2.7399999999999856        8.3342179530885560E-002
   2.7499999999999853        8.2702538384592947E-002
   2.7599999999999851        8.2069153256971977E-002
   2.7699999999999849        8.1441948844390211E-002
   2.7799999999999847        8.0820850885239715E-002
   2.7899999999999845        8.0205786146444691E-002
   2.7999999999999843        7.9596682410114139E-002
   2.8099999999999841        7.8993468460358054E-002
   2.8199999999999839        7.8396074070257504E-002
   2.8299999999999836        7.7804429988990745E-002
   2.8399999999999834        7.7218467929114326E-002
   2.8499999999999832        7.6638120554004999E-002
   2.8599999999999830        7.6063321465457051E-002
   2.8699999999999828        7.5494005191451635E-002
   2.8799999999999826        7.4930107174073279E-002
   2.8899999999999824        7.4371563757612322E-002
   2.8999999999999821        7.3818312176824247E-002
   2.9099999999999819        7.3270290545368169E-002
   2.9199999999999817        7.2727437844409021E-002
   2.9299999999999815        7.2189693911392391E-002
   2.9399999999999813        7.1656999429008064E-002
   2.9499999999999811        7.1129295914289153E-002
   2.9599999999999809        7.0606525707920240E-002
   2.9699999999999807        7.0088631963661288E-002
   2.9799999999999804        6.9575558637968049E-002
   2.9899999999999802        6.9067250479698417E-002
   2.9999999999999800        6.8563653020012036E-002
   3.0099999999999798        6.8064712562344865E-002
   3.0199999999999796        6.7570376172484348E-002
   3.0299999999999794        6.7080591668723377E-002
   3.0399999999999792        6.6595307612087901E-002
   3.0499999999999790        6.6114473296555606E-002
   3.0599999999999787        6.5638038739302434E-002
   3.0699999999999785        6.5165954670898252E-002
   3.0799999999999783        6.4698172525433473E-002
   3.0899999999999781        6.4234644430538917E-002
   3.0999999999999779        6.3775323197286238E-002
   3.1099999999999777        6.3320162309879746E-002
   3.1199999999999775        6.2869115915104412E-002
   3.1299999999999772        6.2422138811560821E-002
   3.1399999999999770        6.1979186438557307E-002
   3.1499999999999768        6.1540214864659951E-002
   3.1599999999999766        6.1105180775850962E-002
   3.1699999999999764        6.0674041463293110E-002
   3.1799999999999762        6.0246754810624317E-002
   3.1899999999999760        5.9823279280783556E-002
   3.1999999999999758        5.9403573902311962E-002
   3.2099999999999755        5.8987598255182877E-002
   3.2199999999999753        5.8575312456100648E-002
   3.2299999999999751        5.8166677143266961E-002
   3.2399999999999749        5.7761653460671913E-002
   3.2499999999999747        5.7360203041892821E-002
   3.2599999999999745        5.6962287993464811E-002
   3.2699999999999743        5.6567870877873710E-002
   3.2799999999999740        5.6176914696203673E-002
   3.2899999999999738        5.5789382870552393E-002
   3.2999999999999736        5.5405876769975729E-002
   3.3099999999999734        5.5025017602948964E-002
   3.3199999999999732        5.4647468689149652E-002
   3.3299999999999730        5.4273196080097341E-002
   3.3399999999999728        5.3901854124084263E-002
   3.3499999999999726        5.3534090307055054E-002
   3.3599999999999723        5.3169504661509992E-002
   3.3699999999999721        5.2808064045585343E-002
   3.3799999999999719        5.2449735698350569E-002
   3.3899999999999717        5.2094487230766234E-002
   3.3999999999999715        5.1742286617036420E-002
   3.4099999999999713        5.1393102186412243E-002
   3.4199999999999711        5.1046902615501002E-002
   3.4299999999999708        5.0703656921149920E-002
   3.4399999999999706        5.0363334453957055E-002
   3.4499999999999704        5.0025904892474368E-002
   3.4599999999999702        4.9691338238159355E-002
   3.4699999999999700        4.9359604811133953E-002
   3.4799999999999698        4.9030675246804198E-002
   3.4899999999999696        4.8704520493385917E-002
   3.4999999999999694        4.8381111810390086E-002
   3.5099999999999691        4.8060420768083936E-002
   3.5199999999999689        4.7742876218820972E-002
   3.5299999999999687        4.7427677771661819E-002
   3.5399999999999685        4.7115137778289705E-002
   3.5499999999999683        4.6805231036483430E-002
   3.5599999999999681        4.6497013638288370E-002
   3.5699999999999679        4.6192114464721108E-002
   3.5799999999999677        4.5889751286091303E-002
   3.5899999999999674        4.5589898655355759E-002
   3.5999999999999672        4.5292531423480303E-002
   3.6099999999999670        4.4997624738196823E-002
   3.6199999999999668        4.4705154043049186E-002
   3.6299999999999666        4.4415095076684619E-002
   3.6399999999999664        4.4127423872401539E-002
   3.6499999999999662        4.3842116757856646E-002
   3.6599999999999659        4.3559150354939645E-002
   3.6699999999999657        4.3278501579740211E-002
   3.6799999999999655        4.3000147642551924E-002
   3.6899999999999653        4.2724066047850603E-002
   3.6999999999999651        4.2450234594207617E-002
   3.7099999999999649        4.2178631374021384E-002
   3.7199999999999647        4.1909234773049905E-002
   3.7299999999999645        4.1642023469605202E-002
   3.7399999999999642        4.1379452015439785E-002
   3.7499999999999640        4.1116744628030194E-002
   3.7599999999999638        4.0856163413267241E-002
   3.7699999999999636        4.0597686776063513E-002
   3.7799999999999634        4.0341293246524315E-002
   3.7899999999999632        4.0084413856483356E-002
   3.7999999999999630        3.9831975613887002E-002
   3.8099999999999627        3.9581560078284915E-002
   3.8199999999999625        3.9333147786976844E-002
   3.8299999999999623        3.9086719498102517E-002
   3.8399999999999621        3.8842256186834144E-002
   3.8499999999999619        3.8599739041344255E-002
   3.8599999999999617        3.8359149458435687E-002
   3.8699999999999615        3.8120469038931570E-002
   3.8799999999999613        3.7883679582730000E-002
   3.8899999999999610        3.7648763083565281E-002
   3.8999999999999608        3.7415701723419049E-002
   3.9099999999999606        3.7184477866650890E-002
   3.9199999999999604        3.6955074053782379E-002
   3.9299999999999602        3.6727472994993710E-002
   3.9399999999999600        3.6501657563323769E-002
   3.9499999999999598        3.6277610787607578E-002
   3.9599999999999596        3.6055315845172811E-002
   3.9699999999999593        3.5835743203291734E-002
   3.9799999999999591        3.5616853087687320E-002
   3.9899999999999589        3.5399656777529168E-002
   3.9999999999999587        3.5184138227364943E-002
   4.0099999999999589        3.4970281669621558E-002
   4.0199999999999587        3.4757504863716350E-002
   4.0299999999999585        3.4546979642857682E-002
   4.0399999999999583        3.4338074184467687E-002
   4.0499999999999581        3.4130773011671875E-002
   4.0599999999999579        3.3925060789796249E-002
   4.0699999999999577        3.3720922323355294E-002
   4.0799999999999574        3.3518342553168080E-002
   4.0899999999999572        3.3317306553624207E-002
   4.0999999999999570        3.3117799530129069E-002
   4.1099999999999568        3.2919806816762751E-002
   4.1199999999999566        3.2723313874174070E-002
   4.1299999999999564        3.2528306287749005E-002
   4.1399999999999562        3.2334769766077930E-002
   4.1499999999999559        3.2142690139757624E-002
   4.1599999999999557        3.1952053360556072E-002
   4.1699999999999555        3.1762845500967980E-002
   4.1799999999999553        3.1575052754194116E-002
   4.1899999999999551        3.1388661434565618E-002
   4.1999999999999549        3.1203657978441674E-002
   4.2099999999999547        3.1020121840972345E-002
   4.2199999999999545        3.0837923252277771E-002
   4.2299999999999542        3.0657088291801304E-002
   4.2399999999999540        3.0477605412985477E-002
   4.2499999999999538        3.0299463219142599E-002
   4.2599999999999536        3.0122113770711206E-002
   4.2699999999999534        2.9946497674532307E-002
   4.2799999999999532        2.9772171971381899E-002
   4.2899999999999530        2.9599124692742687E-002
   4.2999999999999527        2.9427344005848084E-002
   4.3099999999999525        2.9256818214284885E-002
   4.3199999999999523        2.9087535758728737E-002
   4.3299999999999521        2.8919485217800210E-002
   4.3399999999999519        2.8752655309034179E-002
   4.3499999999999517        2.8587034889954024E-002
   4.3599999999999515        2.8422612959206589E-002
   4.3699999999999513        2.8259378657782601E-002
   4.3799999999999510        2.8097321270262335E-002
   4.3899999999999508        2.7936430226069717E-002
   4.3999999999999506        2.7776695100735119E-002
   4.4099999999999504        2.7618105617098591E-002
   4.4199999999999502        2.7460651646444061E-002
   4.4299999999999500        2.7304323209524022E-002
   4.4399999999999498        2.7149110477444449E-002
   4.4499999999999496        2.6997053303664066E-002
   4.4599999999999493        2.6844219642636464E-002
   4.4699999999999491        2.6692478837762171E-002
   4.4799999999999489        2.6541820896477088E-002
   4.4899999999999487        2.6392235866731693E-002
   4.4999999999999485        2.6243713834959895E-002
   4.5099999999999483        2.6093911966373822E-002
   4.5199999999999481        2.5947339953393357E-002
   4.5299999999999478        2.5801801191551434E-002
   4.5399999999999476        2.5657286890477346E-002
   4.5499999999999474        2.5513788370458826E-002
   4.5599999999999472        2.5371297060744490E-002
   4.5699999999999470        2.5229804497642127E-002
   4.5799999999999468        2.5089302322473257E-002
   4.5899999999999466        2.4949782279323027E-002
   4.5999999999999464        2.4811236212589446E-002
   4.6099999999999461        2.4673656064365779E-002
   4.6199999999999459        2.4537033871573872E-002
   4.6299999999999457        2.4401361762912480E-002
   4.6399999999999455        2.4266631955596023E-002
   4.6499999999999453        2.4132836751859385E-002
   4.6599999999999451        2.3999968535274859E-002
   4.6699999999999449        2.3868019766845779E-002
   4.6799999999999446        2.3736982980917139E-002
   4.6899999999999444        2.3606850780883058E-002
   4.6999999999999442        2.3478879604681133E-002
   4.7099999999999440        2.3350513443889970E-002
   4.7199999999999438        2.3223022317840285E-002
   4.7299999999999436        2.3096398887458056E-002
   4.7399999999999434        2.2970635939197511E-002
   4.7499999999999432        2.2845726390068294E-002
   4.7599999999999429        2.2720835437856461E-002
   4.7699999999999427        2.2597651811596984E-002
   4.7799999999999425        2.2475305948076924E-002
   4.7899999999999423        2.2353791007766195E-002
   4.7999999999999421        2.2233100207601341E-002
   4.8099999999999419        2.2113226818843847E-002
   4.8199999999999417        2.1994164164968119E-002
   4.8299999999999415        2.1875905619611065E-002
   4.8399999999999412        2.1758444604592343E-002
   4.8499999999999410        2.1641774588019469E-002
   4.8599999999999408        2.1525889082493074E-002
   4.8699999999999406        2.1410781643433352E-002
   4.8799999999999404        2.1296445867537137E-002
   4.8899999999999402        2.1182875391391583E-002
   4.8999999999999400        2.1070063890254613E-002
   4.9099999999999397        2.0958005077022557E-002
   4.9199999999999395        2.0846692701403810E-002
   4.9299999999999393        2.0736120549311270E-002
   4.9399999999999391        2.0626282442494197E-002
   4.9499999999999389        2.0517172238422844E-002
   4.9599999999999387        2.0408678458190051E-002
   4.9699999999999385        2.0301021632296919E-002
   4.9799999999999383        2.0194083317072196E-002
   4.9899999999999380        2.0087858572045529E-002
   4.9999999999999378        1.9982342530636930E-002
   5.0099999999999376        1.9877530396016911E-002
   5.0199999999999374        1.9773192208738674E-002
   5.0299999999999372        1.9669707556582618E-002
   5.0399999999999370        1.9566901577649697E-002
   5.0499999999999368        1.9464768860896577E-002
   5.0599999999999365        1.9363304042846273E-002
   5.0699999999999363        1.9262501807969321E-002
   5.0799999999999361        1.9162356889165805E-002
   5.0899999999999359        1.9062864068352003E-002
   5.0999999999999357        1.8964018177141235E-002
   5.1099999999999355        1.8865814097619445E-002
   5.1199999999999353        1.8768246763208860E-002
   5.1299999999999351        1.8671311159607816E-002
   5.1399999999999348        1.8575002325806705E-002
   5.1499999999999346        1.8479315355163464E-002
   5.1599999999999344        1.8384245396527811E-002
   5.1699999999999342        1.8289787655414790E-002
   5.1799999999999340        1.8195937395188180E-002
   5.1899999999999338        1.8102689938271872E-002
   5.1999999999999336        1.8010040667341631E-002
   5.2099999999999334        1.7917985026510680E-002
   5.2199999999999331        1.7828002414945476E-002
   5.2299999999999329        1.7737263278725240E-002
   5.2399999999999327        1.7647111074538865E-002
   5.2499999999999325        1.7557541182513070E-002
   5.2599999999999323        1.7468548978324047E-002
   5.2699999999999321        1.7380129831232029E-002
   5.2799999999999319        1.7292279102362466E-002
   5.2899999999999316        1.7203064036494974E-002
   5.2999999999999314        1.7116204068337790E-002
   5.3099999999999312        1.7029896087899482E-002
   5.3199999999999310        1.6944135980615935E-002
   5.3299999999999308        1.6858919675014974E-002
   5.3399999999999306        1.6774243142352964E-002
   5.3499999999999304        1.6690102396161938E-002
   5.3599999999999302        1.6606493491722881E-002
   5.3699999999999299        1.6523412525450240E-002
   5.3799999999999297        1.6440855634167653E-002
   5.3899999999999295        1.6358818994305226E-002
   5.3999999999999293        1.6277298820959532E-002
   5.4099999999999291        1.6196291366877093E-002
   5.4199999999999289        1.6115792921279029E-002
   5.4299999999999287        1.6035799808611157E-002
   5.4399999999999284        1.5956308387126701E-002
   5.4499999999999282        1.5877315047382955E-002
   5.4599999999999280        1.5798816210585973E-002
   5.4699999999999278        1.5720808326818533E-002
   5.4799999999999276        1.5643287873153826E-002
   5.4899999999999274        1.5567646518369151E-002
   5.4999999999999272        1.5491096433340774E-002
   5.5099999999999270        1.5415017477712846E-002
   5.5199999999999267        1.5339405889552824E-002
   5.5299999999999265        1.5264257954018031E-002
   5.5399999999999263        1.5189570006506063E-002
   5.5499999999999261        1.5115338435936654E-002
   5.5599999999999259        1.5040532033091067E-002
   5.5699999999999257        1.4967222928997820E-002
   5.5799999999999255        1.4894364423218738E-002
   5.5899999999999253        1.4821953135311299E-002
   5.5999999999999250        1.4749985704431982E-002
   5.6099999999999248        1.4678458788405159E-002
   5.6199999999999246        1.4607369062782264E-002
   5.6299999999999244        1.4536713219916782E-002
   5.6399999999999242        1.4466487968048553E-002
   5.6499999999999240        1.4396690030412478E-002
   5.6599999999999238        1.4327316144371560E-002
   5.6699999999999235        1.4258363060591330E-002
   5.6799999999999233        1.4189827542253813E-002
   5.6899999999999231        1.4121706364327056E-002
   5.6999999999999229        1.4053996312895538E-002
   5.7099999999999227        1.3986694184561568E-002
   5.7199999999999225        1.3919796785926029E-002
   5.7299999999999223        1.3853300933158431E-002
   5.7399999999999221        1.3787203451666473E-002
   5.7499999999999218        1.3721501175871965E-002
   5.7599999999999216        1.3656190949105876E-002
   5.7699999999999214        1.3591140167585346E-002
   5.7799999999999212        1.3526588880496395E-002
   5.7899999999999210        1.3462424142939043E-002
   5.7999999999999208        1.3398643504319931E-002
   5.8099999999999206        1.3335244559161578E-002
   5.8199999999999203        1.3272224945866863E-002
   5.8299999999999201        1.3209582345251169E-002
   5.8399999999999199        1.3147268665088214E-002
   5.8499999999999197        1.3085348114734396E-002
   5.8599999999999195        1.3023791192475889E-002
   5.8699999999999193        1.2962595118476101E-002
   5.8799999999999191        1.2901757134121120E-002
   5.8899999999999189        1.2841274502423779E-002
   5.8999999999999186        1.2781144508484554E-002
   5.9099999999999184        1.2721364460009025E-002
   5.9199999999999182        1.2661931687880924E-002
   5.9299999999999180        1.2602843546790478E-002
   5.9399999999999178        1.2544097415917053E-002
   5.9499999999999176        1.2485690699662256E-002
   5.9599999999999174        1.2427620828434547E-002
   5.9699999999999172        1.2369885259476517E-002
   5.9799999999999169        1.2312481477738831E-002
   5.9899999999999167        1.2255406996789675E-002
   5.9999999999999165        1.2198659359758224E-002
   6.0099999999999163        1.2142236140305495E-002
   6.0199999999999161        1.2086134943619493E-002
   6.0299999999999159        1.2030353407420251E-002
   6.0399999999999157        1.1974889202977193E-002
   6.0499999999999154        1.1919740036121517E-002
   6.0599999999999152        1.1865922811721517E-002
   6.0699999999999150        1.1811506360914940E-002
   6.0799999999999148        1.1757404371456767E-002
   6.0899999999999146        1.1703614602273486E-002
   6.0999999999999144        1.1650134808363492E-002
   6.1099999999999142        1.1596962739333146E-002
   6.1199999999999140        1.1544096138026181E-002
   6.1299999999999137        1.1490094025501120E-002
   6.1399999999999135        1.1437722885567391E-002
   6.1499999999999133        1.1385646928407898E-002
   6.1599999999999131        1.1333864138804857E-002
   6.1699999999999129        1.1282372527438668E-002
   6.1799999999999127        1.1231170130869019E-002
   6.1899999999999125        1.1180255011483349E-002
   6.1999999999999122        1.1129625257390901E-002
   6.2099999999999120        1.1079278982276685E-002
   6.2199999999999118        1.1029214325199290E-002
   6.2299999999999116        1.0979429450332649E-002
   6.2399999999999114        1.0929922546648315E-002
   6.2499999999999112        1.0880691827532580E-002
   6.2599999999999110        1.0831735530340475E-002
   6.2699999999999108        1.0783051915879582E-002
   6.2799999999999105        1.0734639267816131E-002
   6.2899999999999103        1.0686495892011297E-002
   6.2999999999999101        1.0638620115781629E-002
   6.3099999999999099        1.0591010287073016E-002
   6.3199999999999097        1.0543664773561948E-002
   6.3299999999999095        1.0496581961673586E-002
   6.3399999999999093        1.0449760255515153E-002
   6.3499999999999091        1.0404585642995123E-002
   6.3599999999999088        1.0358303858013208E-002
   6.3699999999999086        1.0312274436141470E-002
   6.3799999999999084        1.0266495522482180E-002
   6.3899999999999082        1.0220965283121254E-002
   6.3999999999999080        1.0175681906729102E-002
   6.4099999999999078        1.0130643606252801E-002
   6.4199999999999076        1.0085848620698794E-002
   6.4299999999999073        1.0040175084815278E-002
   6.4399999999999071        9.9958664450216193E-003
   6.4499999999999069        9.9517998974529842E-003
   6.4599999999999067        9.9079738986980088E-003
   6.4699999999999065        9.8643869150395365E-003
   6.4799999999999063        9.8210374217630441E-003
   6.4899999999999061        9.7779239024702695E-003
   6.4999999999999059        9.7350448483728771E-003
   6.5099999999999056        9.6923987575933054E-003
   6.5199999999999054        9.6499841344629307E-003
   6.5299999999999052        9.6077994888256017E-003
   6.5399999999999050        9.5658433353498270E-003
   6.5499999999999048        9.5241141928552701E-003
   6.5599999999999046        9.4826105836547485E-003
   6.5699999999999044        9.4413310329197545E-003
   6.5799999999999041        9.4002740680736770E-003
   6.5899999999999039        9.3594382182138440E-003
   6.5999999999999037        9.3188220135741566E-003
   6.6099999999999035        9.2784239850273210E-003
   6.6199999999999033        9.2382426636362716E-003
   6.6299999999999031        9.1982765802576492E-003
   6.6399999999999029        9.1585242652037300E-003
   6.6499999999999027        9.1189253975382401E-003
   6.6599999999999024        9.0795687409702709E-003
   6.6699999999999022        9.0404226887706371E-003
   6.6799999999999020        9.0014861724710751E-003
   6.6899999999999018        8.9627581494882320E-003
   6.6999999999999016        8.9242376027156341E-003
   6.7099999999999014        8.8859235400021008E-003
   6.7199999999999012        8.8478149935107414E-003
   6.7299999999999010        8.8099129054879932E-003
   6.7399999999999007        8.7722092905453634E-003
   6.7499999999999005        8.7347046403383477E-003
   6.7599999999999003        8.6973976562770110E-003
   6.7699999999999001        8.6602870463725855E-003
   6.7799999999998999        8.6233715253735532E-003
   6.7899999999998997        8.5866498149384206E-003
   6.7999999999998995        8.5501206438465954E-003
   6.8099999999998992        8.5137827482463669E-003
   6.8199999999998990        8.4776348719417891E-003
   6.8299999999998988        8.4416757667167552E-003
   6.8399999999998986        8.4059041926981583E-003
   6.8499999999998984        8.3703189187547301E-003
   6.8599999999998982        8.3349187229338432E-003
   6.8699999999998980        8.2997023929325953E-003
   6.8799999999998978        8.2646687266036620E-003
   6.8899999999998975        8.2298165324931009E-003
   6.8999999999998973        8.1951446304083450E-003
   6.9099999999998971        8.1606518520151109E-003
   6.9199999999998969        8.1263370414583983E-003
   6.9299999999998967        8.0921990560062843E-003
   6.9399999999998965        8.0582367667141226E-003
   6.9499999999998963        8.0249591828897432E-003
   6.9599999999998960        7.9914155945316635E-003
   6.9699999999998958        7.9580494359896350E-003
   6.9799999999998956        7.9248596957121002E-003
   6.9899999999998954        7.8918453568874516E-003
   6.9999999999998952        7.8590053964074577E-003
   7.0099999999998950        7.8263387838482766E-003
   7.0199999999998948        7.7938444804751227E-003
   7.0299999999998946        7.7615214382816449E-003
   7.0399999999998943        7.7283271820025607E-003
   7.0499999999998941        7.6962586153346783E-003
   7.0599999999998939        7.6643546667400928E-003
   7.0699999999998937        7.6326143654811655E-003
   7.0799999999998935        7.6010367516616238E-003
   7.0899999999998933        7.5696208763312645E-003
   7.0999999999998931        7.5383658015780869E-003
   7.1099999999998929        7.5072706006057716E-003
   7.1199999999998926        7.4763343577804019E-003
   7.1299999999998924        7.4455561686664964E-003
   7.1399999999998922        7.4149351400262450E-003
   7.1499999999998920        7.3844703898006438E-003
   7.1599999999998918        7.3541610470538189E-003
   7.1699999999998916        7.3240062518892899E-003
   7.1799999999998914        7.2940051553280890E-003
   7.1899999999998911        7.2641569191545154E-003
   7.1999999999998909        7.2344607157230761E-003
   7.2099999999998907        7.2049157277191394E-003
   7.2199999999998905        7.1755211478874330E-003
   7.2299999999998903        7.1462761787071680E-003
   7.2399999999998901        7.1171800320289462E-003
   7.2499999999998899        7.0882319286652302E-003
   7.2599999999998897        7.0606546048837364E-003
   7.2699999999998894        7.0320352277601136E-003
   7.2799999999998892        7.0035594984578248E-003
   7.2899999999998890        6.9752264094810387E-003
   7.2999999999998888        6.9470349573872887E-003
   7.3099999999998886        6.9189841435776068E-003
   7.3199999999998884        6.8910729751494020E-003
   7.3299999999998882        6.8633004658048263E-003
   7.3399999999998879        6.8356656368253766E-003
   7.3499999999998877        6.8081675181021787E-003
   7.3599999999998875        6.7796847758212929E-003
   7.3699999999998873        6.7524488635475836E-003
   7.3799999999998871        6.7253496570917632E-003
   7.3899999999998869        6.6983863644978596E-003
   7.3999999999998867        6.6715581968238308E-003
   7.4099999999998865        6.6448643678026862E-003
   7.4199999999998862        6.6183040934905714E-003
   7.4299999999998860        6.5918765919098510E-003
   7.4399999999998858        6.5655810826832067E-003
   7.4499999999998856        6.5394167866629042E-003
   7.4599999999998854        6.5133829255559911E-003
   7.4699999999998852        6.4874787215480449E-003
   7.4799999999998850        6.4617033969237396E-003
   7.4899999999998847        6.4360561736941883E-003
   7.4999999999998845        6.4105362732243022E-003
   7.5099999999998843        6.3851429158669438E-003
   7.5199999999998841        6.3598753206091669E-003
   7.5299999999998839        6.3347327047245869E-003
   7.5399999999998837        6.3097142834433687E-003
   7.5499999999998835        6.2848192696386695E-003
   7.5599999999998833        6.2600468735295890E-003
   7.5699999999998830        6.2353963024099103E-003
   7.5799999999998828        6.2109577377625555E-003
   7.5899999999998826        6.1865198620164423E-003
   7.5999999999998824        6.1622008934072159E-003
   7.6099999999998822        6.1380002255288987E-003
   7.6199999999998820        6.1139172671465427E-003
   7.6299999999998818        6.0899514423112091E-003
   7.6399999999998816        6.0661021904260884E-003
   7.6499999999998813        6.0423689662591068E-003
   7.6599999999998811        6.0187512398993158E-003
   7.6699999999998809        5.9952484966535706E-003
   7.6799999999998807        5.9718393931472522E-003
   7.6899999999998805        5.9485743147370523E-003
   7.6999999999998803        5.9254210007092497E-003
   7.7099999999998801        5.9023787261845827E-003
   7.7199999999998798        5.8794467683882775E-003
   7.7299999999998796        5.8566244067508400E-003
   7.7399999999998794        5.8339109230292271E-003
   7.7499999999998792        5.8113056014493202E-003
   7.7599999999998790        5.7888077288686356E-003
   7.7699999999998788        5.7664165949620379E-003
   7.7799999999998786        5.7441314924289470E-003
   7.7899999999998784        5.7219517172231570E-003
   7.7999999999998781        5.6998765688049688E-003
   7.8099999999998779        5.6779053504163431E-003
   7.8199999999998777        5.6560373693780551E-003
   7.8299999999998775        5.6342719374093677E-003
   7.8399999999998773        5.6126083709692881E-003
   7.8499999999998771        5.5910459916192305E-003
   7.8599999999998769        5.5695841264065092E-003
   7.8699999999998766        5.5482221082672938E-003
   7.8799999999998764        5.5269592764483691E-003
   7.8899999999998762        5.5057949769465528E-003
   7.8999999999998760        5.4847285629647871E-003
   7.9099999999998758        5.4639515590397189E-003
   7.9199999999998756        5.4431212132391871E-003
   7.9299999999998754        5.4223906255435233E-003
   7.9399999999998752        5.4017592833590627E-003
   7.9499999999998749        5.3812266728225852E-003
   7.9599999999998747        5.3607922781809796E-003
   7.9699999999998745        5.3404555811672715E-003
   7.9799999999998743        5.3202160603736670E-003
   7.9899999999998741        5.3000731906264822E-003
   7.9999999999998739        5.2800264423664579E-003
   8.0099999999998737        5.2594005618138446E-003
   8.0199999999998735        5.2394833038186400E-003
   8.0299999999998732        5.2196575175173753E-003
   8.0399999999998730        5.1999226777254487E-003
   8.0499999999998728        5.1802782664268267E-003
   8.0599999999998726        5.1607237729081427E-003
   8.0699999999998724        5.1412586938871501E-003
   8.0799999999998722        5.1218825336304414E-003
   8.0899999999998720        5.1025948040620221E-003
   8.0999999999998717        5.0833950248611454E-003
   8.1099999999998715        5.0642827235471023E-003
   8.1199999999998713        5.0452574355504109E-003
   8.1299999999998711        5.0263187042684319E-003
   8.1399999999998709        5.0074660811056486E-003
   8.1499999999998707        4.9886991254950363E-003
   8.1599999999998705        4.9700174048996834E-003
   8.1699999999998703        4.9514204947963070E-003
   8.1799999999998700        4.9329079786337281E-003
   8.1899999999998698        4.9144794477729934E-003
   8.1999999999998696        4.8961345013969759E-003
   8.2099999999998694        4.8778727464014616E-003
   8.2199999999998692        4.8596937972541828E-003
   8.2299999999998690        4.8415972758305195E-003
   8.2399999999998688        4.8245867759327821E-003
   8.2499999999998685        4.8066914272014757E-003
   8.2599999999998683        4.7888765556575305E-003
   8.2699999999998681        4.7711416261709202E-003
   8.2799999999998679        4.7534861044537489E-003
   8.2899999999998677        4.7359094573850482E-003
   8.2999999999998675        4.7184111533692457E-003
   8.3099999999998673        4.7009906627336019E-003
   8.3199999999998671        4.6836474581580080E-003
   8.3299999999998668        4.6663810151437828E-003
   8.3399999999998666        4.6491908125157475E-003
   8.3499999999998664        4.6310427307905619E-003
   8.3599999999998662        4.6139860365072161E-003
   8.3699999999998660        4.5970058651102251E-003
   8.3799999999998658        4.5801018416936328E-003
   8.3899999999998656        4.5632735940829006E-003
   8.3999999999998654        4.5465207526125297E-003
   8.4099999999998651        4.5298429498948200E-003
   8.4199999999998649        4.5132398205781216E-003
   8.4299999999998647        4.4967110010980032E-003
   8.4399999999998645        4.4802561294228511E-003
   8.4499999999998643        4.4638748447898089E-003
   8.4599999999998641        4.4475667874370964E-003
   8.4699999999998639        4.4313315983285414E-003
   8.4799999999998636        4.4151689188775371E-003
   8.4899999999998634        4.3990783906653202E-003
   8.4999999999998632        4.3830596551577734E-003
   8.5099999999998630        4.3671123534222474E-003
   8.5199999999998628        4.3512361258428367E-003
   8.5299999999998626        4.3354306118396470E-003
   8.5399999999998624        4.3196954495898152E-003
   8.5499999999998622        4.3040302757522790E-003
   8.5599999999998619        4.2884347251997846E-003
   8.5699999999998617        4.2729084307588233E-003
   8.5799999999998615        4.2576636999241725E-003
   8.5899999999998613        4.2422518094475288E-003
   8.5999999999998611        4.2269069282944308E-003
   8.6099999999998609        4.2116287648708093E-003
   8.6199999999998607        4.1964170365437134E-003
   8.6299999999998604        4.1812714697936088E-003
   8.6399999999998602        4.1661918003455325E-003
   8.6499999999998600        4.1511777732806295E-003
   8.6599999999998598        4.1362291431210167E-003
   8.6699999999998596        4.1213456738903882E-003
   8.6799999999998594        4.1065271391464543E-003
   8.6899999999998592        4.0916860642063587E-003
   8.6999999999998590        4.0770105578600488E-003
   8.7099999999998587        4.0623988679956233E-003
   8.7199999999998585        4.0478506478863153E-003
   8.7299999999998583        4.0333655508898317E-003
   8.7399999999998581        4.0189432304429413E-003
   8.7499999999998579        4.0045833400676615E-003
   8.7599999999998577        3.9902855333891814E-003
   8.7699999999998575        3.9760494641663778E-003
   8.7799999999998573        3.9618747863354601E-003
   8.7899999999998570        3.9477611540666615E-003
   8.7999999999998568        3.9337082218350783E-003
   8.8099999999998566        3.9197156445052216E-003
   8.8199999999998564        3.9057830774301833E-003
   8.8299999999998562        3.8919101765652409E-003
   8.8399999999998560        3.8780965985964703E-003
   8.8499999999998558        3.8643420010837227E-003
   8.8599999999998555        3.8506460426192208E-003
   8.8699999999998553        3.8370083830003279E-003
   8.8799999999998551        3.8234286834176756E-003
   8.8899999999998549        3.8099066066574045E-003
   8.8999999999998547        3.7964418173183547E-003
   8.9099999999998545        3.7830339820425860E-003
   8.9199999999998543        3.7696827697601253E-003
   8.9299999999998541        3.7563744462140282E-003
   8.9399999999998538        3.7431557385632398E-003
   8.9499999999998536        3.7299952312882991E-003
   8.9599999999998534        3.7168927102672576E-003
   8.9699999999998532        3.7038479608587742E-003
   8.9799999999998530        3.6908607675289972E-003
   8.9899999999998528        3.6779309134702572E-003
   8.9999999999998526        3.6650581802125342E-003
   9.0099999999998523        3.6522423472285848E-003
   9.0199999999998521        3.6394831915344391E-003
   9.0299999999998519        3.6267804872873888E-003
   9.0399999999998517        3.6137534902814087E-003
   9.0499999999998515        3.6011229351304696E-003
   9.0599999999998513        3.5885457189136580E-003
   9.0699999999998511        3.5760215790478539E-003
   9.0799999999998509        3.5635502559801429E-003
   9.0899999999998506        3.5511314932915299E-003
   9.0999999999998504        3.5387650377982816E-003
   9.1099999999998502        3.5264506396523237E-003
   9.1199999999998500        3.5141880524389244E-003
   9.1299999999998498        3.5019770332710577E-003
   9.1399999999998496        3.4898173428804281E-003
   9.1499999999998494        3.4777087457032543E-003
   9.1599999999998492        3.4656510099617499E-003
   9.1699999999998489        3.4536439077385416E-003
   9.1799999999998487        3.4416872150445804E-003
   9.1899999999998485        3.4297807118786683E-003
   9.1999999999998483        3.4179241822810931E-003
   9.2099999999998481        3.4061174143743015E-003
   9.2199999999998479        3.3943602003957529E-003
   9.2299999999998477        3.3826523367205723E-003
   9.2399999999998474        3.3709936238697966E-003
   9.2499999999998472        3.3593838665096788E-003
   9.2599999999998470        3.3478228734347480E-003
   9.2699999999998468        3.3363104575389853E-003
   9.2799999999998466        3.3255920780894438E-003
   9.2899999999998464        3.3142108814790830E-003
   9.2999999999998462        3.3028776948020966E-003
   9.3099999999998460        3.2915922297443419E-003
   9.3199999999998457        3.2803541962223319E-003
   9.3299999999998455        3.2691633024970780E-003
   9.3399999999998453        3.2580192553109833E-003
   9.3499999999998451        3.2469217600425257E-003
   9.3599999999998449        3.2358705208842186E-003
   9.3699999999998447        3.2248652410382583E-003
   9.3799999999998445        3.2139056229354536E-003
   9.3899999999998442        3.2029913684765120E-003
   9.3999999999998440        3.1912419344253080E-003
   9.4099999999998438        3.1803956984782010E-003
   9.4199999999998436        3.1695948995477596E-003
   9.4299999999998434        3.1588393422223617E-003
   9.4399999999998432        3.1481288322231485E-003
   9.4499999999998430        3.1374631762968175E-003
   9.4599999999998428        3.1268421821047309E-003
   9.4699999999998425        3.1162656581031119E-003
   9.4799999999998423        3.1057334134190718E-003
   9.4899999999998421        3.0952452577201039E-003
   9.4999999999998419        3.0848010010773460E-003
   9.5099999999998417        3.0744004538258802E-003
   9.5199999999998415        3.0640434264165069E-003
   9.5299999999998413        3.0537297292657700E-003
   9.5399999999998411        3.0434591725991347E-003
   9.5499999999998408        3.0332315662932145E-003
   9.5599999999998406        3.0230467197121763E-003
   9.5699999999998404        3.0129044415414972E-003
   9.5799999999998402        3.0028045396216689E-003
   9.5899999999998400        2.9927468207761173E-003
   9.5999999999998398        2.9827310906422335E-003
   9.6099999999998396        2.9727571534987679E-003
   9.6199999999998393        2.9628248120952693E-003
   9.6299999999998391        2.9529338674819760E-003
   9.6399999999998389        2.9433856553460185E-003
   9.6499999999998387        2.9335619174955755E-003
   9.6599999999998385        2.9237777420396548E-003
   9.6699999999998383        2.9140329419853998E-003
   9.6799999999998381        2.9043273349016879E-003
   9.6899999999998379        2.8946607430833733E-003
   9.6999999999998376        2.8850329937094039E-003
   9.7099999999998374        2.8754439189924421E-003
   9.7199999999998372        2.8658933563203782E-003
   9.7299999999998370        2.8563811483880335E-003
   9.7399999999998368        2.8469071433180346E-003
   9.7499999999998366        2.8374711947692791E-003
   9.7599999999998364        2.8279083482082058E-003
   9.7699999999998361        2.8185611749005869E-003
   9.7799999999998359        2.8092518404261276E-003
   9.7899999999998357        2.7999801387681277E-003
   9.7999999999998355        2.7907458633313694E-003
   9.8099999999998353        2.7815488069308251E-003
   9.8199999999998351        2.7723887617866327E-003
   9.8299999999998349        2.7632655195248780E-003
   9.8399999999998347        2.7541788711850515E-003
   9.8499999999998344        2.7451286072339215E-003
   9.8599999999998342        2.7361145175868475E-003
   9.8699999999998340        2.7271363916358468E-003
   9.8799999999998338        2.7181940182862316E-003
   9.8899999999998336        2.7092871860003136E-003
   9.8999999999998334        2.7004156828497839E-003
   9.9099999999998332        2.6915792965763901E-003
   9.9199999999998330        2.6827778146611136E-003
   9.9299999999998327        2.6740110244023703E-003
   9.9399999999998325        2.6652787130030209E-003
   9.9499999999998323        2.6565806676662898E-003
   9.9599999999998321        2.6479166757013332E-003
   9.9699999999998319        2.6392865246374570E-003
   9.9799999999998317        2.6306900023479653E-003
   9.9899999999998315        2.6221268971831722E-003
   9.9999999999998312        2.6135969981123724E-003
   10.009999999999831        2.6049876095764306E-003
   10.019999999999831        2.5965288651596018E-003
   10.029999999999831        2.5881042423159424E-003
   10.039999999999830        2.5797136230393046E-003
   10.049999999999830        2.5713568900683926E-003
   10.059999999999830        2.5630339267012177E-003
   10.069999999999830        2.5547446166016121E-003
   10.079999999999830        2.5464888435980087E-003
   10.089999999999829        2.5382664914747992E-003
   10.099999999999829        2.5300774437575554E-003
   10.109999999999829        2.5219215834914430E-003
   10.119999999999829        2.5137987930147409E-003
   10.129999999999828        2.5057089537269990E-003
   10.139999999999828        2.4974527449662621E-003
   10.149999999999828        2.4894034209179202E-003
   10.159999999999828        2.4813848901748701E-003
   10.169999999999828        2.4733969916071884E-003
   10.179999999999827        2.4654395660589704E-003
   10.189999999999827        2.4575124564324455E-003
   10.199999999999827        2.4496155077723923E-003
   10.209999999999827        2.4417485673500165E-003
   10.219999999999827        2.4339114847469687E-003
   10.229999999999826        2.4261041119378146E-003
   10.239999999999826        2.4183263033718868E-003
   10.249999999999826        2.4105779160530404E-003
   10.259999999999826        2.4028588096176246E-003
   10.269999999999825        2.3951688464100671E-003
   10.279999999999825        2.3875078915550872E-003
   10.289999999999825        2.3798758130271283E-003
   10.299999999999825        2.3722724817159205E-003
   10.309999999999825        2.3646977714871890E-003
   10.319999999999824        2.3571515592395670E-003
   10.329999999999824        2.3496337249554909E-003
   10.339999999999824        2.3421441517468850E-003
   10.349999999999824        2.3346827258945426E-003
   10.359999999999824        2.3272493368812516E-003
   10.369999999999823        2.3198438774166812E-003
   10.379999999999823        2.3129593253307383E-003
   10.389999999999823        2.3056378757641974E-003
   10.399999999999823        2.2983444737196953E-003
   10.409999999999823        2.2910789598974898E-003
   10.419999999999822        2.2838411737836676E-003
   10.429999999999822        2.2766309536656859E-003
   10.439999999999822        2.2694481366577791E-003
   10.449999999999822        2.2622925587358006E-003
   10.459999999999821        2.2551640547825661E-003
   10.469999999999821        2.2480624586441785E-003
   10.479999999999821        2.2409876031973968E-003
   10.489999999999821        2.2339393204274327E-003
   10.499999999999821        2.2269174415187878E-003
   10.509999999999820        2.2192286799377309E-003
   10.519999999999820        2.2122369644725450E-003
   10.529999999999820        2.2052714972539927E-003
   10.539999999999820        2.1983321792362533E-003
   10.549999999999820        2.1914189127404714E-003
   10.559999999999819        2.1845316013994085E-003
   10.569999999999819        2.1776701500985721E-003
   10.579999999999819        2.1708344649111382E-003
   10.589999999999819        2.1640244530304765E-003
   10.599999999999818        2.1572400226962220E-003
   10.609999999999818        2.1504810831172961E-003
   10.619999999999818        2.1437475443898436E-003
   10.629999999999818        2.1370393174112595E-003
   10.639999999999818        2.1303563137898759E-003
   10.649999999999817        2.1236984457503856E-003
   10.659999999999817        2.1170656260353733E-003
   10.669999999999817        2.1104577678038652E-003
   10.679999999999817        2.1038747845251579E-003
   10.689999999999817        2.0973165898701502E-003
   10.699999999999816        2.0907830975987638E-003
   10.709999999999816        2.0842742214457104E-003
   10.719999999999816        2.0777898750023280E-003
   10.729999999999816        2.0713299715970105E-003
   10.739999999999815        2.0648944241738612E-003
   10.749999999999815        2.0584831451686872E-003
   10.759999999999815        2.0524374730015692E-003
   10.769999999999815        2.0460673070932175E-003
   10.779999999999815        2.0397201021259042E-003
   10.789999999999814        2.0333957554432057E-003
   10.799999999999814        2.0270941669206424E-003
   10.809999999999814        2.0208152390745423E-003
   10.819999999999814        2.0145588771696855E-003
   10.829999999999814        2.0083249893248249E-003
   10.839999999999813        2.0021134866166769E-003
   10.849999999999813        1.9959242831808777E-003
   10.859999999999813        1.9897572963096339E-003
   10.869999999999813        1.9836124465459890E-003
   10.879999999999812        1.9774896577733191E-003
   10.889999999999812        1.9713888573004274E-003
   10.899999999999812        1.9650923487890175E-003
   10.909999999999812        1.9590453732284308E-003
   10.919999999999812        1.9530206183886712E-003
   10.929999999999811        1.9470179864253168E-003
   10.939999999999811        1.9410373790335542E-003
   10.949999999999811        1.9350786974171351E-003
   10.959999999999811        1.9291418422600192E-003
   10.969999999999811        1.9232267137011929E-003
   10.979999999999810        1.9173332113124185E-003
   10.989999999999810        1.9114612340797945E-003
   10.999999999999810        1.9056106803892569E-003
   11.009999999999810        1.8997814480151490E-003
   11.019999999999810        1.8939734341140903E-003
   11.029999999999809        1.8881865352221561E-003
   11.039999999999809        1.8824206472573359E-003
   11.049999999999809        1.8766756655262599E-003
   11.059999999999809        1.8709514847362022E-003
   11.069999999999808        1.8652479990119222E-003
   11.079999999999808        1.8595651019178254E-003
   11.089999999999808        1.8539026864857840E-003
   11.099999999999808        1.8482606452479297E-003
   11.109999999999808        1.8426388702758561E-003
   11.119999999999807        1.8370372532248681E-003
   11.129999999999807        1.8314556853846692E-003
   11.139999999999807        1.8258940577356383E-003
   11.149999999999807        1.8202217451832620E-003
   11.159999999999807        1.8146965478833006E-003
   11.169999999999806        1.8091917530094486E-003
   11.179999999999806        1.8037073163845489E-003
   11.189999999999806        1.7982431946832332E-003
   11.199999999999806        1.7927993453363471E-003
   11.209999999999805        1.7873757264301668E-003
   11.219999999999805        1.7819722966003091E-003
   11.229999999999805        1.7765890149201357E-003
   11.239999999999805        1.7712258407844772E-003
   11.249999999999805        1.7658827337880727E-003
   11.259999999999804        1.7605596535994617E-003
   11.269999999999804        1.7552565598302262E-003
   11.279999999999804        1.7499734119001136E-003
   11.289999999999804        1.7446429564693063E-003
   11.299999999999804        1.7393871851018828E-003
   11.309999999999803        1.7341500378809482E-003
   11.319999999999803        1.7289314321148300E-003
   11.329999999999803        1.7237312858315811E-003
   11.339999999999803        1.7185495178282475E-003
   11.349999999999802        1.7133860477214912E-003
   11.359999999999802        1.7082407959991093E-003
   11.369999999999802        1.7031136840726304E-003
   11.379999999999802        1.6980046343306218E-003
   11.389999999999802        1.6929135701926174E-003
   11.399999999999801        1.6878404161633062E-003
   11.409999999999801        1.6827850978871381E-003
   11.419999999999801        1.6777475422028079E-003
   11.429999999999801        1.6727276771973773E-003
   11.439999999999801        1.6677254322602047E-003
   11.449999999999800        1.6627407381360271E-003
   11.459999999999800        1.6577735269770982E-003
   11.469999999999800        1.6528237323942324E-003
   11.479999999999800        1.6478912895063779E-003
   11.489999999999799        1.6429761349884390E-003
   11.499999999999799        1.6380782071172312E-003
   11.509999999999799        1.6331974458148584E-003
   11.519999999999799        1.6283337926902780E-003
   11.529999999999799        1.6234871910772277E-003
   11.539999999999798        1.6186575860694498E-003
   11.549999999999798        1.6141435372267637E-003
   11.559999999999798        1.6093692569025240E-003
   11.569999999999798        1.6046123736033185E-003
   11.579999999999798        1.5998728071796998E-003
   11.589999999999797        1.5951504762222409E-003
   11.599999999999797        1.5904452980451530E-003
   11.609999999999797        1.5857571886748871E-003
   11.619999999999797        1.5810860628439538E-003
   11.629999999999797        1.5764318339894900E-003
   11.639999999999796        1.5717944142575103E-003
   11.649999999999796        1.5671737145132340E-003
   11.659999999999796        1.5625696443570295E-003
   11.669999999999796        1.5579821121459734E-003
   11.679999999999795        1.5534110250231303E-003
   11.689999999999795        1.5483345942942899E-003
   11.699999999999795        1.5437765270052352E-003
   11.709999999999795        1.5392346388543115E-003
   11.719999999999795        1.5347088790676902E-003
   11.729999999999794        1.5301991975554263E-003
   11.739999999999794        1.5257055448883085E-003
   11.749999999999794        1.5212278722733104E-003
   11.759999999999794        1.5167661315264353E-003
   11.769999999999794        1.5123202750414238E-003
   11.779999999999793        1.5078902557575618E-003
   11.789999999999793        1.5034760271231944E-003
   11.799999999999793        1.4990775430577710E-003
   11.809999999999793        1.4946947579100004E-003
   11.819999999999792        1.4903276264139334E-003
   11.829999999999792        1.4859761036423997E-003
   11.839999999999792        1.4816401449567209E-003
   11.849999999999792        1.4773197059552413E-003
   11.859999999999792        1.4730147424176551E-003
   11.869999999999791        1.4687252102483009E-003
   11.879999999999791        1.4644510654157233E-003
   11.889999999999791        1.4601922638905885E-003
   11.899999999999791        1.4559487615805810E-003
   11.909999999999791        1.4517205142641509E-003
   11.919999999999790        1.4475074775211986E-003
   11.929999999999790        1.4433096066623226E-003
   11.939999999999790        1.4391268566559434E-003
   11.949999999999790        1.4352900181096341E-003
   11.959999999999789        1.4311355826487080E-003
   11.969999999999789        1.4269953589641769E-003
   11.979999999999789        1.4228692782775891E-003
   11.989999999999789        1.4187572728237530E-003
   11.999999999999789        1.4146592759250877E-003
   12.009999999999788        1.4105752220675920E-003
   12.019999999999788        1.4065050469759589E-003
   12.029999999999788        1.4024486876903913E-003
   12.039999999999788        1.3984060826419435E-003
   12.049999999999788        1.3943771717281109E-003
   12.059999999999787        1.3903618963876339E-003
   12.069999999999787        1.3863601996747877E-003
   12.079999999999787        1.3823720263316601E-003
   12.089999999999787        1.3783973228598254E-003
   12.099999999999786        1.3741877253042093E-003
   12.109999999999786        1.3702461256526921E-003
   12.119999999999786        1.3663183234535756E-003
   12.129999999999786        1.3624042590949597E-003
   12.139999999999786        1.3585038724790739E-003
   12.149999999999785        1.3546171030002110E-003
   12.159999999999785        1.3507438895238083E-003
   12.169999999999785        1.3468841703671419E-003
   12.179999999999785        1.3430378832809697E-003
   12.189999999999785        1.3392049654334334E-003
   12.199999999999784        1.3353853533952442E-003
   12.209999999999784        1.3315789831269953E-003
   12.219999999999784        1.3277857899684248E-003
   12.229999999999784        1.3240057086298287E-003
   12.239999999999783        1.3202386731857151E-003
   12.249999999999783        1.3164846170710194E-003
   12.259999999999783        1.3127434730797055E-003
   12.269999999999783        1.3090151733660903E-003
   12.279999999999783        1.3052996494490130E-003
   12.289999999999782        1.3015968322187847E-003
   12.299999999999782        1.2979066519472780E-003
   12.309999999999782        1.2942290383011021E-003
   12.319999999999782        1.2905639203579684E-003
   12.329999999999782        1.2869112266264504E-003
   12.339999999999781        1.2832708850690473E-003
   12.349999999999781        1.2796428231289705E-003
   12.359999999999781        1.2759204055724409E-003
   12.369999999999781        1.2723102614713845E-003
   12.379999999999781        1.2687125117226575E-003
   12.389999999999780        1.2651271259046509E-003
   12.399999999999780        1.2615540743930829E-003
   12.409999999999780        1.2579933283238228E-003
   12.419999999999780        1.2544448595522926E-003
   12.429999999999779        1.2509086406097126E-003
   12.439999999999779        1.2473846446555772E-003
   12.449999999999779        1.2438728454270804E-003
   12.459999999999779        1.2403732171849509E-003
   12.469999999999779        1.2368857346560524E-003
   12.479999999999778        1.2334103729726993E-003
   12.489999999999778        1.2299471076086966E-003
   12.499999999999778        1.2264959143122815E-003
   12.509999999999778        1.2230462692561501E-003
   12.519999999999778        1.2196141454818930E-003
   12.529999999999777        1.2161932725773613E-003
   12.539999999999777        1.2127835929998270E-003
   12.549999999999777        1.2093850495702610E-003
   12.559999999999777        1.2059975855079363E-003
   12.569999999999776        1.2026211444661123E-003
   12.579999999999776        1.1992556705685933E-003
   12.589999999999776        1.1959011084474534E-003
   12.599999999999776        1.1925574032813717E-003
   12.609999999999776        1.1892245008349222E-003
   12.619999999999775        1.1859023474985347E-003
   12.629999999999775        1.1825908903289372E-003
   12.639999999999775        1.1792900770902807E-003
   12.649999999999775        1.1759998562955378E-003
   12.659999999999775        1.1727201772482228E-003
   12.669999999999774        1.1694509900842581E-003
   12.679999999999774        1.1661922458139583E-003
   12.689999999999774        1.1629438963638820E-003
   12.699999999999774        1.1597058946184295E-003
   12.709999999999773        1.1564781944611404E-003
   12.719999999999773        1.1532607508155785E-003
   12.729999999999773        1.1500535196853137E-003
   12.739999999999773        1.1468564581934692E-003
   12.749999999999773        1.1436695246209304E-003
   12.759999999999772        1.1404926784437954E-003
   12.769999999999772        1.1374568136852206E-003
   12.779999999999772        1.1343142033868273E-003
   12.789999999999772        1.1311821239777474E-003
   12.799999999999772        1.1280605300039983E-003
   12.809999999999771        1.1249493753927010E-003
   12.819999999999771        1.1218486134283489E-003
   12.829999999999771        1.1187581967310482E-003
   12.839999999999771        1.1156780772364817E-003
   12.849999999999770        1.1126082061784612E-003
   12.859999999999770        1.1095485340730880E-003
   12.869999999999770        1.1064990107057531E-003
   12.879999999999770        1.1034595851206050E-003
   12.889999999999770        1.1004302056125451E-003
   12.899999999999769        1.0974108197220607E-003
   12.909999999999769        1.0944013742333249E-003
   12.919999999999769        1.0914018151751035E-003
   12.929999999999769        1.0880481919007692E-003
   12.939999999999769        1.0850523317432203E-003
   12.949999999999768        1.0820660272888609E-003
   12.959999999999768        1.0790892488201816E-003
   12.969999999999768        1.0761219673161931E-003
   12.979999999999768        1.0731641544455164E-003
   12.989999999999768        1.0702157825584998E-003
   12.999999999999767        1.0672768246769589E-003
   13.009999999999767        1.0643472544829744E-003
   13.019999999999767        1.0614270463050238E-003
   13.029999999999767        1.0585161751034257E-003
   13.039999999999766        1.0556146164528147E-003
   13.049999999999766        1.0527223465237926E-003
   13.059999999999766        1.0498393420617621E-003
   13.069999999999766        1.0469655803645559E-003
   13.079999999999766        1.0441010392582806E-003
   13.089999999999765        1.0412456970702040E-003
   13.099999999999765        1.0383995326011504E-003
   13.109999999999765        1.0355625250949830E-003
   13.119999999999765        1.0327346542063638E-003
   13.129999999999765        1.0299158999671459E-003
   13.139999999999764        1.0271062427503485E-003
   13.149999999999764        1.0243056632323782E-003
   13.159999999999764        1.0215141423540056E-003
   13.169999999999764        1.0187316612788526E-003
   13.179999999999763        1.0159582013504894E-003
   13.189999999999763        1.0134819367752894E-003
   13.199999999999763        1.0107288106596243E-003
   13.209999999999763        1.0079841669408164E-003
   13.219999999999763        1.0052479643929437E-003
   13.229999999999762        1.0025201622760453E-003
   13.239999999999762        9.9980072037655909E-004
   13.249999999999762        9.9708959904913543E-004
   13.259999999999762        9.9438675925903595E-004
   13.269999999999762        9.9169216262543500E-004
   13.279999999999761        9.8900577146571840E-004
   13.289999999999761        9.8632754883976981E-004
   13.299999999999761        9.8365745859522492E-004
   13.309999999999761        9.8099546541301165E-004
   13.319999999999760        9.7834153485300496E-004
   13.329999999999760        9.7569563339986202E-004
   13.339999999999760        9.7305772850883729E-004
   13.349999999999760        9.7042778865137689E-004
   13.359999999999760        9.6755254837890467E-004
   13.369999999999759        9.6494129980200449E-004
   13.379999999999759        9.6233834430135552E-004
   13.389999999999759        9.5974365463610259E-004
   13.399999999999759        9.5715720336492878E-004
   13.409999999999759        9.5457896282470363E-004
   13.419999999999758        9.5200890510900495E-004
   13.429999999999758        9.4944700204739152E-004
   13.439999999999758        9.4689322518517333E-004
   13.449999999999758        9.4434754576361345E-004
   13.459999999999757        9.4180993470105966E-004
   13.469999999999757        9.3928036257441756E-004
   13.479999999999757        9.3675879960202651E-004
   13.489999999999757        9.3424521562686077E-004
   13.499999999999757        9.3173958010128190E-004
   13.509999999999756        9.2924186207231601E-004
   13.519999999999756        9.2675203016871982E-004
   13.529999999999756        9.2427005258869516E-004
   13.539999999999756        9.2179589708941316E-004
   13.549999999999756        9.1932953097758783E-004
   13.559999999999755        9.1687092110196984E-004
   13.569999999999755        9.1442003384691051E-004
   13.579999999999755        9.1197683512806642E-004
   13.589999999999755        9.0954129038946718E-004
   13.599999999999755        9.0711336460263625E-004
   13.609999999999754        9.0469302226754505E-004
   13.619999999999754        9.0222290327450017E-004
   13.629999999999754        8.9981053608338560E-004
   13.639999999999754        8.9740567517350119E-004
   13.649999999999753        8.9500830879873710E-004
   13.659999999999753        8.9261842585696988E-004
   13.669999999999753        8.9023601587644250E-004
   13.679999999999753        8.8786106900035989E-004
   13.689999999999753        8.8549357596954311E-004
   13.699999999999752        8.8313352810300070E-004
   13.709999999999752        8.8078091727686542E-004
   13.719999999999752        8.7843573590104659E-004
   13.729999999999752        8.7609797689406125E-004
   13.739999999999752        8.7376763365588331E-004
   13.749999999999751        8.7144470003859965E-004
   13.759999999999751        8.6912917031528158E-004
   13.769999999999751        8.6682103914668745E-004
   13.779999999999751        8.6452030154602971E-004
   13.789999999999750        8.6223469132940466E-004
   13.799999999999750        8.5994812378575609E-004
   13.809999999999750        8.5766851873517224E-004
   13.819999999999750        8.5539584699487431E-004
   13.829999999999750        8.5313007944301121E-004
   13.839999999999749        8.5087118703528288E-004
   13.849999999999749        8.4861914082251977E-004
   13.859999999999749        8.4637391196904638E-004
   13.869999999999749        8.4413547177202215E-004
   13.879999999999749        8.4190379168145343E-004
   13.889999999999748        8.3967884332111320E-004
   13.899999999999748        8.3746059851017799E-004
   13.909999999999748        8.3524902928559818E-004
   13.919999999999748        8.3304410792511309E-004
   13.929999999999747        8.3084580697095315E-004
   13.939999999999747        8.2865409925413677E-004
   13.949999999999747        8.2646895791926834E-004
   13.959999999999747        8.2429035644980542E-004
   13.969999999999747        8.2211826869391276E-004
   13.979999999999746        8.1995266889040681E-004
   13.989999999999746        8.1779353169529210E-004
   13.999999999999746        8.1564083220835352E-004
   14.009999999999746        8.1349454599992474E-004
   14.019999999999746        8.1135464913786046E-004
   14.029999999999745        8.0922111821433887E-004
   14.039999999999745        8.0709393037276976E-004
   14.049999999999745        8.0497306333446230E-004
   14.059999999999745        8.0288838820826585E-004
   14.069999999999744        8.0078857622873918E-004
   14.079999999999744        7.9869548076753742E-004
   14.089999999999744        7.9660908265800781E-004
   14.099999999999744        7.9452936229645692E-004
   14.109999999999744        7.9245629962069845E-004
   14.119999999999743        7.9038987408927563E-004
   14.129999999999743        7.8833006466134557E-004
   14.139999999999743        7.8627684977745417E-004
   14.149999999999743        7.8423020734114601E-004
   14.159999999999743        7.8219011470162178E-004
   14.169999999999742        7.8015654863747134E-004
   14.179999999999742        7.7812948534145606E-004
   14.189999999999742        7.7610890040668656E-004
   14.199999999999742        7.7409476881390720E-004
   14.209999999999742        7.7208706492050655E-004
   14.219999999999741        7.7008576245070576E-004
   14.229999999999741        7.6785871532070952E-004
   14.239999999999741        7.6585827198565179E-004
   14.249999999999741        7.6386391210522733E-004
   14.259999999999740        7.6187562055718893E-004
   14.269999999999740        7.5989338258361820E-004
   14.279999999999740        7.5791718379155217E-004
   14.289999999999740        7.5594701015300374E-004
   14.299999999999740        7.5398284800377662E-004
   14.309999999999739        7.5202468404172995E-004
   14.319999999999739        7.5007250532385531E-004
   14.329999999999739        7.4812629926270316E-004
   14.339999999999739        7.4618605362132193E-004
   14.349999999999739        7.4425175650787113E-004
   14.359999999999738        7.4232339636854609E-004
   14.369999999999738        7.4040096197975584E-004
   14.379999999999738        7.3848444243940529E-004
   14.389999999999738        7.3657382715639624E-004
   14.399999999999737        7.3466910583985844E-004
   14.409999999999737        7.3277026848652370E-004
   14.419999999999737        7.3087730536728658E-004
   14.429999999999737        7.2899020701268737E-004
   14.439999999999737        7.2710896419686641E-004
   14.449999999999736        7.2523356792055231E-004
   14.459999999999736        7.2336400939300568E-004
   14.469999999999736        7.2150028001254345E-004
   14.479999999999736        7.1964237134587445E-004
   14.489999999999736        7.1779027510660443E-004
   14.499999999999735        7.1617118155258073E-004
   14.509999999999735        7.1433475737515181E-004
   14.519999999999735        7.1250385409855010E-004
   14.529999999999735        7.1067844526545424E-004
   14.539999999999734        7.0885850445900206E-004
   14.549999999999734        7.0704400532474638E-004
   14.559999999999734        7.0523492159452411E-004
   14.569999999999734        7.0343122711011979E-004
   14.579999999999734        7.0163289584867822E-004
   14.589999999999733        6.9983990194821388E-004
   14.599999999999733        6.9805221973423526E-004
   14.609999999999733        6.9626982374658094E-004
   14.619999999999733        6.9449268876789255E-004
   14.629999999999733        6.9272078985104890E-004
   14.639999999999732        6.9095410234895562E-004
   14.649999999999732        6.8919260194325526E-004
   14.659999999999732        6.8743626467463359E-004
   14.669999999999732        6.8568506697243086E-004
   14.679999999999731        6.8370449345095418E-004
   14.689999999999731        6.8196369774101303E-004
   14.699999999999731        6.8022828375010561E-004
   14.709999999999731        6.7849823537993129E-004
   14.719999999999731        6.7677353636084775E-004
   14.729999999999730        6.7505417023803658E-004
   14.739999999999730        6.7334012035798706E-004
   14.749999999999730        6.7163136985473365E-004
   14.759999999999730        6.6992790163636687E-004
   14.769999999999730        6.6822969837163006E-004
   14.779999999999729        6.6653674247665938E-004
   14.789999999999729        6.6484901610210523E-004
   14.799999999999729        6.6316650112023621E-004
   14.809999999999729        6.6148917911266190E-004
   14.819999999999729        6.5981703135814225E-004
   14.829999999999728        6.5815003882112083E-004
   14.839999999999728        6.5648818214038046E-004
   14.849999999999728        6.5483144161822228E-004
   14.859999999999728        6.5317979721071784E-004
   14.869999999999727        6.5153322851779945E-004
   14.879999999999727        6.4989171477454694E-004
   14.889999999999727        6.4825523484300283E-004
   14.899999999999727        6.4662376720466116E-004
   14.909999999999727        6.4499728995383396E-004
   14.919999999999726        6.4337578079204957E-004
   14.929999999999726        6.4175921702287612E-004
   14.939999999999726        6.4014757554837251E-004
   14.949999999999726        6.3852624756161340E-004
   14.959999999999726        6.3691838647923424E-004
   14.969999999999725        6.3531527740476356E-004
   14.979999999999725        6.3371690906750193E-004
   14.989999999999725        6.3212327061264867E-004
   14.999999999999725        6.3053435160147545E-004
