   0.0000000000000000        0.0000000000000000     
   5.0000000000000003E-002   1.8494940809669999E-002
  0.10000000000000001        3.6909462069687760E-002
  0.15000000000000002        5.5163465354907980E-002
  0.20000000000000001        7.3177750067336622E-002
  0.25000000000000000        9.0874300383035525E-002
  0.30000000000000004       0.10817663607357678     
  0.35000000000000003       0.12501015634459980     
  0.40000000000000002       0.14130247506670585     
  0.45000000000000001       0.15698374579853838     
  0.50000000000000000       0.17198697503298557     
  0.55000000000000004       0.18624832213495249     
  0.60000000000000009       0.19970738448303821     
  0.65000000000000002       0.21230746637765441     
  0.70000000000000007       0.22399583033459328     
  0.75000000000000000       0.23472392944573114     
  0.80000000000000004       0.24444761955741218     
  0.85000000000000009       0.25312735009204607     
  0.90000000000000002       0.26072833241956644     
  0.95000000000000007       0.26722068477261923     
   1.0000000000000000       0.27257955279269719     
   1.0500000000000000       0.27678520489393332     
   1.1000000000000001       0.27982310173696334     
   1.1500000000000001       0.28168393921721518     
   1.2000000000000002       0.28236366449026823     
   1.2500000000000000       0.28186346468162238     
   1.3000000000000000       0.28018972805941106     
   1.3500000000000001       0.27735397758636027     
   1.4000000000000001       0.27337277691169715     
   1.4500000000000002       0.26826760901476271     
   1.5000000000000000       0.26206472786975282     
   1.5500000000000000       0.25479498366519732     
   1.6000000000000001       0.24649362228226665     
   1.6500000000000001       0.23720005991244031     
   1.7000000000000002       0.22695763387695839     
   1.7500000000000000       0.21581333089711083     
   1.8000000000000000       0.20381749425483872     
   1.8500000000000001       0.19102351147610436     
   1.9000000000000001       0.17748748436348202     
   1.9500000000000002       0.16326788339752732     
   2.0000000000000000       0.14842518871641427     
   2.0500000000000003       0.13302152006738693     
   2.1000000000000001       0.11712025829865015     
   2.1499999999999999       0.10078566112288777     
   2.2000000000000002        8.4082476029741365E-002
   2.2500000000000000        6.7075553350050637E-002
   2.3000000000000003        4.9829462574935098E-002
   2.3500000000000001        3.2408115103214702E-002
   2.4000000000000004        1.4874396626534135E-002
   2.4500000000000002       -2.7101876416702982E-003
   2.5000000000000000       -2.0285851733729092E-002
   2.5500000000000003       -3.7794848625605143E-002
   2.6000000000000001       -5.5181767941980896E-002
   2.6500000000000004       -7.2393808940098017E-002
   2.7000000000000002       -8.9381026290460394E-002
   2.7500000000000000      -0.10609654647004209     
   2.8000000000000003      -0.12249675292944946     
   2.8500000000000001      -0.13854143858513637     
   2.9000000000000004      -0.15419392461502876     
   2.9500000000000002      -0.16942114499281510     
   3.0000000000000000      -0.18419369667316784     
   3.0500000000000003      -0.19848585582642436     
   3.1000000000000001      -0.21227556100497666     
   3.1500000000000004      -0.22554436459248181     
   3.2000000000000002      -0.23827735432868430     
   3.2500000000000000      -0.25046304710534534     
   3.3000000000000003      -0.26209325758112478     
   3.3500000000000001      -0.27316294446117967     
   3.4000000000000004      -0.28367003750575503     
   3.4500000000000002      -0.29361524850188986     
   3.5000000000000000      -0.30300186950674907     
   3.5500000000000003      -0.31183556168588533     
   3.6000000000000001      -0.32012413800997663     
   3.6500000000000004      -0.32787734294948662     
   3.7000000000000002      -0.33510663212477443     
   3.7500000000000000      -0.34182495463814849     
   3.8000000000000003      -0.34804654054405337     
   3.8500000000000001      -0.35378669561443921     
   3.9000000000000004      -0.35906160523892561     
   3.9500000000000002      -0.36388814897385230     
   4.0000000000000000      -0.36828372693018219     
   4.0499999999999998      -0.37226609887588469     
   4.1000000000000005      -0.37585323663104964     
   4.1500000000000004      -0.37906319005928224     
   4.2000000000000002      -0.38191396671117994     
   4.2500000000000000      -0.38442342495775617     
   4.2999999999999998      -0.38660918026504926     
   4.3500000000000005      -0.38848852410616841     
   4.4000000000000004      -0.39007835488296638     
   4.4500000000000002      -0.39139512013487088     
   4.5000000000000000      -0.39245476924496220     
   4.5499999999999998      -0.39327271581055717     
   4.6000000000000005      -0.39386380882443212     
   4.6500000000000004      -0.39424231181037683     
   4.7000000000000002      -0.39442188907000503     
   4.7500000000000000      -0.39441559822371880     
   4.8000000000000007      -0.39423588826472428     
   4.8500000000000005      -0.39389460238850282     
   4.9000000000000004      -0.39340298490894021     
   4.9500000000000002      -0.39277169162444592     
   5.0000000000000000      -0.39201080305120756     
   5.0500000000000007      -0.39112983999483736     
   5.1000000000000005      -0.39013778098495033     
   5.1500000000000004      -0.38904308114880481     
   5.2000000000000002      -0.38785369214934684     
   5.2500000000000000      -0.38657708285937775     
   5.3000000000000007      -0.38522026048675784     
   5.3500000000000005      -0.38378979190541773     
   5.4000000000000004      -0.38229182498337078     
   5.4500000000000002      -0.38073210973193200     
   5.5000000000000000      -0.37911601913002990     
   5.5500000000000007      -0.37744856950398342     
   5.6000000000000005      -0.37573444036656767     
   5.6500000000000004      -0.37397799363982281     
   5.7000000000000002      -0.37218329220405799     
   5.7500000000000000      -0.37035411773110505     
   5.8000000000000007      -0.36849398777328402     
   5.8500000000000005      -0.36660617209098117     
   5.9000000000000004      -0.36469370821140740     
   5.9500000000000002      -0.36275941621919155     
   6.0000000000000000      -0.36080591278616503     
   6.0500000000000007      -0.35883562445315859     
   6.1000000000000005      -0.35685080018103843     
   6.1500000000000004      -0.35485352319167129     
   6.2000000000000002      -0.35284572212217691     
   6.2500000000000000      -0.35082918151780285     
   6.3000000000000007      -0.34880555169014565     
   6.3500000000000005      -0.34677635796833428     
   6.4000000000000004      -0.34474300937127061     
   6.4500000000000002      -0.34270680672914722     
   6.5000000000000000      -0.34066895028231170     
   6.5500000000000007      -0.33863054678515397     
   6.6000000000000005      -0.33659261614212138     
   6.6500000000000004      -0.33455609760224592     
   6.7000000000000002      -0.33252185553772884     
   6.7500000000000000      -0.33049068483121691     
   6.8000000000000007      -0.32846331589542160     
   6.8500000000000005      -0.32644041934771512     
   6.9000000000000004      -0.32442261036130282     
   6.9500000000000002      -0.32241045271351632     
   7.0000000000000000      -0.32040446255073463     
   7.0500000000000007      -0.31840511188840409     
   7.1000000000000005      -0.31641283186361940     
   7.1500000000000004      -0.31442801575674179     
   7.2000000000000002      -0.31245102179757706     
   7.2500000000000000      -0.31048217577071446     
   7.3000000000000007      -0.30852177343374365     
   7.3500000000000005      -0.30657008276122288     
   7.4000000000000004      -0.30462734602646063     
   7.4500000000000002      -0.30269378173240902     
   7.5000000000000000      -0.30076958640223550     
   7.5500000000000007      -0.29885493623944903     
   7.6000000000000005      -0.29694998866680888     
   7.6500000000000004      -0.29505488375262146     
   7.7000000000000002      -0.29316974553245861     
   7.7500000000000000      -0.29129468323377977     
   7.8000000000000007      -0.28942979241043143     
   7.8500000000000005      -0.28757515599351685     
   7.9000000000000004      -0.28573084526467651     
   7.9500000000000002      -0.28389692075740158     
   8.0000000000000000      -0.28207343309160582     
   8.0500000000000007      -0.28026042374631527     
   8.0999999999999996      -0.27845792577498785     
   8.1500000000000004      -0.27666596446765895     
   8.2000000000000011      -0.27488455796380484     
   8.2500000000000000      -0.27311371781953891     
   8.3000000000000007      -0.27135344953249813     
   8.3499999999999996      -0.26960375302753037     
   8.4000000000000004      -0.26786462310607195     
   8.4500000000000011      -0.26613604986189571     
   8.5000000000000000      -0.26441801906571039     
   8.5500000000000007      -0.26271051252091893     
   8.5999999999999996      -0.26101350839266635     
   8.6500000000000004      -0.25932698151216099     
   8.7000000000000011      -0.25765090365809890     
   8.7500000000000000      -0.25598524381689414     
   8.8000000000000007      -0.25432996842328803     
   8.8499999999999996      -0.25268504158279642     
   8.9000000000000004      -0.25105042527734656     
   8.9500000000000011      -0.24942607955535515     
   9.0000000000000000      -0.24781196270740624     
   9.0500000000000007      -0.24620803142860281     
   9.0999999999999996      -0.24461424096858608     
   9.1500000000000004      -0.24303054527014301     
   9.2000000000000011      -0.24145689709725301     
   9.2500000000000000      -0.23989324815336532     
   9.3000000000000007      -0.23833954919063335     
   9.3499999999999996      -0.23679575011078646     
   9.4000000000000004      -0.23526180005826175     
   9.4500000000000011      -0.23373764750617609     
   9.5000000000000000      -0.23222324033567479     
   9.5500000000000007      -0.23071852590915296     
   9.6000000000000014      -0.22922345113780795     
   9.6500000000000004      -0.22773796254394926     
   9.7000000000000011      -0.22626200631845761     
   9.7500000000000000      -0.22479552837375849     
   9.8000000000000007      -0.22333847439264573     
   9.8500000000000014      -0.22189078987326746     
   9.9000000000000004      -0.22045242017056271     
   9.9500000000000011      -0.21902331053441534     
   10.000000000000000      -0.21760340614477131     
   10.050000000000001      -0.21619265214395000     
   10.100000000000001      -0.21479099366635779     
   10.150000000000000      -0.21339837586580193     
   10.200000000000001      -0.21201474394058478     
   10.250000000000000      -0.21064004315654442     
   10.300000000000001      -0.20927421886819916     
   10.350000000000001      -0.20791721653813688     
   10.400000000000000      -0.20656898175478236     
   10.450000000000001      -0.20522946024866609     
   10.500000000000000      -0.20389859790730636     
   10.550000000000001      -0.20257634078881079     
   10.600000000000001      -0.20126263513429382     
   10.650000000000000      -0.19995742737920028     
   10.700000000000001      -0.19866066416361744     
   10.750000000000000      -0.19737229234165307     
   10.800000000000001      -0.19609225898995020     
   10.850000000000001      -0.19482051141540416     
   10.900000000000000      -0.19355699716214320     
   10.950000000000001      -0.19230166401782853     
   11.000000000000000      -0.19105446001932574     
   11.050000000000001      -0.18981533345779603     
   11.100000000000001      -0.18858423288325155     
   11.150000000000000      -0.18736110710861606     
   11.200000000000001      -0.18614590521332910     
   11.250000000000000      -0.18493857654652837     
   11.300000000000001      -0.18373907072984402     
   11.350000000000001      -0.18254733765983325     
   11.400000000000000      -0.18136332751008488     
   11.450000000000001      -0.18018699073301842     
   11.500000000000000      -0.17901827806140205     
   11.550000000000001      -0.17785714050961110     
   11.600000000000001      -0.17670352937464803     
   11.650000000000000      -0.17555739623694214     
   11.700000000000001      -0.17441869296094684     
   11.750000000000000      -0.17328737169555025     
   11.800000000000001      -0.17216338487431457     
   11.850000000000001      -0.17104668521555713     
   11.900000000000000      -0.16993722572228692     
   11.950000000000001      -0.16883495968200748     
   12.000000000000000      -0.16773984066639736     
   12.050000000000001      -0.16665182253087865     
   12.100000000000001      -0.16557085941408201     
   12.150000000000000      -0.16449690573721748     
   12.200000000000001      -0.16342991620335898     
   12.250000000000000      -0.16236984579664909     
   12.300000000000001      -0.16131664978143254     
   12.350000000000001      -0.16027028370132237     
   12.400000000000000      -0.15923070337820697     
   12.450000000000001      -0.15819786491120161     
   12.500000000000000      -0.15717172467555005     
   12.550000000000001      -0.15615223932148106     
   12.600000000000001      -0.15513936577302367     
   12.650000000000000      -0.15413306122678522     
   12.700000000000001      -0.15313328315069571     
   12.750000000000000      -0.15213998928272188     
   12.800000000000001      -0.15115313762955440     
   12.850000000000001      -0.15017268646527016     
   12.900000000000000      -0.14919859432997321     
   12.950000000000001      -0.14823082002841631     
   13.000000000000000      -0.14726932262860537     
   13.050000000000001      -0.14631406146038878     
   13.100000000000001      -0.14536499611403378     
   13.150000000000000      -0.14442208643879126     
   13.200000000000001      -0.14348529254145115     
   13.250000000000000      -0.14255457478488917     
   13.300000000000001      -0.14162989378660701     
   13.350000000000001      -0.14071121041726667     
   13.400000000000000      -0.13979848579922041     
   13.450000000000001      -0.13889168130503754     
   13.500000000000000      -0.13799075855602846     
   13.550000000000001      -0.13709567942076761     
   13.600000000000001      -0.13620640601361547     
   13.650000000000000      -0.13532290069324099     
   13.700000000000001      -0.13444512606114448     
   13.750000000000000      -0.13357304496018252     
   13.800000000000001      -0.13270662047309437     
   13.850000000000001      -0.13184581592103153     
   13.900000000000000      -0.13099059486209017     
   13.950000000000001      -0.13014092108984712     
   14.000000000000000      -0.12929675863190004     
   14.050000000000001      -0.12845807174841195     
   14.100000000000001      -0.12762482493066049     
   14.150000000000000      -0.12679698289959218     
   14.200000000000001      -0.12597451060438231     
   14.250000000000000      -0.12515737322100004     
   14.300000000000001      -0.12434553615077995     
   14.350000000000001      -0.12353896501899896     
   14.400000000000000      -0.12273762567346004     
   14.450000000000001      -0.12194148418308258     
   14.500000000000000      -0.12115050683649879     
   14.550000000000001      -0.12036466014065735     
   14.600000000000001      -0.11958391081943351     
   14.650000000000000      -0.11880822581224705     
   14.700000000000001      -0.11803757227268635     
   14.750000000000000      -0.11727191756714039     
   14.800000000000001      -0.11651122927343782     
   14.850000000000001      -0.11575547517949326     
   14.900000000000000      -0.11500462328196143     
   14.950000000000001      -0.11425864178489827     
   15.000000000000000      -0.11351749909842997     
   15.050000000000001      -0.11278116383742949     
   15.100000000000001      -0.11204960482020047     
   15.150000000000000      -0.11132279106716894     
   15.200000000000001      -0.11060069179958282     
   15.250000000000000      -0.10988327643821878     
   15.300000000000001      -0.10917051460209685     
   15.350000000000001      -0.10846237610720288     
   15.400000000000000      -0.10775883096521842     
   15.450000000000001      -0.10705984938225843     
   15.500000000000000      -0.10636540175761657     
   15.550000000000001      -0.10567545868251821     
   15.600000000000001      -0.10498999093888105     
   15.650000000000000      -0.10430896949808327     
   15.700000000000001      -0.10363236551973942     
   15.750000000000000      -0.10296015035048389     
   15.800000000000001      -0.10229229552276167     
   15.850000000000001      -0.10162877275362714     
   15.900000000000000      -0.10096955394354987     
   15.950000000000001      -0.10031461117522837     
   16.000000000000000       -9.9663916712410663E-002
   16.050000000000001       -9.9017442998723004E-002
   16.100000000000001       -9.8375162656505533E-002
   16.150000000000002       -9.7737048485655426E-002
   16.199999999999999       -9.7103073462477277E-002
   16.250000000000000       -9.6473210738541051E-002
   16.300000000000001       -9.5847433639546800E-002
   16.350000000000001       -9.5225715664197144E-002
   16.400000000000002       -9.4608030483076561E-002
   16.449999999999999       -9.3994351937537982E-002
   16.500000000000000       -9.3384654038596540E-002
   16.550000000000001       -9.2778910965830158E-002
   16.600000000000001       -9.2177097066287447E-002
   16.650000000000002       -9.1579186853402508E-002
   16.699999999999999       -9.0985155005916543E-002
   16.750000000000000       -9.0394976366806670E-002
   16.800000000000001       -8.9808625942221346E-002
   16.850000000000001       -8.9226078900422806E-002
   16.900000000000002       -8.8647310570736215E-002
   16.949999999999999       -8.8072296442505568E-002
   17.000000000000000       -8.7501012164056549E-002
   17.050000000000001       -8.6933433541665578E-002
   17.100000000000001       -8.6369536538535921E-002
   17.150000000000002       -8.5809297273780352E-002
   17.199999999999999       -8.5252692021410240E-002
   17.250000000000000       -8.4699697209331237E-002
   17.300000000000001       -8.4150289418345389E-002
   17.350000000000001       -8.3604445381159770E-002
   17.400000000000002       -8.3062141981401438E-002
   17.449999999999999       -8.2523356252638902E-002
   17.500000000000000       -8.1988065377409658E-002
   17.550000000000001       -8.1456246686254327E-002
   17.600000000000001       -8.0927877656756728E-002
   17.650000000000002       -8.0402935912590387E-002
   17.699999999999999       -7.9881399222571120E-002
   17.750000000000000       -7.9363245499715740E-002
   17.800000000000001       -7.8848452800306904E-002
   17.850000000000001       -7.8336999322963924E-002
   17.900000000000002       -7.7828863407719689E-002
   17.949999999999999       -7.7324023535103509E-002
   18.000000000000000       -7.6822458325230034E-002
   18.050000000000001       -7.6324146536893733E-002
   18.100000000000001       -7.5829067066669559E-002
   18.150000000000002       -7.5337198948019379E-002
   18.199999999999999       -7.4848521350404082E-002
   18.250000000000000       -7.4363013578401610E-002
   18.300000000000001       -7.3880655070830442E-002
   18.350000000000001       -7.3401425399878983E-002
   18.400000000000002       -7.2925304270240646E-002
   18.449999999999999       -7.2452271518254147E-002
   18.500000000000000       -7.1982307111049956E-002
   18.550000000000001       -7.1515391145701740E-002
   18.600000000000001       -7.1051503848383685E-002
   18.650000000000002       -7.0590625573532864E-002
   18.699999999999999       -7.0132736803017723E-002
   18.750000000000000       -6.9677818145311168E-002
   18.800000000000001       -6.9225850334669534E-002
   18.850000000000001       -6.8776814230316757E-002
   18.900000000000002       -6.8330690815633643E-002
   18.949999999999999       -6.7887461197352700E-002
   19.000000000000000       -6.7447106604758042E-002
   19.050000000000001       -6.7009608388890349E-002
   19.100000000000001       -6.6574948021757230E-002
   19.150000000000002       -6.6143107095548548E-002
   19.200000000000003       -6.5714067321856834E-002
   19.250000000000000       -6.5287810530902879E-002
   19.300000000000001       -6.4864318670766211E-002
   19.350000000000001       -6.4443573806620566E-002
   19.400000000000002       -6.4025558119974568E-002
   19.450000000000003       -6.3610253907916844E-002
   19.500000000000000       -6.3197643582366528E-002
   19.550000000000001       -6.2787709669328381E-002
   19.600000000000001       -6.2380434808152752E-002
   19.650000000000002       -6.1975801750800322E-002
   19.700000000000003       -6.1573793361111809E-002
   19.750000000000000       -6.1174392614082099E-002
   19.800000000000001       -6.0777582595139386E-002
   19.850000000000001       -6.0383346499428704E-002
   19.900000000000002       -5.9991667631100420E-002
   19.950000000000003       -5.9602529402603008E-002
   20.000000000000000       -5.9215915333980712E-002
   20.050000000000001       -5.8831809052175506E-002
   20.100000000000001       -5.8450194290333844E-002
   20.150000000000002       -5.8071054887117599E-002
   20.200000000000003       -5.7694374786019777E-002
   20.250000000000000       -5.7320138034684484E-002
   20.300000000000001       -5.6948328784231332E-002
   20.350000000000001       -5.6578931288584253E-002
   20.400000000000002       -5.6211929903804622E-002
   20.450000000000003       -5.5847309087428833E-002
   20.500000000000000       -5.5485053397810000E-002
   20.550000000000001       -5.5125147493464040E-002
   20.600000000000001       -5.4767576132419928E-002
   20.650000000000002       -5.4412324171574294E-002
   20.700000000000003       -5.4059376566050019E-002
   20.750000000000000       -5.3708718368559137E-002
   20.800000000000001       -5.3360334728769845E-002
   20.850000000000001       -5.3014210892677549E-002
   20.900000000000002       -5.2670332201980023E-002
   20.950000000000003       -5.2328684093456646E-002
   21.000000000000000       -5.1989252098351695E-002
   21.050000000000001       -5.1652021841761590E-002
   21.100000000000001       -5.1316979042026034E-002
   21.150000000000002       -5.0984109510123297E-002
   21.200000000000003       -5.0653399149069210E-002
   21.250000000000000       -5.0324833953320276E-002
   21.300000000000001       -4.9998400008180482E-002
   21.350000000000001       -4.9674083489211936E-002
   21.400000000000002       -4.9351870661649561E-002
   21.450000000000003       -4.9031747879819322E-002
   21.500000000000000       -4.8713701586560312E-002
   21.550000000000001       -4.8397718312650745E-002
   21.600000000000001       -4.8083784676237376E-002
   21.650000000000002       -4.7771887382268854E-002
   21.700000000000003       -4.7462013221932733E-002
   21.750000000000000       -4.7154149072095947E-002
   21.800000000000001       -4.6848281894749211E-002
   21.850000000000001       -4.6544398736454690E-002
   21.900000000000002       -4.6242486727797599E-002
   21.950000000000003       -4.5942533082841054E-002
   22.000000000000000       -4.5644525098584604E-002
   22.050000000000001       -4.5348450154426359E-002
   22.100000000000001       -4.5054295711628389E-002
   22.150000000000002       -4.4762049312785775E-002
   22.200000000000003       -4.4471698581299027E-002
   22.250000000000000       -4.4183231220849918E-002
   22.300000000000001       -4.3896635014880774E-002
   22.350000000000001       -4.3611897826077085E-002
   22.400000000000002       -4.3329007595853480E-002
   22.450000000000003       -4.3047952343843073E-002
   22.500000000000000       -4.2768720167390029E-002
   22.550000000000001       -4.2491299241045610E-002
   22.600000000000001       -4.2215677816067262E-002
   22.650000000000002       -4.1941844219921080E-002
   22.700000000000003       -4.1669786855787538E-002
   22.750000000000000       -4.1399494202070286E-002
   22.800000000000001       -4.1130954811908274E-002
   22.850000000000001       -4.0864157312690906E-002
   22.900000000000002       -4.0599090405576493E-002
   22.950000000000003       -4.0335742865013673E-002
   23.000000000000000       -4.0074103538266091E-002
   23.050000000000001       -3.9814161344940015E-002
   23.100000000000001       -3.9555905276515105E-002
   23.150000000000002       -3.9299324395878202E-002
   23.200000000000003       -3.9044407836860168E-002
   23.250000000000000       -3.8791144803775664E-002
   23.300000000000001       -3.8539524570965995E-002
   23.350000000000001       -3.8289536482344844E-002
   23.400000000000002       -3.8041169950946981E-002
   23.450000000000003       -3.7794414458479961E-002
   23.500000000000000       -3.7549259554878617E-002
   23.550000000000001       -3.7305694857862545E-002
   23.600000000000001       -3.7063710052496403E-002
   23.650000000000002       -3.6823294890753026E-002
   23.700000000000003       -3.6584439191079510E-002
   23.750000000000000       -3.6347132837965923E-002
   23.800000000000001       -3.6111365781517052E-002
   23.850000000000001       -3.5877128037026654E-002
   23.900000000000002       -3.5644409684554686E-002
   23.950000000000003       -3.5413200868507168E-002
   24.000000000000000       -3.5183491797218788E-002
   24.050000000000001       -3.4955272742538276E-002
   24.100000000000001       -3.4728534039416344E-002
   24.150000000000002       -3.4503266085496427E-002
   24.200000000000003       -3.4279459340708043E-002
   24.250000000000000       -3.4057104326862681E-002
   24.300000000000001       -3.3836191627252529E-002
   24.350000000000001       -3.3616711886251545E-002
   24.400000000000002       -3.3398655808919334E-002
   24.450000000000003       -3.3182014160607481E-002
   24.500000000000000       -3.2966777766568478E-002
   24.550000000000001       -3.2752937511567153E-002
   24.600000000000001       -3.2540484339494677E-002
   24.650000000000002       -3.2329409252984970E-002
   24.700000000000003       -3.2119703313033751E-002
   24.750000000000000       -3.1911357638619915E-002
   24.800000000000001       -3.1704363406329435E-002
   24.850000000000001       -3.1498711849981709E-002
   24.900000000000002       -3.1294394260258256E-002
   24.950000000000003       -3.1091401984333980E-002
   25.000000000000000       -3.0889726425510595E-002
   25.050000000000001       -3.0689359042852672E-002
   25.100000000000001       -3.0490291350825881E-002
   25.150000000000002       -3.0292514918937603E-002
   25.200000000000003       -3.0096021371379959E-002
   25.250000000000000       -2.9900802386675043E-002
   25.300000000000001       -2.9706849697322572E-002
   25.350000000000001       -2.9514155089449653E-002
   25.400000000000002       -2.9322710402463061E-002
   25.450000000000003       -2.9132507528703524E-002
   25.500000000000000       -2.8943538413102415E-002
   25.550000000000001       -2.8755795052840621E-002
   25.600000000000001       -2.8569269497009622E-002
   25.650000000000002       -2.8383953846274772E-002
   25.700000000000003       -2.8199840252540749E-002
   25.750000000000000       -2.8016920918619185E-002
   25.800000000000001       -2.7835188097898509E-002
   25.850000000000001       -2.7654634094015820E-002
   25.900000000000002       -2.7475251260530947E-002
   25.950000000000003       -2.7297032000602673E-002
   26.000000000000000       -2.7119968766666971E-002
   26.050000000000001       -2.6944054060117354E-002
   26.100000000000001       -2.6769280430987367E-002
   26.150000000000002       -2.6595640477635015E-002
   26.200000000000003       -2.6423126846429348E-002
   26.250000000000000       -2.6251732231439014E-002
   26.300000000000001       -2.6081449374122875E-002
   26.350000000000001       -2.5912271063022584E-002
   26.400000000000002       -2.5744190133457193E-002
   26.450000000000003       -2.5577199467219740E-002
   26.500000000000000       -2.5411291992275761E-002
   26.550000000000001       -2.5246460682463841E-002
   26.600000000000001       -2.5082698557198014E-002
   26.650000000000002       -2.4919998681172145E-002
   26.700000000000003       -2.4758354164066229E-002
   26.750000000000000       -2.4597758160254574E-002
   26.800000000000001       -2.4438203868515928E-002
   26.850000000000001       -2.4279684531745380E-002
   26.900000000000002       -2.4122193436668261E-002
   26.950000000000003       -2.3965723913555809E-002
   27.000000000000000       -2.3810269335942706E-002
   27.050000000000001       -2.3655823120346461E-002
   27.100000000000001       -2.3502378725988576E-002
   27.150000000000002       -2.3349929654517584E-002
   27.200000000000003       -2.3198469449733795E-002
   27.250000000000000       -2.3047991697315928E-002
   27.300000000000001       -2.2898490024549436E-002
   27.350000000000001       -2.2749958100056606E-002
   27.400000000000002       -2.2602389633528470E-002
   27.450000000000003       -2.2455778375458379E-002
   27.500000000000000       -2.2310118116877338E-002
   27.550000000000001       -2.2165402689091077E-002
   27.600000000000001       -2.2021625963418789E-002
   27.650000000000002       -2.1878781850933594E-002
   27.700000000000003       -2.1736864302204669E-002
   27.750000000000000       -2.1595867307041033E-002
   27.800000000000001       -2.1455784894237068E-002
   27.850000000000001       -2.1316611131319572E-002
   27.900000000000002       -2.1178340124296591E-002
   27.950000000000003       -2.1040966017407754E-002
   28.000000000000000       -2.0904482992876294E-002
   28.050000000000001       -2.0768885270662701E-002
   28.100000000000001       -2.0634167108219890E-002
   28.150000000000002       -2.0500322800250027E-002
   28.200000000000003       -2.0367346678462916E-002
   28.250000000000000       -2.0235233111335932E-002
   28.300000000000001       -2.0103976503875545E-002
   28.350000000000001       -1.9973571297380362E-002
   28.400000000000002       -1.9844011969205703E-002
   28.450000000000003       -1.9715293032529752E-002
   28.500000000000000       -1.9587409036121158E-002
   28.550000000000001       -1.9460354564108197E-002
   28.600000000000001       -1.9334124235749386E-002
   28.650000000000002       -1.9208712705205650E-002
   28.700000000000003       -1.9084114661313881E-002
   28.750000000000000       -1.8960324827362037E-002
   28.800000000000001       -1.8837337960865678E-002
   28.850000000000001       -1.8715148853345947E-002
   28.900000000000002       -1.8593752330108956E-002
   28.950000000000003       -1.8473143250026677E-002
   29.000000000000000       -1.8353316505319208E-002
   29.050000000000001       -1.8234267021338457E-002
   29.100000000000001       -1.8115989756353219E-002
   29.150000000000002       -1.7998479701335678E-002
   29.200000000000003       -1.7881731879749261E-002
   29.250000000000000       -1.7765741347337889E-002
   29.300000000000001       -1.7650503191916602E-002
   29.350000000000001       -1.7536012533163486E-002
   29.400000000000002       -1.7422264522413057E-002
   29.450000000000003       -1.7309254342450855E-002
   29.500000000000000       -1.7196977207309470E-002
   29.550000000000001       -1.7085428362065856E-002
   29.600000000000001       -1.6974603082639959E-002
   29.650000000000002       -1.6864496675594639E-002
   29.700000000000003       -1.6755104477936916E-002
   29.750000000000000       -1.6646421856920505E-002
   29.800000000000001       -1.6538444209849585E-002
   29.850000000000001       -1.6431166963883918E-002
   29.900000000000002       -1.6324585575845141E-002
   29.950000000000003       -1.6218695532024419E-002
   30.000000000000000       -1.6113492347991237E-002
   30.050000000000001       -1.6008971568403529E-002
   30.100000000000001       -1.5905128766818950E-002
   30.150000000000002       -1.5801959545507459E-002
   30.200000000000003       -1.5699459535265060E-002
   30.250000000000000       -1.5597624395228745E-002
   30.300000000000001       -1.5496449812692700E-002
   30.350000000000001       -1.5395931502925638E-002
   30.400000000000002       -1.5296065208989327E-002
   30.450000000000003       -1.5196846701558350E-002
   30.500000000000000       -1.5098271778740947E-002
   30.550000000000001       -1.5000336265901110E-002
   30.600000000000001       -1.4903036015481754E-002
   30.650000000000002       -1.4806366906829082E-002
   30.700000000000003       -1.4710324846018070E-002
   30.750000000000000       -1.4614905765679091E-002
   30.800000000000001       -1.4520105624825686E-002
   30.850000000000001       -1.4425920408683382E-002
   30.900000000000002       -1.4332346128519715E-002
   30.950000000000003       -1.4239378821475274E-002
   31.000000000000000       -1.4147014550395886E-002
   31.050000000000001       -1.4055249403665881E-002
   31.100000000000001       -1.3964079495042430E-002
   31.150000000000002       -1.3873500963490970E-002
   31.200000000000003       -1.3783509973021673E-002
   31.250000000000000       -1.3694102712527020E-002
   31.300000000000001       -1.3605275395620378E-002
   31.350000000000001       -1.3517024260475661E-002
   31.400000000000002       -1.3429345569667996E-002
   31.450000000000003       -1.3342235610015473E-002
   31.500000000000000       -1.3255690692421870E-002
   31.550000000000001       -1.3169707151720434E-002
   31.600000000000001       -1.3084281346518649E-002
   31.650000000000002       -1.2999409659044033E-002
   31.700000000000003       -1.2915088494990918E-002
   31.750000000000000       -1.2831314283368244E-002
   31.800000000000001       -1.2748083476348314E-002
   31.850000000000001       -1.2665392549116547E-002
   31.900000000000002       -1.2583237999722215E-002
   31.950000000000003       -1.2501616348930119E-002
   32.000000000000000       -1.2420524140073249E-002
   32.050000000000004       -1.2339957938906411E-002
   32.100000000000001       -1.2259914333460751E-002
   32.149999999999999       -1.2180389933899301E-002
   32.200000000000003       -1.2101381372373387E-002
   32.250000000000000       -1.2022885302880017E-002
   32.300000000000004       -1.1944898401120169E-002
   32.350000000000001       -1.1867417364358023E-002
   32.399999999999999       -1.1790438911281079E-002
   32.450000000000003       -1.1713959781861185E-002
   32.500000000000000       -1.1637976737216487E-002
   32.550000000000004       -1.1562486559474278E-002
   32.600000000000001       -1.1487486051634679E-002
   32.649999999999999       -1.1412972037435291E-002
   32.700000000000003       -1.1338941361216655E-002
   32.750000000000000       -1.1265390887788615E-002
   32.800000000000004       -1.1192317502297553E-002
   32.850000000000001       -1.1119718110094452E-002
   32.899999999999999       -1.1047589636603867E-002
   32.950000000000003       -1.0975929027193701E-002
   33.000000000000000       -1.0904733247045838E-002
   33.050000000000004       -1.0833999281027636E-002
   33.100000000000001       -1.0763724133564214E-002
   33.149999999999999       -1.0693904828511602E-002
   33.200000000000003       -1.0624538409030708E-002
   33.250000000000000       -1.0555621937462083E-002
   33.300000000000004       -1.0487152495201523E-002
   33.350000000000001       -1.0419127182576452E-002
   33.399999999999999       -1.0351543118723138E-002
   33.450000000000003       -1.0284397441464683E-002
   33.500000000000000       -1.0217687307189796E-002
   33.550000000000004       -1.0151409890732389E-002
   33.600000000000001       -1.0085562385251918E-002
   33.649999999999999       -1.0020142002114520E-002
   33.700000000000003       -9.9551459707749052E-003
   33.750000000000000       -9.8905715386590348E-003
   33.800000000000004       -9.8264159710475443E-003
   33.850000000000001       -9.7626765509599336E-003
   33.899999999999999       -9.6993505790394924E-003
   33.950000000000003       -9.6364353734390024E-003
   34.000000000000000       -9.5739282697071357E-003
   34.050000000000004       -9.5118266206756352E-003
   34.100000000000001       -9.4501277963471991E-003
   34.149999999999999       -9.3888291837841090E-003
   34.200000000000003       -9.3279281869975625E-003
   34.250000000000000       -9.2674222268377317E-003
   34.300000000000004       -9.2073087408845525E-003
   34.350000000000001       -9.1475851833391787E-003
   34.399999999999999       -9.0882490249162059E-003
   34.450000000000003       -9.0292977527365280E-003
   34.500000000000000       -8.9707288702209134E-003
   34.550000000000004       -8.9125398969843051E-003
   34.600000000000001       -8.8547283687307379E-003
   34.649999999999999       -8.7972918371490086E-003
   34.700000000000003       -8.7402278698089798E-003
   34.750000000000000       -8.6835340500585560E-003
   34.800000000000004       -8.6272079769213524E-003
   34.850000000000001       -8.5712472649950057E-003
   34.899999999999999       -8.5156495443501606E-003
   34.950000000000003       -8.4604124604300921E-003
   35.000000000000000       -8.4055336739509989E-003
   35.050000000000004       -8.3510108608029349E-003
   35.100000000000001       -8.2968417119513790E-003
   35.149999999999999       -8.2430239333394495E-003
   35.200000000000003       -8.1895552457907569E-003
   35.250000000000000       -8.1364333849128674E-003
   35.300000000000004       -8.0836561010014241E-003
   35.350000000000001       -8.0312211589448537E-003
   35.399999999999999       -7.9791263381297252E-003
   35.450000000000003       -7.9273694323467019E-003
   35.500000000000000       -7.8759482496971039E-003
   35.550000000000004       -7.8248606125000883E-003
   35.600000000000001       -7.7741043572004120E-003
   35.649999999999999       -7.7236773342768310E-003
   35.700000000000003       -7.6735774081510433E-003
   35.750000000000000       -7.6238024570972548E-003
   35.800000000000004       -7.5743503731523333E-003
   35.850000000000001       -7.5252190620265199E-003
   35.899999999999999       -7.4764064430147513E-003
   35.950000000000003       -7.4279104489085382E-003
   36.000000000000000       -7.3797290259084158E-003
   36.050000000000004       -7.3318601335369679E-003
   36.100000000000001       -7.2843017445524084E-003
   36.149999999999999       -7.2370518448627357E-003
   36.200000000000003       -7.1901084334404361E-003
   36.250000000000000       -7.1434695222377265E-003
   36.300000000000004       -7.0971331361023831E-003
   36.350000000000001       -7.0510973126940713E-003
   36.399999999999999       -7.0053601024012580E-003
   36.450000000000003       -6.9599195682586408E-003
   36.500000000000000       -6.9147737858651099E-003
   36.550000000000004       -6.8699208433022621E-003
   36.600000000000001       -6.8253588410534180E-003
   36.649999999999999       -6.7810858919231942E-003
   36.700000000000003       -6.7371001209575697E-003
   36.750000000000000       -6.6933996653644771E-003
   36.800000000000004       -6.6499826744349294E-003
   36.850000000000001       -6.6068473094646248E-003
   36.899999999999999       -6.5639917436760955E-003
   36.950000000000003       -6.5214141621413313E-003
   37.000000000000000       -6.4791127617049200E-003
   37.050000000000004       -6.4370857509076888E-003
   37.100000000000001       -6.3953313499108292E-003
   37.149999999999999       -6.3538477904205243E-003
   37.200000000000003       -6.3126333156130650E-003
   37.250000000000000       -6.2716861800604434E-003
   37.300000000000004       -6.2310046496564424E-003
   37.350000000000001       -6.1905870015431805E-003
   37.399999999999999       -6.1504315240381692E-003
   37.450000000000003       -6.1105365165618104E-003
   37.500000000000000       -6.0709002895653749E-003
   37.550000000000004       -6.0315211644594640E-003
   37.600000000000001       -5.9923974735429045E-003
   37.649999999999999       -5.9535275599321346E-003
   37.700000000000003       -5.9149097774910328E-003
   37.750000000000000       -5.8765424907611975E-003
   37.800000000000004       -5.8384240748926945E-003
   37.850000000000001       -5.8005529155752324E-003
   37.899999999999999       -5.7629274089698122E-003
   37.950000000000003       -5.7255459616407977E-003
   38.000000000000000       -5.6884069904884248E-003
   38.050000000000004       -5.6515089226817795E-003
   38.100000000000001       -5.6148501955921625E-003
   38.149999999999999       -5.5784292567269316E-003
   38.200000000000003       -5.5422445636637493E-003
   38.250000000000000       -5.5062945839852492E-003
   38.300000000000004       -5.4705777952141618E-003
   38.350000000000001       -5.4350926847488122E-003
   38.400000000000006       -5.3998377497990807E-003
   38.450000000000003       -5.3648114973227495E-003
   38.500000000000000       -5.3300124439622770E-003
   38.550000000000004       -5.2954391159819774E-003
   38.600000000000001       -5.2610900492056044E-003
   38.650000000000006       -5.2269637889543509E-003
   38.700000000000003       -5.1930588899852343E-003
   38.750000000000000       -5.1593739164298982E-003
   38.800000000000004       -5.1259074417338030E-003
   38.850000000000001       -5.0926580485958044E-003
   38.900000000000006       -5.0596243289081381E-003
   38.950000000000003       -5.0268048836967835E-003
   39.000000000000000       -4.9941983230622202E-003
   39.050000000000004       -4.9618032661205630E-003
   39.100000000000001       -4.9296183409450797E-003
   39.150000000000006       -4.8976421845080961E-003
   39.200000000000003       -4.8658734426232668E-003
   39.250000000000000       -4.8343107698882301E-003
   39.300000000000004       -4.8029528296276254E-003
   39.350000000000001       -4.7717982938364854E-003
   39.400000000000006       -4.7408458431240042E-003
   39.450000000000003       -4.7100941666576484E-003
   39.500000000000000       -4.6795419621076511E-003
   39.550000000000004       -4.6491879355918600E-003
   39.600000000000001       -4.6190308016209334E-003
   39.650000000000006       -4.5890692830439089E-003
   39.700000000000003       -4.5593021109941101E-003
   39.750000000000000       -4.5297280248354117E-003
   39.800000000000004       -4.5003457721088580E-003
   39.850000000000001       -4.4711541084796061E-003
   39.900000000000006       -4.4421517976842469E-003
   39.950000000000003       -4.4133376114784363E-003
   40.000000000000000       -4.3847103295848854E-003
   40.050000000000004       -4.3562687396416829E-003
   40.100000000000001       -4.3280116371509428E-003
   40.150000000000006       -4.2999378254278062E-003
   40.200000000000003       -4.2720461155497502E-003
   40.250000000000000       -4.2443353263062478E-003
   40.300000000000004       -4.2168042841487386E-003
   40.350000000000001       -4.1894518231409281E-003
   40.400000000000006       -4.1622767849094130E-003
   40.450000000000003       -4.1352780185946189E-003
   40.500000000000000       -4.1084543808020714E-003
   40.550000000000004       -4.0818047355539655E-003
   40.600000000000001       -4.0553279542410560E-003
   40.650000000000006       -4.0290229155748696E-003
   40.700000000000003       -4.0028885055402117E-003
   40.750000000000000       -3.9769236173479890E-003
   40.800000000000004       -3.9511271513883355E-003
   40.850000000000001       -3.9254980151840488E-003
   40.900000000000006       -3.9000351233443248E-003
   40.950000000000003       -3.8747373975187792E-003
   41.000000000000000       -3.8496037663517946E-003
   41.050000000000004       -3.8246331654371436E-003
   41.100000000000001       -3.7998245372729061E-003
   41.150000000000006       -3.7751768312166900E-003
   41.200000000000003       -3.7506890034411365E-003
   41.250000000000000       -3.7263600168897086E-003
   41.300000000000004       -3.7021888412327813E-003
   41.350000000000001       -3.6781744528239968E-003
   41.400000000000006       -3.6543158346569204E-003
   41.450000000000003       -3.6306119763219683E-003
   41.500000000000000       -3.6070618739636167E-003
   41.550000000000004       -3.5836645302378890E-003
   41.600000000000001       -3.5604189542701166E-003
   41.650000000000006       -3.5373241616129796E-003
   41.700000000000003       -3.5143791742048101E-003
   41.750000000000000       -3.4915830203281753E-003
   41.800000000000004       -3.4689347345687261E-003
   41.850000000000001       -3.4464333577743098E-003
   41.900000000000006       -3.4240779370143487E-003
   41.950000000000003       -3.4018675255394868E-003
   42.000000000000000       -3.3798011827414942E-003
   42.050000000000004       -3.3578779741134301E-003
   42.100000000000001       -3.3360969712100700E-003
   42.150000000000006       -3.3144572516085840E-003
   42.200000000000003       -3.2929578988694741E-003
   42.250000000000000       -3.2715980024977608E-003
   42.300000000000004       -3.2503766579044251E-003
   42.350000000000001       -3.2292929663680992E-003
   42.400000000000006       -3.2083460349970035E-003
   42.450000000000003       -3.1875349766911378E-003
   42.500000000000000       -3.1668589101047063E-003
   42.550000000000004       -3.1463169596088018E-003
   42.600000000000001       -3.1259082552543100E-003
   42.650000000000006       -3.1056319327350799E-003
   42.700000000000003       -3.0854871333513144E-003
   42.750000000000000       -3.0654730039732037E-003
   42.800000000000004       -3.0455886970047960E-003
   42.850000000000001       -3.0258333703481063E-003
   42.900000000000006       -3.0062061873674475E-003
   42.950000000000003       -2.9867063168540009E-003
   43.000000000000000       -2.9673329329906193E-003
   43.050000000000004       -2.9480852153168460E-003
   43.100000000000001       -2.9289623486941714E-003
   43.150000000000006       -2.9099635232715179E-003
   43.200000000000003       -2.8910879344509329E-003
   43.250000000000000       -2.8723347828535205E-003
   43.300000000000004       -2.8537032742855864E-003
   43.350000000000001       -2.8351926197050037E-003
   43.400000000000006       -2.8168020351877973E-003
   43.450000000000003       -2.7985307418949457E-003
   43.500000000000000       -2.7803779660393944E-003
   43.550000000000004       -2.7623429388532886E-003
   43.600000000000001       -2.7444248965554168E-003
   43.650000000000006       -2.7266230803188610E-003
   43.700000000000003       -2.7089367362388636E-003
   43.750000000000000       -2.6913651153008997E-003
   43.800000000000004       -2.6739074733489565E-003
   43.850000000000001       -2.6565630710540132E-003
   43.900000000000006       -2.6393311738827398E-003
   43.950000000000003       -2.6222110520663804E-003
   44.000000000000000       -2.6052019805698550E-003
   44.050000000000004       -2.5883032390610493E-003
   44.100000000000001       -2.5715141118803110E-003
   44.150000000000006       -2.5548338880101427E-003
   44.200000000000003       -2.5382618610450863E-003
   44.250000000000000       -2.5217973291618108E-003
   44.300000000000004       -2.5054395950893900E-003
   44.350000000000001       -2.4891879660797695E-003
   44.400000000000006       -2.4730417538784354E-003
   44.450000000000003       -2.4570002746952583E-003
   44.500000000000000       -2.4410628491755423E-003
   44.550000000000004       -2.4252288023712508E-003
   44.600000000000001       -2.4094974637124231E-003
   44.650000000000006       -2.3938681669787762E-003
   44.700000000000003       -2.3783402502714898E-003
   44.750000000000000       -2.3629130559851769E-003
   44.800000000000004       -2.3475859307800309E-003
   44.850000000000001       -2.3323582255541596E-003
   44.900000000000006       -2.3172292954160949E-003
   44.950000000000003       -2.3021984996574808E-003
   45.000000000000000       -2.2872652017259412E-003
   45.050000000000004       -2.2724287691981218E-003
   45.100000000000001       -2.2576885737529049E-003
   45.150000000000006       -2.2430439911448022E-003
   45.200000000000003       -2.2284944011775167E-003
   45.250000000000000       -2.2140391876776791E-003
   45.300000000000004       -2.1996777384687524E-003
   45.350000000000001       -2.1854094453451055E-003
   45.400000000000006       -2.1712337040462560E-003
   45.450000000000003       -2.1571499142312798E-003
   45.500000000000000       -2.1431574794533873E-003
   45.550000000000004       -2.1292558071346651E-003
   45.600000000000001       -2.1154443085409768E-003
   45.650000000000006       -2.1017223987570329E-003
   45.700000000000003       -2.0880894966616198E-003
   45.750000000000000       -2.0745450249029873E-003
   45.800000000000004       -2.0610884098744018E-003
   45.850000000000001       -2.0477190816898480E-003
   45.900000000000006       -2.0344364741599007E-003
   45.950000000000003       -2.0212400247677431E-003
   46.000000000000000       -2.0081291746453438E-003
   46.050000000000004       -1.9951033685497916E-003
   46.100000000000001       -1.9821620548397803E-003
   46.150000000000006       -1.9693046854522434E-003
   46.200000000000003       -1.9565307158791482E-003
   46.250000000000000       -1.9438396051444336E-003
   46.300000000000004       -1.9312308157811001E-003
   46.350000000000001       -1.9187038138084483E-003
   46.400000000000006       -1.9062580687094649E-003
   46.450000000000003       -1.8938930534083548E-003
   46.500000000000000       -1.8816082442482214E-003
   46.550000000000004       -1.8694031209688876E-003
   46.600000000000001       -1.8572771666848624E-003
   46.650000000000006       -1.8452298678634555E-003
   46.700000000000003       -1.8332607143030223E-003
   46.750000000000000       -1.8213691991113632E-003
   46.800000000000004       -1.8095548186842518E-003
   46.850000000000001       -1.7978170726841111E-003
   46.900000000000006       -1.7861554640188231E-003
   46.950000000000003       -1.7745694988206750E-003
   47.000000000000000       -1.7630586864254474E-003
   47.050000000000004       -1.7516225393516324E-003
   47.100000000000001       -1.7402605732797886E-003
   47.150000000000006       -1.7289723070320316E-003
   47.200000000000003       -1.7177572625516556E-003
   47.250000000000000       -1.7066149648828882E-003
   47.300000000000004       -1.6955449421507760E-003
   47.350000000000001       -1.6845467255411986E-003
   47.400000000000006       -1.6736198492810184E-003
   47.450000000000003       -1.6627638506183503E-003
   47.500000000000000       -1.6519782698029702E-003
   47.550000000000004       -1.6412626500668377E-003
   47.600000000000001       -1.6306165376047586E-003
   47.650000000000006       -1.6200394815551612E-003
   47.700000000000003       -1.6095310339810059E-003
   47.750000000000000       -1.5990907498508134E-003
   47.800000000000004       -1.5887181870198183E-003
   47.850000000000001       -1.5784129062112421E-003
   47.900000000000006       -1.5681744709976943E-003
   47.950000000000003       -1.5580024477826859E-003
   48.000000000000000       -1.5478964057822676E-003
   48.050000000000004       -1.5378559170067876E-003
   48.100000000000001       -1.5278805562427640E-003
   48.150000000000006       -1.5179699010348805E-003
   48.200000000000003       -1.5081235316680903E-003
   48.250000000000000       -1.4983410311498464E-003
   48.300000000000004       -1.4886219851924392E-003
   48.350000000000001       -1.4789659821954509E-003
   48.400000000000006       -1.4693726132283277E-003
   48.450000000000003       -1.4598414720130575E-003
   48.500000000000000       -1.4503721549069656E-003
   48.550000000000004       -1.4409642608856233E-003
   48.600000000000001       -1.4316173915258595E-003
   48.650000000000006       -1.4223311509888913E-003
   48.700000000000003       -1.4131051460035591E-003
   48.750000000000000       -1.4039389858496710E-003
   48.800000000000004       -1.3948322823414568E-003
   48.850000000000001       -1.3857846498111282E-003
   48.900000000000006       -1.3767957050925461E-003
   48.950000000000003       -1.3678650675049914E-003
   49.000000000000000       -1.3589923588370472E-003
   49.050000000000004       -1.3501772033305780E-003
   49.100000000000001       -1.3414192276648171E-003
   49.150000000000006       -1.3327180609405589E-003
   49.200000000000003       -1.3240733346644479E-003
   49.250000000000000       -1.3154846827333755E-003
   49.300000000000004       -1.3069517414189748E-003
   49.350000000000001       -1.2984741493522166E-003
   49.400000000000006       -1.2900515475081057E-003
   49.450000000000003       -1.2816835791904764E-003
   49.500000000000000       -1.2733698900168854E-003
   49.550000000000004       -1.2651101279036057E-003
   49.600000000000001       -1.2569039430507134E-003
   49.650000000000006       -1.2487509879272767E-003
   49.700000000000003       -1.2406509172566348E-003
   49.750000000000000       -1.2326033880017777E-003
   49.800000000000004       -1.2246080593508195E-003
   49.850000000000001       -1.2166645927025605E-003
   49.900000000000006       -1.2087726516521533E-003
   49.950000000000003       -1.2009319019768514E-003
   50.000000000000000       -1.1931420116218575E-003
   50.050000000000004       -1.1854026506862606E-003
   50.100000000000001       -1.1777134914090644E-003
   50.150000000000006       -1.1700742081553067E-003
   50.200000000000003       -1.1624844774022686E-003
   50.250000000000000       -1.1549439777257735E-003
   50.300000000000004       -1.1474523897865758E-003
   50.350000000000001       -1.1400093963168346E-003
   50.400000000000006       -1.1326146821066805E-003
   50.450000000000003       -1.1252679339908637E-003
   50.500000000000000       -1.1179688408354939E-003
   50.550000000000004       -1.1107170935248606E-003
   50.600000000000001       -1.1035123849483458E-003
   50.650000000000006       -1.0963544099874163E-003
   50.700000000000003       -1.0892428655026999E-003
   50.750000000000000       -1.0821774503211514E-003
   50.800000000000004       -1.0751578652232951E-003
   50.850000000000001       -1.0681838129305541E-003
   50.900000000000006       -1.0612549980926599E-003
   50.950000000000003       -1.0543711272751450E-003
   51.000000000000000       -1.0475319089469155E-003
   51.050000000000004       -1.0407370534679056E-003
   51.100000000000001       -1.0339862730768101E-003
   51.150000000000006       -1.0272792818788988E-003
   51.200000000000003       -1.0206157958339080E-003
   51.250000000000000       -1.0139955327440125E-003
   51.300000000000004       -1.0074182122418746E-003
   51.350000000000001       -1.0008835557787682E-003
   51.400000000000006       -9.9439128661278587E-004
   51.450000000000003       -9.8794112979711597E-004
   51.500000000000000       -9.8153281216840004E-004
   51.550000000000004       -9.7516606233516488E-004
   51.600000000000001       -9.6884061066632708E-004
   51.650000000000006       -9.6255618927977614E-004
   51.700000000000003       -9.5631253203102911E-004
   51.750000000000000       -9.5010937450195937E-004
   51.800000000000004       -9.4394645398959839E-004
   51.850000000000001       -9.3782350949501016E-004
   51.900000000000006       -9.3174028171223830E-004
   51.950000000000003       -9.2569651301732453E-004
   52.000000000000000       -9.1969194745739828E-004
   52.050000000000004       -9.1372633073983668E-004
   52.100000000000001       -9.0779941022149559E-004
   52.150000000000006       -9.0191093489801037E-004
   52.200000000000003       -8.9606065539316580E-004
   52.250000000000000       -8.9024832394833469E-004
   52.300000000000004       -8.8447369441198547E-004
   52.350000000000001       -8.7873652222925840E-004
   52.400000000000006       -8.7303656443160778E-004
   52.450000000000003       -8.6737357962651210E-004
   52.500000000000000       -8.6174732798725243E-004
   52.550000000000004       -8.5615757124275456E-004
   52.600000000000001       -8.5060407266749900E-004
   52.650000000000006       -8.4508659707149478E-004
   52.700000000000003       -8.3960491079031999E-004
   52.750000000000000       -8.3415878167522606E-004
   52.800000000000004       -8.2874797908330620E-004
   52.850000000000001       -8.2337227386772662E-004
   52.900000000000006       -8.1803143836802405E-004
   52.950000000000003       -8.1272524640046333E-004
   53.000000000000000       -8.0745347324845819E-004
   53.050000000000004       -8.0221589565305585E-004
   53.100000000000001       -7.9701229180348040E-004
   53.150000000000006       -7.9184244132774059E-004
   53.200000000000003       -7.8670612528329586E-004
   53.250000000000000       -7.8160312614778511E-004
   53.300000000000004       -7.7653322780981424E-004
   53.350000000000001       -7.7149621555980404E-004
   53.400000000000006       -7.6649187608089696E-004
   53.450000000000003       -7.6151999743992341E-004
   53.500000000000000       -7.5658036907842632E-004
   53.550000000000004       -7.5167278180374392E-004
   53.600000000000001       -7.4679702778015079E-004
   53.650000000000006       -7.4195290052005570E-004
   53.700000000000003       -7.3714019487525727E-004
   53.750000000000000       -7.3235870702825507E-004
   53.800000000000004       -7.2760823448361973E-004
   53.850000000000001       -7.2288857605941510E-004
   53.900000000000006       -7.1819953187867954E-004
   53.950000000000003       -7.1354090336096104E-004
   54.000000000000000       -7.0891249321390745E-004
   54.050000000000004       -7.0431410542491060E-004
   54.100000000000001       -6.9974554525280535E-004
   54.150000000000006       -6.9520661921962336E-004
   54.200000000000003       -6.9069713510239758E-004
   54.250000000000000       -6.8621690192502307E-004
   54.300000000000004       -6.8176572995016864E-004
   54.350000000000001       -6.7734343067124114E-004
   54.400000000000006       -6.7294981680440281E-004
   54.450000000000003       -6.6858470228063963E-004
   54.500000000000000       -6.6424790223788127E-004
   54.550000000000004       -6.5993923301317214E-004
   54.600000000000001       -6.5565851213489335E-004
   54.650000000000006       -6.5140555831503545E-004
   54.700000000000003       -6.4718019144151988E-004
   54.750000000000000       -6.4298223257057288E-004
   54.800000000000004       -6.3881150391914543E-004
   54.850000000000001       -6.3466782885738507E-004
   54.900000000000006       -6.3055103190115612E-004
   54.950000000000003       -6.2646093870460679E-004
   55.000000000000000       -6.2239737605278679E-004
   55.050000000000004       -6.1836017185431093E-004
   55.100000000000001       -6.1434915513407121E-004
   55.150000000000006       -6.1036415602599644E-004
   55.200000000000003       -6.0640500576585792E-004
   55.250000000000000       -6.0247153668412253E-004
   55.300000000000004       -5.9856358219885204E-004
   55.350000000000001       -5.9468097680864850E-004
   55.400000000000006       -5.9082355608564463E-004
   55.450000000000003       -5.8699115666854069E-004
   55.500000000000000       -5.8318361625568681E-004
   55.550000000000004       -5.7940077359820870E-004
   55.600000000000001       -5.7564246849317851E-004
   55.650000000000006       -5.7190854177683118E-004
   55.700000000000003       -5.6819883531782360E-004
   55.750000000000000       -5.6451319201053713E-004
   55.800000000000004       -5.6085145576842519E-004
   55.850000000000001       -5.5721347151740214E-004
   55.900000000000006       -5.5359908518927685E-004
   55.950000000000003       -5.5000814371522629E-004
   56.000000000000000       -5.4644049501931539E-004
   56.050000000000004       -5.4289598801205471E-004
   56.100000000000001       -5.3937447258400255E-004
   56.150000000000006       -5.3587579959940795E-004
   56.200000000000003       -5.3239982088989439E-004
   56.250000000000000       -5.2894638924818574E-004
   56.300000000000004       -5.2551535842187101E-004
   56.350000000000001       -5.2210658310721067E-004
   56.400000000000006       -5.1871991894298427E-004
   56.450000000000003       -5.1535522250437528E-004
   56.500000000000000       -5.1201235129689755E-004
   56.550000000000004       -5.0869116375036160E-004
   56.600000000000001       -5.0539151921287788E-004
   56.650000000000006       -5.0211327794490027E-004
   56.700000000000003       -4.9885630111330909E-004
   56.750000000000000       -4.9562045078553098E-004
   56.800000000000004       -4.9240558992369704E-004
   56.850000000000001       -4.8921158237883984E-004
   56.900000000000006       -4.8603829288512761E-004
   56.950000000000003       -4.8288558705413529E-004
   57.000000000000000       -4.7975333136915355E-004
   57.050000000000004       -4.7664139317953437E-004
   57.100000000000001       -4.7354964069507298E-004
   57.150000000000006       -4.7047794298042683E-004
   57.200000000000003       -4.6742616994957048E-004
   57.250000000000000       -4.6439419236028631E-004
   57.300000000000004       -4.6138188180869157E-004
   57.350000000000001       -4.5838911072379983E-004
   57.400000000000006       -4.5541575236211925E-004
   57.450000000000003       -4.5246168080228345E-004
   57.500000000000000       -4.4952677093972070E-004
   57.550000000000004       -4.4661089848135465E-004
   57.600000000000001       -4.4371393994034012E-004
   57.650000000000006       -4.4083577263083474E-004
   57.700000000000003       -4.3797627466280207E-004
   57.750000000000000       -4.3513532493685039E-004
   57.800000000000004       -4.3231280313910336E-004
   57.850000000000001       -4.2950858973610543E-004
   57.900000000000006       -4.2672256596975943E-004
   57.950000000000003       -4.2395461385229673E-004
   58.000000000000000       -4.2120461616128123E-004
   58.050000000000004       -4.1847245643464450E-004
   58.100000000000001       -4.1575801896575357E-004
   58.150000000000006       -4.1306118879851111E-004
   58.200000000000003       -4.1038185172248662E-004
   58.250000000000000       -4.0771989426808034E-004
   58.300000000000004       -4.0507520370171708E-004
   58.350000000000001       -4.0244766802107222E-004
   58.400000000000006       -3.9983717595032858E-004
   58.450000000000003       -3.9724361693546385E-004
   58.500000000000000       -3.9466688113956838E-004
   58.550000000000004       -3.9210685943819387E-004
   58.600000000000001       -3.8956344341473207E-004
   58.650000000000006       -3.8703652535582297E-004
   58.700000000000003       -3.8452599824679348E-004
   58.750000000000000       -3.8203175576712511E-004
   58.800000000000004       -3.7955369228595174E-004
   58.850000000000001       -3.7709170285758531E-004
   58.900000000000006       -3.7464568321707271E-004
   58.950000000000003       -3.7221552977577876E-004
   59.000000000000000       -3.6980113961700015E-004
   59.050000000000004       -3.6740241049160681E-004
   59.100000000000001       -3.6501924081371127E-004
   59.150000000000006       -3.6265152965636696E-004
   59.200000000000003       -3.6029917674729346E-004
   59.250000000000000       -3.5796208246463085E-004
   59.300000000000004       -3.5564014783271965E-004
   59.350000000000001       -3.5333327451791009E-004
   59.400000000000006       -3.5104136482439716E-004
   59.450000000000003       -3.4876432169008358E-004
   59.500000000000000       -3.4650204868246881E-004
   59.550000000000004       -3.4425444999456565E-004
   59.600000000000001       -3.4202143044084239E-004
   59.650000000000006       -3.3980289545319195E-004
   59.700000000000003       -3.3759875107692672E-004
   59.750000000000000       -3.3540890396679994E-004
   59.800000000000004       -3.3323326138305219E-004
   59.850000000000001       -3.3107173118748415E-004
   59.900000000000006       -3.2892422183955429E-004
   59.950000000000003       -3.2679064239250224E-004
   60.000000000000000       -3.2467090248949757E-004
   60.050000000000004       -3.2256491235981255E-004
   60.100000000000001       -3.2047258281502067E-004
   60.150000000000006       -3.1839382524521969E-004
   60.200000000000003       -3.1632855161527884E-004
   60.250000000000000       -3.1427667446111049E-004
   60.300000000000004       -3.1223810688596617E-004
   60.350000000000001       -3.1021276255675649E-004
   60.400000000000006       -3.0820055570039478E-004
   60.450000000000003       -3.0620140110016489E-004
   60.500000000000000       -3.0421521409211224E-004
   60.550000000000004       -3.0224191056145802E-004
   60.600000000000001       -3.0028140693903711E-004
   60.650000000000006       -2.9833362019775916E-004
   60.700000000000003       -2.9639846784909200E-004
   60.750000000000000       -2.9447586793956840E-004
   60.800000000000004       -2.9256573904731564E-004
   60.850000000000001       -2.9066800027860689E-004
   60.900000000000006       -2.8878257126443567E-004
   60.950000000000003       -2.8690937215711189E-004
   61.000000000000000       -2.8504832362688076E-004
   61.050000000000004       -2.8319934685856280E-004
   61.100000000000001       -2.8136236354821628E-004
   61.150000000000006       -2.7953729589982103E-004
   61.200000000000003       -2.7772406662198346E-004
   61.250000000000000       -2.7592259892466383E-004
   61.300000000000004       -2.7413281651592379E-004
   61.350000000000001       -2.7235464359869543E-004
   61.400000000000006       -2.7058800486757162E-004
   61.450000000000003       -2.6883282550561638E-004
   61.500000000000000       -2.6708903118119687E-004
   61.550000000000004       -2.6535654804483500E-004
   61.600000000000001       -2.6363530272608017E-004
   61.650000000000006       -2.6192522233040201E-004
   61.700000000000003       -2.6022623443610335E-004
   61.750000000000000       -2.5853826709125303E-004
   61.800000000000004       -2.5686124881063881E-004
   61.850000000000001       -2.5519510857273999E-004
   61.900000000000006       -2.5353977581671979E-004
   61.950000000000003       -2.5189518043943680E-004
   62.000000000000000       -2.5026125279247640E-004
   62.050000000000004       -2.4863792367920106E-004
   62.100000000000001       -2.4702512435181980E-004
   62.150000000000006       -2.4542278650847686E-004
   62.200000000000003       -2.4383084229035894E-004
   62.250000000000000       -2.4224922427882163E-004
   62.300000000000004       -2.4067786549253413E-004
   62.350000000000001       -2.3911669938464253E-004
   62.400000000000006       -2.3756565983995161E-004
   62.450000000000003       -2.3602468117212474E-004
   62.500000000000000       -2.3449369812090254E-004
   62.550000000000004       -2.3297264584933855E-004
   62.600000000000001       -2.3146145994105350E-004
   62.650000000000006       -2.2996007639750771E-004
   62.700000000000003       -2.2846843163529032E-004
   62.750000000000000       -2.2698646248342665E-004
   62.800000000000004       -2.2551410618070310E-004
   62.850000000000001       -2.2405130037300876E-004
   62.900000000000006       -2.2259798311069517E-004
   62.950000000000003       -2.2115409284595262E-004
   63.000000000000000       -2.1971956843020376E-004
   63.050000000000004       -2.1829434911151355E-004
   63.100000000000001       -2.1687837453201680E-004
   63.150000000000006       -2.1547158472536203E-004
   63.200000000000003       -2.1407392011417152E-004
   63.250000000000000       -2.1268532150751863E-004
   63.300000000000004       -2.1130573009842102E-004
   63.350000000000001       -2.0993508746134970E-004
   63.400000000000006       -2.0857333554975550E-004
   63.450000000000003       -2.0722041669361016E-004
   63.500000000000000       -2.0587627359696428E-004
   63.550000000000004       -2.0454084933552093E-004
   63.600000000000001       -2.0321408735422469E-004
   63.650000000000006       -2.0189593146486667E-004
   63.700000000000003       -2.0058632584370485E-004
   63.750000000000000       -1.9928521502910010E-004
   63.800000000000004       -1.9799254391916741E-004
   63.850000000000001       -1.9670825776944197E-004
   63.900000000000006       -1.9543230219056139E-004
   63.950000000000003       -1.9416462314596157E-004
   64.000000000000000       -1.9290516694958897E-004
   64.049999999999997       -1.9165388026362638E-004
   64.100000000000009       -1.9041071009623470E-004
   64.150000000000006       -1.8917560379930803E-004
   64.200000000000003       -1.8794850906624460E-004
   64.250000000000000       -1.8672937392973148E-004
   64.299999999999997       -1.8551814675954348E-004
   64.350000000000009       -1.8431477626035708E-004
   64.400000000000006       -1.8311921146957748E-004
   64.450000000000003       -1.8193140175518094E-004
   64.500000000000000       -1.8075129681357024E-004
   64.549999999999997       -1.7957884666744433E-004
   64.600000000000009       -1.7841400166368184E-004
   64.650000000000006       -1.7725671247123808E-004
   64.700000000000003       -1.7610693007905632E-004
   64.750000000000000       -1.7496460579399171E-004
   64.799999999999997       -1.7382969123874947E-004
   64.850000000000009       -1.7270213834983596E-004
   64.900000000000006       -1.7158189937552303E-004
   64.950000000000003       -1.7046892687382610E-004
   65.000000000000000       -1.6936317371049487E-004
   65.049999999999997       -1.6826459305701699E-004
   65.100000000000009       -1.6717313838863519E-004
   65.150000000000006       -1.6608876348237663E-004
   65.200000000000003       -1.6501142241509567E-004
   65.250000000000000       -1.6394106956152881E-004
   65.299999999999997       -1.6287765959236265E-004
   65.350000000000009       -1.6182114747231407E-004
   65.400000000000006       -1.6077148845822299E-004
   65.450000000000003       -1.5972863809715746E-004
   65.500000000000000       -1.5869255222453134E-004
   65.549999999999997       -1.5766318696223364E-004
   65.600000000000009       -1.5664049871677048E-004
   65.650000000000006       -1.5562444417741855E-004
   65.700000000000003       -1.5461498031439167E-004
   65.750000000000000       -1.5361206437701754E-004
   65.799999999999997       -1.5261565389192809E-004
   65.850000000000009       -1.5162570666126015E-004
   65.900000000000006       -1.5064218076086855E-004
   65.950000000000003       -1.4966503453855086E-004
   66.000000000000000       -1.4869422661228313E-004
   66.049999999999997       -1.4772971586846740E-004
   66.100000000000009       -1.4677146146019088E-004
   66.150000000000006       -1.4581942280549552E-004
   66.200000000000003       -1.4487355958565991E-004
   66.250000000000000       -1.4393383174349139E-004
   66.299999999999997       -1.4300019948163003E-004
   66.350000000000009       -1.4207262326086276E-004
   66.400000000000006       -1.4115106379844917E-004
   66.450000000000003       -1.4023548206645788E-004
   66.500000000000000       -1.3932583929011366E-004
   66.549999999999997       -1.3842209694615539E-004
   66.600000000000009       -1.3752421676120440E-004
   66.650000000000006       -1.3663216071014382E-004
   66.700000000000003       -1.3574589101450816E-004
   66.750000000000000       -1.3486537014088335E-004
   66.799999999999997       -1.3399056079931729E-004
   66.850000000000009       -1.3312142594174058E-004
   66.900000000000006       -1.3225792876039733E-004
   66.950000000000003       -1.3140003268628675E-004
   67.000000000000000       -1.3054770138761426E-004
   67.049999999999997       -1.2970089876825276E-004
   67.100000000000009       -1.2885958896621414E-004
   67.150000000000006       -1.2802373635213029E-004
   67.200000000000003       -1.2719330552774449E-004
   67.250000000000000       -1.2636826132441211E-004
   67.299999999999997       -1.2554856880161126E-004
   67.350000000000009       -1.2473419324546308E-004
   67.400000000000006       -1.2392510016726157E-004
   67.450000000000003       -1.2312125530201308E-004
   67.500000000000000       -1.2232262460698507E-004
   67.549999999999997       -1.2152917426026458E-004
   67.600000000000009       -1.2074087065932568E-004
   67.650000000000006       -1.1995768041960657E-004
   67.700000000000003       -1.1917957037309562E-004
   67.750000000000000       -1.1840650756692679E-004
   67.799999999999997       -1.1763845926198405E-004
   67.850000000000009       -1.1687539293151493E-004
   67.900000000000006       -1.1611727625975287E-004
   67.950000000000003       -1.1536407714054883E-004
   68.000000000000000       -1.1461576367601159E-004
   68.049999999999997       -1.1387230417515670E-004
   68.100000000000009       -1.1313366715256452E-004
   68.150000000000006       -1.1239982132704683E-004
   68.200000000000003       -1.1167073562032188E-004
   68.250000000000000       -1.1094637915569856E-004
   68.299999999999997       -1.1022672125676841E-004
   68.350000000000009       -1.0951173144610686E-004
   68.400000000000006       -1.0880137944398211E-004
   68.450000000000003       -1.0809563516707310E-004
   68.500000000000000       -1.0739446872719536E-004
   68.549999999999997       -1.0669785043003526E-004
   68.600000000000009       -1.0600575077389245E-004
   68.650000000000006       -1.0531814044843043E-004
   68.700000000000003       -1.0463499033343540E-004
   68.750000000000000       -1.0395627149758294E-004
   68.799999999999997       -1.0328195519721266E-004
   68.850000000000009       -1.0261201287511107E-004
   68.900000000000006       -1.0194641615930212E-004
   68.950000000000003       -1.0128513686184569E-004
   69.000000000000000       -1.0062814697764376E-004
   69.049999999999997       -9.9975418683254506E-005
   69.100000000000009       -9.9326924335713918E-005
   69.150000000000006       -9.8682636471364980E-005
   69.200000000000003       -9.8042527804694896E-005
   69.250000000000000       -9.7406571227179269E-005
   69.299999999999997       -9.6774739806134246E-005
   69.350000000000009       -9.6147006783575789E-005
   69.400000000000006       -9.5523345575086586E-005
   69.450000000000003       -9.4903729768690148E-005
   69.500000000000000       -9.4288133123732309E-005
   69.549999999999997       -9.3676529569769766E-005
   69.600000000000009       -9.3068893205466320E-005
   69.650000000000006       -9.2465198297495628E-005
   69.700000000000003       -9.1865419279451573E-005
   69.750000000000000       -9.1269530750765586E-005
   69.799999999999997       -9.0677507475630772E-005
   69.850000000000009       -9.0089324381933326E-005
   69.900000000000006       -8.9504956560190516E-005
   69.950000000000003       -8.8924379262496060E-005
   70.000000000000000       -8.8347567901471847E-005
   70.049999999999997       -8.7774498049226728E-005
   70.100000000000009       -8.7205145436322073E-005
   70.150000000000006       -8.6639485950743724E-005
   70.200000000000003       -8.6077495636881210E-005
   70.250000000000000       -8.5519150694512836E-005
   70.299999999999997       -8.4964427477798136E-005
   70.350000000000009       -8.4413302494276189E-005
   70.400000000000006       -8.3865752403870786E-005
   70.450000000000003       -8.3321754017902082E-005
   70.500000000000000       -8.2781284298104419E-005
   70.549999999999997       -8.2244320355650760E-005
   70.600000000000009       -8.1710839450183290E-005
   70.650000000000006       -8.1180818988850416E-005
   70.700000000000003       -8.0654236525349901E-005
   70.750000000000000       -8.0131069758978388E-005
   70.799999999999997       -7.9611296533686746E-005
   70.850000000000009       -7.9094894837142005E-005
   70.900000000000006       -7.8581842799794945E-005
   70.950000000000003       -7.8072118693954100E-005
   71.000000000000000       -7.7565700932865386E-005
   71.049999999999997       -7.7062568069798126E-005
   71.100000000000009       -7.6562698797136614E-005
   71.150000000000006       -7.6066071945477801E-005
   71.200000000000003       -7.5572666482734793E-005
   71.250000000000000       -7.5082461513246101E-005
   71.299999999999997       -7.4595436276890794E-005
   71.350000000000009       -7.4111570148209199E-005
   71.400000000000006       -7.3630842635529479E-005
   71.450000000000003       -7.3153233380099841E-005
   71.500000000000000       -7.2678722155226254E-005
   71.549999999999997       -7.2207288865415916E-005
   71.600000000000009       -7.1738913545526251E-005
   71.650000000000006       -7.1273576359919243E-005
   71.700000000000003       -7.0811257601621617E-005
   71.750000000000000       -7.0351937691489998E-005
   71.799999999999997       -6.9895597177382002E-005
   71.850000000000009       -6.9442216733332199E-005
   71.900000000000006       -6.8991777158733828E-005
   71.950000000000003       -6.8544259377525534E-005
   72.000000000000000       -6.8099644437383597E-005
   72.049999999999997       -6.7657913508919286E-005
   72.100000000000009       -6.7219047884881371E-005
   72.150000000000006       -6.6783028979363926E-005
   72.200000000000003       -6.6349838327019224E-005
   72.250000000000000       -6.5919457582275703E-005
   72.299999999999997       -6.5491868518561066E-005
   72.350000000000009       -6.5067053027530370E-005
   72.400000000000006       -6.4644993118299104E-005
   72.450000000000003       -6.4225670916681304E-005
   72.500000000000000       -6.3809068664432659E-005
   72.549999999999997       -6.3395168718498332E-005
   72.600000000000009       -6.2983953550265878E-005
   72.650000000000006       -6.2575405744822726E-005
   72.700000000000003       -6.2169508000218979E-005
   72.750000000000000       -6.1766243126734394E-005
   72.799999999999997       -6.1365594046150520E-005
   72.850000000000009       -6.0967543791027413E-005
   72.900000000000006       -6.0572075503985079E-005
   72.950000000000003       -6.0179172436989534E-005
   73.000000000000000       -5.9788817950643582E-005
   73.049999999999997       -5.9400995513482115E-005
   73.100000000000009       -5.9015688701271972E-005
   73.150000000000006       -5.8632881196316420E-005
   73.200000000000003       -5.8252556786764078E-005
   73.250000000000000       -5.7874699365922374E-005
   73.299999999999997       -5.7499292931575345E-005
   73.350000000000009       -5.7126321585306102E-005
   73.400000000000006       -5.6755769531823370E-005
   73.450000000000003       -5.6387621078292637E-005
   73.500000000000000       -5.6021860633671579E-005
   73.549999999999997       -5.5658472708049775E-005
   73.600000000000009       -5.5297441911992672E-005
   73.650000000000006       -5.4938752955889846E-005
   73.700000000000003       -5.4582390649307540E-005
   73.750000000000000       -5.4228339900345340E-005
   73.799999999999997       -5.3876585714996974E-005
   73.850000000000009       -5.3527113196515411E-005
   73.900000000000006       -5.3179907544781872E-005
   73.950000000000003       -5.2834954055679141E-005
   74.000000000000000       -5.2492238120468837E-005
   74.049999999999997       -5.2151745225172671E-005
   74.100000000000009       -5.1813460949957877E-005
   74.150000000000006       -5.1477370968526421E-005
   74.200000000000003       -5.1143461047508380E-005
   74.250000000000000       -5.0811717045859109E-005
   74.299999999999997       -5.0482124914260422E-005
   74.350000000000009       -5.0154670694525540E-005
   74.400000000000006       -4.9829340519007990E-005
   74.450000000000003       -4.9506120610014323E-005
   74.500000000000000       -4.9184997279220626E-005
   74.549999999999997       -4.8865956927092817E-005
   74.600000000000009       -4.8548986042310699E-005
   74.650000000000006       -4.8234071201195729E-005
   74.700000000000003       -4.7921199067142643E-005
   74.750000000000000       -4.7610356390054512E-005
   74.799999999999997       -4.7301530005781694E-005
   74.850000000000009       -4.6994706835564293E-005
   74.900000000000006       -4.6689873885478290E-005
   74.950000000000003       -4.6387018245885226E-005
   75.000000000000000       -4.6086127090885530E-005
   75.049999999999997       -4.5787187677775312E-005
   75.100000000000009       -4.5490187346506696E-005
   75.150000000000006       -4.5195113519151704E-005
   75.200000000000003       -4.4901953699369527E-005
   75.250000000000000       -4.4610695471877389E-005
   75.299999999999997       -4.4321326501924724E-005
   75.350000000000009       -4.4033834534770739E-005
   75.400000000000006       -4.3748207395165523E-005
   75.450000000000003       -4.3464432986834405E-005
   75.500000000000000       -4.3182499291965575E-005
   75.549999999999997       -4.2902394370701314E-005
   75.600000000000009       -4.2624106360632179E-005
   75.650000000000006       -4.2347623476294721E-005
   75.700000000000003       -4.2072934008672345E-005
   75.750000000000000       -4.1800026324699432E-005
   75.799999999999997       -4.1528888866768668E-005
   75.850000000000009       -4.1259510152241657E-005
   75.900000000000006       -4.0991878772962474E-005
   75.950000000000003       -4.0725983394774724E-005
   76.000000000000000       -4.0461812757041374E-005
   76.049999999999997       -4.0199355672167986E-005
   76.100000000000009       -3.9938601025128893E-005
   76.150000000000006       -3.9679537772996406E-005
   76.200000000000003       -3.9422154944473257E-005
   76.250000000000000       -3.9166441639427900E-005
   76.299999999999997       -3.8912387028432878E-005
   76.350000000000009       -3.8659980352306262E-005
   76.400000000000006       -3.8409210921655932E-005
   76.450000000000003       -3.8160068116426942E-005
   76.500000000000000       -3.7912541385451720E-005
   76.549999999999997       -3.7666620246003248E-005
   76.600000000000009       -3.7422294283351135E-005
   76.650000000000006       -3.7179553150320481E-005
   76.700000000000003       -3.6938386566853775E-005
   76.750000000000000       -3.6698784319575486E-005
   76.800000000000011       -3.6460736261359510E-005
   76.850000000000009       -3.6224232310899464E-005
   76.900000000000006       -3.5989262452281760E-005
   76.950000000000003       -3.5755816734561390E-005
   77.000000000000000       -3.5523885271340546E-005
   77.050000000000011       -3.5293458240349910E-005
   77.100000000000009       -3.5064525883032665E-005
   77.150000000000006       -3.4837078504131275E-005
   77.200000000000003       -3.4611106471276834E-005
   77.250000000000000       -3.4386600214581208E-005
   77.300000000000011       -3.4163550226231640E-005
   77.350000000000009       -3.3941947060088202E-005
   77.400000000000006       -3.3721781331283687E-005
   77.450000000000003       -3.3503043715826201E-005
   77.500000000000000       -3.3285724950204282E-005
   77.550000000000011       -3.3069815830994589E-005
   77.600000000000009       -3.2855307214472113E-005
   77.650000000000006       -3.2642190016222968E-005
   77.700000000000003       -3.2430455210759691E-005
   77.750000000000000       -3.2220093831138944E-005
   77.800000000000011       -3.2011096968581855E-005
   77.850000000000009       -3.1803455772096625E-005
   77.900000000000006       -3.1597161448103797E-005
   77.950000000000003       -3.1392205260063782E-005
   78.000000000000000       -3.1188578528106904E-005
   78.050000000000011       -3.0986272628665761E-005
   78.100000000000009       -3.0785278994110066E-005
   78.150000000000006       -3.0585589112383787E-005
   78.200000000000003       -3.0387194526644673E-005
   78.250000000000000       -3.0190086834906074E-005
   78.300000000000011       -2.9994257689681193E-005
   78.350000000000009       -2.9799698797629473E-005
   78.400000000000006       -2.9606401919205461E-005
   78.450000000000003       -2.9414358868309804E-005
   78.500000000000000       -2.9223561511942620E-005
   78.550000000000011       -2.9034001769859006E-005
   78.600000000000009       -2.8845671614226882E-005
   78.650000000000006       -2.8658563069287016E-005
   78.700000000000003       -2.8472668211015248E-005
   78.750000000000000       -2.8287979166786889E-005
   78.800000000000011       -2.8104488115043316E-005
   78.850000000000009       -2.7922187284960765E-005
   78.900000000000006       -2.7741068956121192E-005
   78.950000000000003       -2.7561125458185377E-005
   79.000000000000000       -2.7382349170567991E-005
   79.050000000000011       -2.7204732522114986E-005
   79.100000000000009       -2.7028267990782814E-005
   79.150000000000006       -2.6852948103320015E-005
   79.200000000000003       -2.6678765434950612E-005
   79.250000000000000       -2.6505712609059744E-005
   79.300000000000011       -2.6333782296881253E-005
   79.350000000000009       -2.6162967217187264E-005
   79.400000000000006       -2.5993260135979886E-005
   79.450000000000003       -2.5824653866184831E-005
   79.500000000000000       -2.5657141267347028E-005
   79.550000000000011       -2.5490715245328254E-005
   79.600000000000009       -2.5325368752006651E-005
   79.650000000000006       -2.5161094784978310E-005
   79.700000000000003       -2.4997886387260650E-005
   79.750000000000000       -2.4835736646997838E-005
   79.800000000000011       -2.4674638697168072E-005
   79.850000000000009       -2.4514585715292696E-005
   79.900000000000006       -2.4355570923147368E-005
   79.950000000000003       -2.4197587586474928E-005
