   9.99999978E-03   270.79076584281808     
   1.99999996E-02   269.63424770815294     
   2.99999993E-02   268.48443398325270     
   3.99999991E-02   267.34126305575148     
   5.00000007E-02   266.20467419696462     
   5.99999987E-02   265.07460754444304     
   7.00000003E-02   263.95100408495728     
   7.99999982E-02   262.83380563790143     
   9.00000036E-02   261.72295483910369     
  0.100000001       260.61839512503377     
  0.109999999       259.52007071739160     
  0.119999997       258.42792660807032     
  0.129999995       257.34190854448048     
  0.140000001       256.26196301522504     
  0.150000006       255.18803723611649     
  0.159999996       254.12007913652533     
  0.170000002       253.05803734605055     
  0.180000007       252.00186118150287     
  0.189999998       250.95150063419302     
  0.200000003       249.90690635751562     
  0.209999993       248.86802965482059     
  0.219999999       247.83482246756319     
  0.230000004       246.80723736372832     
  0.239999995       245.78522752651651     
  0.250000000       244.76874674328920     
  0.259999990       243.75774939476312     
  0.270000011       242.75219044444853     
  0.280000001       241.75202542832452     
  0.289999992       240.75721044474423     
  0.300000012       239.76770214456550     
  0.310000002       238.78345772149856     
  0.319999993       237.80443490266765     
  0.330000013       236.83059193937871     
  0.340000004       235.86188759808925     
  0.349999994       234.89828115157462     
  0.360000014       233.93973237028445     
  0.370000005       232.98620151388701     
  0.379999995       232.03764932299393     
  0.389999986       231.09403701106118     
  0.400000006       230.15532625646438     
  0.409999996       229.22147919474008     
  0.419999987       228.29245841099103     
  0.430000007       227.36822693245156     
  0.439999998       226.44874822120835     
  0.449999988       225.53398616707196     
  0.460000008       224.62390508059755     
  0.469999999       223.71846968624882     
  0.479999989       222.81764511570151     
  0.490000010       221.92139690128698     
  0.500000000       221.02969096956684     
  0.509999990       220.14249363503885     
  0.519999981       219.25977159397061     
  0.529999971       218.38149191835686     
  0.540000021       217.50762204999870     
  0.550000012       216.63812979470001     
  0.560000002       215.77298331658054     
  0.569999993       214.91215113250118     
  0.579999983       214.05560210659877     
  0.589999974       213.20330544492970     
  0.600000024       212.35523069021636     
  0.610000014       211.51134771669891     
  0.620000005       210.67162672508371     
  0.629999995       209.83603823759262     
  0.639999986       209.00455309310536     
  0.649999976       208.17714244239619     
  0.660000026       207.35377774346210     
  0.670000017       206.53443075693900     
  0.680000007       205.71907354160538     
  0.689999998       204.90767844997086     
  0.699999988       204.10021812394814     
  0.709999979       203.29666549060573     
  0.720000029       202.49699375799963     
  0.730000019       201.70117641108388     
  0.740000010       200.90918720769571     
  0.750000000       200.12100017461555     
  0.759999990       199.33658960369874     
  0.769999981       198.55593004807960     
  0.779999971       197.77899631844303     
  0.790000021       197.00576347936564     
  0.800000012       196.23620684572180     
  0.810000002       195.47030197915524     
  0.819999993       194.70802468461494     
  0.829999983       193.94935100695119     
  0.839999974       193.19425722757410     
  0.850000024       192.44271986117090     
  0.860000014       191.69471565248156     
  0.870000005       190.95022157313164     
  0.879999995       190.20921481852002     
  0.889999986       189.47167280476197     
  0.899999976       188.73757316568586     
  0.910000026       188.00689374988124     
  0.920000017       187.27961261779913     
  0.930000007       186.55570803890134     
  0.939999998       185.83515848885966     
  0.949999988       185.11794264680347     
  0.959999979       184.40403939261321     
  0.970000029       183.69342780426072     
  0.980000019       182.98608715519532     
  0.990000010       182.28199691177264     
   1.00000000       181.58113673072785     
   1.00999999       180.88348645669151     
   1.01999998       180.18902611974633     
   1.02999997       179.49773593302450     
   1.03999996       178.80959629034669     
   1.04999995       178.12458776389732     
   1.05999994       177.44269110194165     
   1.07000005       176.76388722657657     
   1.08000004       176.08815723152213     
   1.09000003       175.41548237994627     
   1.10000002       174.74584410232629     
   1.11000001       174.07922399434497     
   1.12000000       173.41560381482029     
   1.13000000       172.75496548366914     
   1.13999999       172.09729107990267     
   1.14999998       171.44256283965532     
   1.15999997       170.79076315424393     
   1.16999996       170.14187456825792     
   1.17999995       169.49587977768095     
   1.19000006       168.85276162804055     
   1.20000005       168.21250311258777     
   1.21000004       167.57508737050580     
   1.22000003       166.94049768514546     
   1.23000002       166.30871748228947     
   1.24000001       165.67973032844279     
   1.25000000       165.05351992914927     
   1.25999999       164.43007012733599     
   1.26999998       163.80936490168037     
   1.27999997       163.19138836500480     
   1.28999996       162.57612476269429     
   1.29999995       161.96355847113892     
   1.30999994       161.35367399619983     
   1.32000005       160.74645597169814     
   1.33000004       160.14188915792693     
   1.34000003       159.53995844018581     
   1.35000002       158.94064882733699     
   1.36000001       158.34394545038307     
   1.37000000       157.74983356106617     
   1.38000000       157.15829853048825     
   1.38999999       156.56932584775058     
   1.39999998       155.98290111861471     
   1.40999997       155.39901006418214     
   1.41999996       154.81763851959420     
   1.42999995       154.23877243275001     
   1.44000006       153.66239786304379     
   1.45000005       153.08850098012059     
   1.46000004       152.51706806264892     
   1.47000003       151.94808549711291     
   1.48000002       151.38153977662026     
   1.49000001       150.81741749972778     
   1.50000000       150.25570536928458     
   1.50999999       149.69639019129036     
   1.51999998       149.13945887377065     
   1.52999997       148.58489842566834     
   1.53999996       148.03269595574974     
   1.54999995       147.48283867152765     
   1.55999994       146.93531387819789     
   1.57000005       146.39010897759189     
   1.58000004       145.84721146714304     
   1.59000003       145.30660893886883     
   1.60000002       144.76828907836480     
   1.61000001       144.23223966381479     
   1.62000000       143.69844856501359     
   1.63000000       143.16690374240281     
   1.63999999       142.63759324612056     
   1.64999998       142.11050521506448     
   1.65999997       141.58562787596566     
   1.66999996       141.06294954247829     
   1.67999995       140.54245861427802     
   1.69000006       140.02414357617553     
   1.70000005       139.50799299724000     
   1.71000004       138.99399552993566     
   1.72000003       138.48213990926902     
   1.73000002       137.97241495194777     
   1.74000001       137.46480955555140     
   1.75000000       136.95931269771168     
   1.75999999       136.45591343530492     
   1.76999998       135.95460090365478     
   1.77999997       135.45536431574499     
   1.78999996       134.95819296144322     
   1.79999995       134.46307620673389     
   1.80999994       133.97000349296263     
   1.82000005       133.47896433608912     
   1.83000004       132.98994832595022     
   1.84000003       132.50294512553262     
   1.85000002       132.01794447025475     
   1.86000001       131.53493616725797     
   1.87000000       131.05391009470677     
   1.88000000       130.57485620109810     
   1.88999999       130.09776450457932     
   1.89999998       129.62262509227443     
   1.90999997       129.14942811962015     
   1.91999996       128.67816380970862     
   1.92999995       128.20882245263951     
   1.94000006       127.74139440488030     
   1.95000005       127.27587008863384     
   1.96000004       126.81223999121441     
   1.97000003       126.35049466443164     
   1.98000002       125.89062472398106     
   1.99000001       125.43262084884381     
   2.00000000       124.97647378069244     
   2.00999999       124.52217432330455     
   2.01999998       124.06971334198334     
   2.02999997       123.61908176298600     
   2.03999996       123.17027057295792     
   2.04999995       122.72327081837514     
   2.05999994       122.27807360499202     
   2.06999993       121.83467009729722     
   2.07999992       121.39305151797475     
   2.08999991       120.95320914737290     
   2.09999990       120.51513432297831     
   2.10999990       120.07881843889714     
   2.11999989       119.64425294534200     
   2.13000011       119.21142934812573     
   2.14000010       118.78033920815972     
   2.15000010       118.35097414095988     
   2.16000009       117.92332581615727     
   2.17000008       117.49738595701508     
   2.18000007       117.07314633995092     
   2.19000006       116.65059879406496     
   2.20000005       116.22973520067352     
   2.21000004       115.81054749284787     
   2.22000003       115.39302765495881     
   2.23000002       114.97716772222654     
   2.24000001       114.56295978027470     
   2.25000000       114.15039596469136     
   2.25999999       113.73946846059309     
   2.26999998       113.33016950219600     
   2.27999997       112.92249137238967     
   2.28999996       112.51642640231773     
   2.29999995       112.11196697096203     
   2.30999994       111.70910550473175     
   2.31999993       111.30783447705821     
   2.32999992       110.90814640799204     
   2.33999991       110.51003386380758     
   2.34999990       110.11348945660936     
   2.35999990       109.71850584394460     
   2.36999989       109.32507572841898     
   2.38000011       108.93319185731764     
   2.39000010       108.54284702222941     
   2.40000010       108.15403405867583     
   2.41000009       107.76674584574434     
   2.42000008       107.38097530572504     
   2.43000007       106.99671540375181     
   2.44000006       106.61395914744722     
   2.45000005       106.23269958657131     
   2.46000004       105.85292981267455     
   2.47000003       105.47464295875368     
   2.48000002       105.09783219891240     
   2.49000001       104.72249074802512     
   2.50000000       104.34861186140439     
   2.50999999       103.97618883447157     
   2.51999998       103.60521500243226     
   2.52999997       103.23568373995342     
   2.53999996       102.86758846084555     
   2.54999995       102.50092261774756     
   2.55999994       102.13567970181461     
   2.56999993       101.77185324241002     
   2.57999992       101.40943680680002     
   2.58999991       101.04842399985175     
   2.59999990       100.68880846373459     
   2.60999990       100.33058387762432     
   2.61999989       99.973743957410875     
   2.63000011       99.618282455408519     
   2.64000010       99.264193160069652     
   2.65000010       98.911469895701131     
   2.66000009       98.560106522183872     
   2.67000008       98.210096934695144     
   2.68000007       97.861435063433632     
   2.69000006       97.514114873347580     
   2.70000005       97.168130363865856     
   2.71000004       96.823475568631039     
   2.72000003       96.480144555236194     
   2.73000002       96.138131424963603     
   2.74000001       95.797430312526402     
   2.75000000       95.458035385813048     
   2.75999999       95.119940845633892     
   2.76999998       94.783140925470818     
   2.77999997       94.447629891229084     
   2.78999996       94.113402040991573     
   2.79999995       93.780451704775984     
   2.80999994       93.448773244293932     
   2.81999993       93.118361052712544     
   2.82999992       92.789209554418846     
   2.83999991       92.461313204785810     
   2.84999990       92.134666489941353     
   2.85999990       91.809263926539117     
   2.86999989       91.485100061532009     
   2.88000011       91.162169471947294     
   2.89000010       90.840466764664640     
   2.90000010       90.519986576195578     
   2.91000009       90.200723572466003     
   2.92000008       89.882672448599919     
   2.93000007       89.565827928705687     
   2.94000006       89.250184765664329     
   2.95000005       88.935737740920018     
   2.96000004       88.622481664272229     
   2.97000003       88.310411373670078     
   2.98000002       87.999521735008756     
   2.99000001       87.689807641927729     
   3.00000000       87.381264015610810     
   3.00999999       87.073885804588443     
   3.01999998       86.767667984541589     
   3.02999997       86.462605558107498     
   3.03999996       86.158693554687233     
   3.04999995       85.855927030255572     
   3.05999994       85.554301067171764     
   3.06999993       85.253810773992868     
   3.07999992       84.954451285288457     
   3.08999991       84.656217761457043     
   3.09999990       84.359105388544535     
   3.10999990       84.063109378063785     
   3.11999989       83.768224966816589     
   3.13000011       83.474447416716487     
   3.14000010       83.181772014614026     
   3.15000010       82.890194072122853     
   3.16000009       82.599708925448112     
   3.17000008       82.310311935215907     
   3.18000007       82.021998486304469     
   3.19000006       81.734763987677269     
   3.20000005       81.448603872216509     
   3.21000004       81.163513596560009     
   3.22000003       80.879488640937112     
   3.23000002       80.596524509008646     
   3.24000001       80.314616727706309     
   3.25000000       80.033760847074987     
   3.25999999       79.753952440114773     
   3.26999998       79.475187102626563     
   3.27999997       79.197460453057005     
   3.28999996       78.920768132346225     
   3.29999995       78.645105803776232     
   3.30999994       78.370469152820789     
   3.31999993       78.096853886996840     
   3.32999992       77.824255735716747     
   3.33999991       77.552670450142514     
   3.34999990       77.282093803040638     
   3.35999990       77.012521588638819     
   3.36999989       76.743949622483271     
   3.38000011       76.476373741297863     
   3.39000010       76.209789802844440     
   3.40000010       75.944193685783674     
   3.41000009       75.679581289538149     
   3.42000008       75.415948534155987     
   3.43000007       75.153291360175373     
   3.44000006       74.891605728491228     
   3.45000005       74.630887620222211     
   3.46000004       74.371133036578996     
   3.47000003       74.112337998733977     
   3.48000002       73.854498547691747     
   3.49000001       73.597610744160860     
   3.50000000       73.341670668426886     
   3.50999999       73.086674420225904     
   3.51999998       72.832618118619905     
   3.52999997       72.579497901872358     
   3.53999996       72.327309927325771     
   3.54999995       72.076050371279322     
   3.55999994       71.825715428868435     
   3.56999993       71.576301313944526     
   3.57999992       71.327804258956448     
   3.58999991       71.080220514832533     
   3.59999990       70.833546350863443     
   3.60999990       70.587778054586906     
   3.61999989       70.342911931671878     
   3.63000011       70.098944305805460     
   3.64000010       69.855871518579022     
   3.65000010       69.613689929376633     
   3.66000009       69.372395915263624     
   3.67000008       69.131985870876306     
   3.68000007       68.892456208312552     
   3.69000006       68.653803357023406     
   3.70000005       68.416023763705340     
   3.71000004       68.179113892193485     
   3.72000003       67.943070223355946     
   3.73000002       67.707889254988515     
   3.74000001       67.473567501710775     
   3.75000000       67.240101494862429     
   3.75999999       67.007487782401157     
   3.76999998       66.775722928800647     
   3.77999997       66.544803514949891     
   3.78999996       66.314726138052976     
   3.79999995       66.085487411530153     
   3.80999994       65.857083964918701     
   3.81999993       65.629512443776036     
   3.82999992       65.402769509582356     
   3.83999991       65.176851839644314     
   3.84999990       64.951756126999953     
   3.85999990       64.727479080324031     
   3.86999989       64.504017423834000     
   3.88000011       64.281367897196844     
   3.89000010       64.059527255436663     
   3.90000010       63.838492268843140     
   3.91000009       63.618259722880211     
   3.92000008       63.398826418096021     
   3.93000007       63.180189170033273     
   3.94000006       62.962344809140234     
   3.95000005       62.745290180682730     
   3.96000004       62.529022144656352     
   3.97000003       62.313537575699925     
   3.98000002       62.098833363008950     
   3.99000001       61.884906410250338     
   4.00000000       61.671753635477423     
   4.01000023       61.459371971045904     
   4.01999998       61.247758363530011     
   4.03000021       61.036909773639564     
   4.03999996       60.826823176138042     
   4.05000019       60.617495559760364     
   4.05999994       60.408923927132150     
   4.07000017       60.201105294689121     
   4.07999992       59.994036692597312     
   4.09000015       59.787715164673749     
   4.09999990       59.582137768307810     
   4.11000013       59.377301574383011     
   4.11999989       59.173203667199850     
   4.13000011       58.969841144398501     
   4.13999987       58.767211116882741     
   4.15000010       58.565310708743922     
   4.15999985       58.364137057186056     
   4.17000008       58.163687312450882     
   4.17999983       57.963958637743843     
   4.19000006       57.764948209160757     
   4.19999981       57.566653215614238     
   4.21000004       57.369070858761674     
   4.21999979       57.172198352933258     
   4.23000002       56.976032925060260     
   4.23999977       56.780571814604386     
   4.25000000       56.585812273487129     
   4.26000023       56.391751566020211     
   4.26999998       56.198386968835834     
   4.28000021       56.005715770818163     
   4.28999996       55.813735273034666     
   4.30000019       55.622442788668302     
   4.30999994       55.431835642950247     
   4.32000017       55.241911173092767     
   4.32999992       55.052666728222917     
   4.34000015       54.864099669316765     
   4.34999990       54.676207369133358     
   4.36000013       54.488987212150228     
   4.36999989       54.302436594498644     
   4.38000011       54.116552923899384     
   4.38999987       53.931333619599393     
   4.40000010       53.746776112308261     
   4.40999985       53.562877844135471     
   4.42000008       53.379636268528486     
   4.42999983       53.197048850210500     
   4.44000006       53.015113065119095     
   4.44999981       52.833826400345110     
   4.46000004       52.653186354072517     
   4.46999979       52.473190435517530     
   4.48000002       52.293836164869653     
   4.48999977       52.115121073231727     
   4.50000000       51.937042702561314     
   4.51000023       51.759598605612098     
   4.51999998       51.582786345875917     
   4.53000021       51.406603497524955     
   4.53999996       51.231047645354309     
   4.55000019       51.056116384725392     
   4.55999994       50.881807321509093     
   4.57000017       50.708118072029890     
   4.57999992       50.535046263009988     
   4.59000015       50.362589531513862     
   4.59999990       50.190745524893501     
   4.61000013       50.019511900733590     
   4.61999989       49.848886326797334     
   4.63000011       49.678866480972580     
   4.63999987       49.509450051218359     
   4.65000010       49.340634735511429     
   4.65999985       49.172418241794027     
   4.67000008       49.004798287920977     
   4.67999983       48.837772601607682     
   4.69000006       48.671338920378552     
   4.69999981       48.505494991515434     
   4.71000004       48.340238572006648     
   4.71999979       48.175567428496215     
   4.73000002       48.011479337233666     
   4.73999977       47.847972084023631     
   4.75000000       47.685043464176594     
   4.76000023       47.522691282459171     
   4.76999998       47.360913353045106     
   4.78000021       47.199707499466733     
   4.78999996       47.039071554566277     
   4.80000019       46.879003360448202     
   4.80999994       46.719500768430869     
   4.82000017       46.560561638999488     
   4.82999992       46.402183841758813     
   4.84000015       46.244365255386406     
   4.84999990       46.087103767585944     
   4.86000013       45.930397275041031     
   4.86999989       45.774243683369328     
   4.88000011       45.618640907076852     
   4.88999987       45.463586869512753     
   4.90000010       45.309079502823970     
   4.90999985       45.155116747910824     
   4.92000008       45.001696554382306     
   4.92999983       44.848816880512004     
   4.94000006       44.696475693194124     
   4.94999981       44.544670967899847     
   4.96000004       44.393400688634216     
   4.96999979       44.242662847892646     
   4.98000002       44.092455446618736     
   4.98999977       43.942776494160967     
   5.00000000       43.793624008231127     
   5.01000023       43.644996014862052     
   5.01999998       43.496890548365847     
   5.03000021       43.349305651292582     
   5.03999996       43.202239374388945     
   5.05000019       43.055689776557529     
   5.05999994       42.909654924815825     
   5.07000017       42.764132894256143     
   5.07999992       42.619121768005229     
   5.09000015       42.474619637184347     
   5.09999990       42.330624600869783     
   5.11000013       42.187134766053241     
   5.11999989       42.044148247602784     
   5.13000011       41.901663168223770     
   5.13999987       41.759677658420280     
   5.15000010       41.618189856456610     
   5.15999985       41.477197908319134     
   5.17000008       41.336699967678172     
   5.17999983       41.196694195850419     
   5.19000006       41.057178761761271     
   5.19999981       40.918151841907680     
   5.21000004       40.779611620320971     
   5.21999979       40.641556288530175     
   5.23000002       40.503984045525222     
   5.23999977       40.366893097720691     
   5.25000000       40.230281658919779     
   5.26000023       40.094147950278000     
   5.26999998       39.958490200267882     
   5.28000021       39.823306644643033     
   5.28999996       39.688595526403269     
   5.30000019       39.554355095759270     
   5.30999994       39.420583610097822     
   5.32000017       39.287279333947161     
   5.32999992       39.154440538942424     
   5.34000015       39.022065503791502     
   5.34999990       38.890152514241080     
   5.36000013       38.758699863042665     
   5.36999989       38.627705849918982     
   5.38000011       38.497168781530576     
   5.38999987       38.367086971442589     
   5.40000010       38.237458740091832     
   5.40999985       38.108282414753702     
   5.42000008       37.979556329509691     
   5.42999983       37.851278825215005     
   5.44000006       37.723448249466216     
   5.44999981       37.596062956569142     
   5.46000004       37.469121307507159     
   5.46999979       37.342621669909263     
   5.48000002       37.216562418018761     
   5.48999977       37.090941932661963     
   5.50000000       36.965758601216891     
   5.51000023       36.841010817582379     
   5.51999998       36.716696982147468     
   5.53000021       36.592815501760498     
   5.53999996       36.469364789699100     
   5.55000019       36.346343265639547     
   5.55999994       36.223749355626964     
   5.57000017       36.101581492045284     
   5.57999992       35.979838113587753     
   5.59000015       35.858517665227062     
   5.59999990       35.737618598186266     
   5.61000013       35.617139369909438     
   5.61999989       35.497078444032617     
   5.63000011       35.377434290355041     
   5.63999987       35.258205384810360     
   5.65000010       35.139390209438098     
   5.65999985       35.020987252355276     
   5.67000008       34.902995007728315     
   5.67999983       34.785411975744807     
   5.69000006       34.668236662585741     
   5.69999981       34.551467580397663     
   5.71000004       34.435103247265282     
   5.71999979       34.319142187183800     
   5.73000002       34.203582930031843     
   5.73999977       34.088424011544298     
   5.75000000       33.973663973285262     
   5.76000023       33.859301362621387     
   5.76999998       33.745334732695149     
   5.78000021       33.631762642398236     
   5.78999996       33.518583656345385     
   5.80000019       33.405796344847992     
   5.80999994       33.293399283888284     
   5.82000017       33.181391055093066     
   5.82999992       33.069770245708270     
   5.84000015       32.958535448573137     
   5.84999990       32.847685262094693     
   5.86000013       32.737218290222643     
   5.86999989       32.627133142423858     
   5.88000011       32.517428433657606     
   5.88999987       32.408102784350362     
   5.90000010       32.299154820371193     
   5.90999985       32.190583173006999     
   5.92000008       32.082386478938119     
   5.92999983       31.974563380213780     
   5.94000006       31.867112524228009     
   5.94999981       31.760032563695468     
   5.96000004       31.653322156627340     
   5.96999979       31.546979966307781     
   5.98000002       31.441004661269780     
   5.98999977       31.335394915271952     
   6.00000000       31.230149407274855     
   6.01000023       31.125266821417775     
   6.01999998       31.020745846995364     
   6.03000021       30.916585178434701     
   6.03999996       30.812783515272269     
   6.05000019       30.709339562131152     
   6.05999994       30.606252028698314     
   6.07000017       30.503519629701909     
   6.07999992       30.401141084889016     
   6.09000015       30.299115119003165     
   6.09999990       30.197440461762096     
   6.11000013       30.096115847835662     
   6.11999989       29.995140016823953     
   6.13000011       29.894511713235268     
   6.13999987       29.794229686464462     
   6.15000010       29.694292690771317     
   6.15999985       29.594699485258840     
   6.17000008       29.495448833852219     
   6.17999983       29.396539505277143     
   6.19000006       29.297970273038864     
   6.19999981       29.199739915401000     
   6.21000004       29.101847215364717     
   6.21999979       29.004290960647733     
   6.23000002       28.907069943663661     
   6.23999977       28.810182961501411     
   6.25000000       28.713628815904599     
   6.26000023       28.617406313251188     
   6.26999998       28.521514264533170     
   6.28000021       28.425951485336448     
   6.28999996       28.330716795820504     
   6.30000019       28.235809020698781     
   6.30999994       28.141226989218445     
   6.32000017       28.046969535140875     
   6.32999992       27.953035496721867     
   6.34000015       27.859423716692081     
   6.34999990       27.766133042237570     
   6.36000013       27.673162324980396     
   6.36999989       27.580510420959467     
   6.38000011       27.488176190611238     
   6.38999987       27.396158498750683     
   6.40000010       27.304456214552399     
   6.40999985       27.213068211531620     
   6.42000008       27.121993367525587     
   6.42999983       27.031230564674654     
   6.44000006       26.940778689403999     
   6.44999981       26.850636632404857     
   6.46000004       26.760803288616344     
   6.46999979       26.671277557207056     
   6.48000002       26.582058341556834     
   6.48999977       26.493144549238735     
   6.50000000       26.404535092001016     
   6.51000023       26.316228885749169     
   6.51999998       26.228224850528036     
   6.53000021       26.140521910504297     
   6.53999996       26.053118993948427     
   6.55000019       25.966015033217602     
   6.55999994       25.879208964737778     
   6.57000017       25.792699728986641     
   6.57999992       25.706486270476141     
   6.59000015       25.620567537735308     
   6.59999990       25.534942483293182     
   6.61000013       25.449610063661765     
   6.61999989       25.364569239318943     
   6.63000011       25.279818974691864     
   6.63999987       25.195358238139924     
   6.65000010       25.111186001938208     
   6.65999985       25.027301242260862     
   6.67000008       24.943702939164485     
   6.67999983       24.860390076571758     
   6.69000006       24.777361642255144     
   6.69999981       24.694616627820356     
   6.71000004       24.612154028690526     
   6.71999979       24.529972844089709     
   6.73000002       24.448072077027092     
   6.73999977       24.366450734280999     
   6.75000000       24.285107826382934     
   6.76000023       24.204042367601740     
   6.76999998       24.123253375928090     
   6.78000021       24.042739873058583     
   6.78999996       23.962500884380365     
   6.80000019       23.882535438955511     
   6.80999994       23.802842569505678     
   6.82000017       23.723421312396830     
   6.82999992       23.644270707623729     
   6.84000015       23.565389798795060     
   6.84999990       23.486777633118113     
   6.86000013       23.408433261383724     
   6.86999989       23.330355737951535     
   6.88000011       23.252544120734775     
   6.88999987       23.174997471185716     
   6.90000010       23.097714854280802     
   6.90999985       23.020695338505931     
   6.92000008       22.943937995841956     
   6.92999983       22.867441901750105     
   6.94000006       22.791206135157459     
   6.94999981       22.715229778442669     
   6.96000004       22.639511917421533     
   6.96999979       22.564051641332792     
   6.98000002       22.488848042824007     
   6.98999977       22.413900217937215     
   7.00000000       22.339207266095176     
   7.01000023       22.264768290087229     
   7.01999998       22.190582396055333     
   7.03000021       22.116648693480343     
   7.03999996       22.042966295168217     
   7.05000019       21.969534317236189     
   7.05999994       21.896351879099232     
   7.07000017       21.823418103456394     
   7.07999992       21.750732116277444     
   7.09000015       21.678293046789125     
   7.09999990       21.606100027462126     
   7.11000013       21.534152193997418     
   7.11999989       21.462448685313262     
   7.13000011       21.390988643531848     
   7.13999987       21.319771213966163     
   7.15000010       21.248795545107072     
   7.15999985       21.178060788610136     
   7.17000008       21.107566099282714     
   7.17999983       21.037310635071155     
   7.19000006       20.967293557047803     
   7.19999981       20.897514029398465     
   7.21000004       20.827971219409484     
   7.21999979       20.758664297455255     
   7.23000002       20.689592436985460     
   7.23999977       20.620754814512768     
   7.25000000       20.552150609600204     
   7.26000023       20.483779004848799     
   7.26999998       20.415639185885251     
   7.28000021       20.347730341349500     
   7.28999996       20.280051662882826     
   7.30000019       20.212602345115219     
   7.30999994       20.145381585653602     
   7.32000017       20.078388585069664     
   7.32999992       20.011622546887789     
   7.34000015       19.945082677573254     
   7.34999990       19.878768186520123     
   7.36000013       19.812678286039610     
   7.36999989       19.746812191348141     
   7.38000011       19.681169120555758     
   7.38999987       19.615748294654349     
   7.40000010       19.550548937506001     
   7.40999985       19.485570275831545     
   7.42000008       19.420811539198997     
   7.42999983       19.356271960012005     
   7.44000006       19.291950773498556     
   7.44999981       19.227847217699587     
   7.46000004       19.163960533457679     
   7.46999979       19.100289964405793     
   7.48000002       19.036834756956058     
   7.48999977       18.973594160288709     
   7.50000000       18.910567426340851     
   7.51000023       18.847753809795542     
   7.51999998       18.785152568070753     
   7.53000021       18.722762961308348     
   7.53999996       18.660584252363364     
   7.55000019       18.598615706792980     
   7.55999994       18.536856592845840     
   7.57000017       18.475306181451277     
   7.57999992       18.413963746208587     
   7.59000015       18.352828563376434     
   7.59999990       18.291899911862185     
   7.61000013       18.231177073211455     
   7.61999989       18.170659331597477     
   7.63000011       18.110345973810798     
   7.63999987       18.050236289248712     
   7.65000010       17.990329569905018     
   7.65999985       17.930625110359657     
   7.67000008       17.871122207768455     
   7.67999983       17.811820161852907     
   7.69000006       17.752718274889990     
   7.69999981       17.693815851702016     
   7.71000004       17.635112199646628     
   7.71999979       17.576606628606701     
   7.73000002       17.518298450980261     
   7.73999977       17.460186981670770     
   7.75000000       17.402271538077006     
   7.76000023       17.344551440083350     
   7.76999998       17.287026010049832     
   7.78000021       17.229694572802508     
   7.78999996       17.172556455623589     
   7.80000019       17.115610988241954     
   7.80999994       17.058857502823269     
   7.82000017       17.002295333960600     
   7.82999992       16.945923818664692     
   7.84000015       16.889742296354623     
   7.84999990       16.833750108848232     
   7.86000013       16.777946600352671     
   7.86999989       16.722331117455113     
   7.88000011       16.666903009113302     
   7.88999987       16.611661626646381     
   7.90000010       16.556606323725529     
   7.90999985       16.501736456364764     
   7.92000008       16.447051382911805     
   7.92999983       16.392550464038866     
   7.94000006       16.338233062733647     
   7.94999981       16.284098544290188     
   7.96000004       16.230146276299930     
   7.96999979       16.176375628642688     
   7.98000002       16.122785973477740     
   7.98999977       16.069376685234904     
   8.00000000       16.016147140605671     
   8.01000023       15.963096718534471     
   8.02000046       15.910224800209784     
   8.02999973       15.857530769055479     
   8.03999996       15.805014010722015     
   8.05000019       15.752673913077922     
   8.06000042       15.700509866201012     
   8.06999969       15.648521262369879     
   8.07999992       15.596707496055371     
   8.09000015       15.545067963911997     
   8.10000038       15.493602064769487     
   8.10999966       15.442309199624400     
   8.11999989       15.391188771631608     
   8.13000011       15.340240186096013     
   8.14000034       15.289462850464238     
   8.14999962       15.238856174316229     
   8.15999985       15.188419569357080     
   8.17000008       15.138152449408814     
   8.18000031       15.088054230402154     
   8.18999958       15.038124330368362     
   8.19999981       14.988362169431156     
   8.21000004       14.938767169798654     
   8.22000027       14.889338755755277     
   8.22999954       14.840076353653760     
   8.23999977       14.790979391907152     
   8.25000000       14.742047300980884     
   8.26000023       14.693279513384908     
   8.27000046       14.644675463665791     
   8.27999973       14.596234588398797     
   8.28999996       14.547956326180250     
   8.30000019       14.499840117619545     
   8.31000042       14.451885405331687     
   8.31999969       14.404091633929291     
   8.32999992       14.356458250015095     
   8.34000015       14.308984702174257     
   8.35000038       14.261670440966762     
   8.35999966       14.214514918919885     
   8.36999989       14.167517590520555     
   8.38000011       14.120677912207931     
   8.39000034       14.073995342365821     
   8.39999962       14.027469341315445     
   8.40999985       13.981099371307781     
   8.42000008       13.934884896516303     
   8.43000031       13.888825383029628     
   8.43999958       13.842920298844117     
   8.44999981       13.797169113856778     
   8.46000004       13.751571299857760     
   8.47000027       13.706126330523309     
   8.47999954       13.660833681408469     
   8.48999977       13.615692829939979     
   8.50000000       13.570703255409132     
   8.51000023       13.525864438964600     
   8.52000046       13.481175863605481     
   8.52999973       13.436637014174106     
   8.53999996       13.392247377349182     
   8.55000019       13.348006441638693     
   8.56000042       13.303913697372947     
   8.56999969       13.259968636697742     
   8.57999992       13.216170753567342     
   8.59000015       13.172519543737742     
   8.60000038       13.129014504759729     
   8.60999966       13.085655135972074     
   8.61999989       13.042440938494815     
   8.63000011       12.999371415222464     
   8.64000034       12.956446070817293     
   8.64999962       12.913664411702612     
   8.65999985       12.871025946056099     
   8.67000008       12.828530183803215     
   8.68000031       12.786176636610559     
   8.68999958       12.743964817879263     
   8.69999981       12.701894242738403     
   8.71000004       12.659964428038583     
   8.72000027       12.618174892345346     
   8.72999954       12.576525155932700     
   8.73999977       12.535014740776678     
   8.75000000       12.493643170548955     
   8.76000023       12.452409970610383     
   8.77000046       12.411314668004684     
   8.77999973       12.370356791452082     
   8.78999996       12.329535871342967     
   8.80000019       12.288851439731650     
   8.81000042       12.248303030330058     
   8.81999969       12.207890178501543     
   8.82999992       12.167612421254633     
   8.84000015       12.127469297236809     
   8.85000038       12.087460346728481     
   8.85999966       12.047585111636678     
   8.86999989       12.007843135489070     
   8.88000011       11.968233963427824     
   8.89000034       11.928757142203592     
   8.89999962       11.889412220169394     
   8.90999985       11.850198747274710     
   8.92000008       11.811116275059396     
   8.93000031       11.772164356647801     
   8.93999958       11.733342546742831     
   8.94999981       11.694650401619969     
   8.96000004       11.656087479121442     
   8.97000027       11.617653338650396     
   8.97999954       11.579347541164950     
   8.98999977       11.541169649172476     
   9.00000000       11.503119226723785     
   9.01000023       11.465195839407347     
   9.02000046       11.427399054343518     
   9.02999973       11.389728440178940     
   9.03999996       11.352183567080653     
   9.05000019       11.314764006730641     
   9.06000042       11.277469332320017     
   9.06999969       11.240299118543444     
   9.07999992       11.203252941593609     
   9.09000015       11.166330379155484     
   9.10000038       11.129531010400926     
   9.10999966       11.092854415983050     
   9.11999989       11.056300178030767     
   9.13000011       11.019867880143266     
   9.14000034       10.983557107384533     
   9.14999962       10.947367446277914     
   9.15999985       10.911298484800769     
   9.17000008       10.875349812378930     
   9.18000031       10.839521019881431     
   9.18999958       10.803811699615116     
   9.19999981       10.768221445319300     
   9.21000004       10.732749852160490     
   9.22000027       10.697396516726981     
   9.22999954       10.662161037023766     
   9.23999977       10.627043012467125     
   9.25000000       10.592042043879466     
   9.26000023       10.557157733484139     
   9.27000046       10.522389684900180     
   9.27999973       10.487737503137222     
   9.28999996       10.453200794590284     
   9.30000019       10.418779167034730     
   9.31000042       10.384472229621066     
   9.31999969       10.350279592869915     
   9.32999992       10.316200868666968     
   9.34000015       10.282235670257945     
   9.35000038       10.248383612243478     
   9.35999966       10.214644310574228     
   9.36999989       10.181017382545868     
   9.38000011       10.147502446794087     
   9.39000034       10.114099123289712     
   9.39999962       10.080807033333704     
   9.40999985       10.047625799552330     
   9.42000008       10.014555045892234     
   9.43000031       9.9815943976156500     
   9.43999958       9.9487434812954358     
   9.44999981       9.9160019248103630     
   9.46000004       9.8833693573402464     
   9.47000027       9.8508454093611668     
   9.47999954       9.8184297126407714     
   9.48999977       9.7861219002334234     
   9.50000000       9.7539216064755401     
   9.51000023       9.7218284669808845     
   9.52000046       9.6898421186358412     
   9.52999973       9.6579621995947935     
   9.53999996       9.6261883492754023     
   9.55000019       9.5945202083540231     
   9.56000042       9.5629574187610995     
   9.56999969       9.5314996236765310     
   9.57999992       9.5001464675251004     
   9.59000015       9.4688975959718853     
   9.60000038       9.4377526559178389     
   9.60999966       9.4067112954951071     
   9.61999989       9.3757731640626147     
   9.63000011       9.3449379122015195     
   9.64000034       9.3142051917108102     
   9.64999962       9.2835746556027861     
   9.65999985       9.2530459580986815     
   9.67000008       9.2226187546241949     
   9.68000031       9.1922927018051279     
   9.68999958       9.1620674574629444     
   9.69999981       9.1319426806104946     
   9.71000004       9.1019180314475836     
   9.72000027       9.0719931713566684     
   9.72999954       9.0421677628985542     
   9.73999977       9.0124414698081079     
   9.75000000       8.9828139569899115     
   9.76000023       8.9532848905140874     
   9.77000046       8.9238539376120105     
   9.77999973       8.8945207666720254     
   9.78999996       8.8652850472353109     
   9.80000019       8.8361464499917091     
   9.81000042       8.8071046467753895     
   9.81999969       8.7781593105608611     
   9.82999992       8.7493101154587229     
   9.84000015       8.7205567367115364     
   9.85000038       8.6918988506898032     
   9.85999966       8.6633361348877234     
   9.86999989       8.6348682679192077     
   9.88000011       8.6064949295137847     
   9.89000034       8.5782158005125666     
   9.89999962       8.5500305628641815     
   9.90999985       8.5219388996207659     
   9.92000008       8.4939404949339909     
   9.93000031       8.4660350340510284     
   9.93999958       8.4382222033106213     
   9.94999981       8.4105016901390535     
   9.96000004       8.3828731830463283     
   9.97000027       8.3553363716221121     
   9.97999954       8.3278909465319000     
   9.98999977       8.3005365995131388     
   10.0000000       8.2732730233712708     
   10.0100002       8.2460999119759020     
   10.0200005       8.2190169602569956     
   10.0299997       8.1920238642009977     
   10.0400000       8.1651203208469578     
   10.0500002       8.1383060282828481     
   10.0600004       8.1115806856416981     
   10.0699997       8.0849439930978093     
   10.0799999       8.0583956518630000     
   10.0900002       8.0319353641829085     
   10.1000004       8.0055628333332027     
   10.1099997       7.9792777636158920     
   10.1199999       7.9530798603555661     
   10.1300001       7.9269688298958521     
   10.1400003       7.9009443795955434     
   10.1499996       7.8750062178250966     
   10.1599998       7.8491540539628861     
   10.1700001       7.8233875983916512     
   10.1800003       7.7977065624948034     
   10.1899996       7.7721106586528865     
   10.1999998       7.7465996002399029     
   10.2100000       7.7211731016198533     
   10.2200003       7.6958308781430826     
   10.2299995       7.6705726461427517     
   10.2399998       7.6453981229313071     
   10.2500000       7.6203070267969730     
   10.2600002       7.5952990770002362     
   10.2700005       7.5703739937703212     
   10.2799997       7.5455314983017523     
   10.2900000       7.5207713127508677     
   10.3000002       7.4960931602323839     
   10.3100004       7.4714967648158650     
   10.3199997       7.4469818515224455     
   10.3299999       7.4225481463212892     
   10.3400002       7.3981953761262353     
   10.3500004       7.3739232687924394     
   10.3599997       7.3497315531129273     
   10.3699999       7.3256199588152917     
   10.3800001       7.3015882165583079     
   10.3900003       7.2776360579286425     
   10.3999996       7.2537632154374299     
   10.4099998       7.2299694225171134     
   10.4200001       7.2062544135179909     
   10.4300003       7.1826179237050498     
   10.4399996       7.1590596892546046     
   10.4499998       7.1355794472510974     
   10.4600000       7.1121769356837774     
   10.4700003       7.0888518934435902     
   10.4799995       7.0656040603198278     
   10.4899998       7.0424331769969619     
   10.5000000       7.0193389850514567     
   10.5100002       6.9963206584709496     
   10.5200005       6.9733790478688320     
   10.5299997       6.9505133583445504     
   10.5400000       6.9277233349935727     
   10.5500002       6.9050087237874900     
   10.5600004       6.8823692715709068     
   10.5699997       6.8598047260582709     
   10.5799999       6.8373148358308073     
   10.5900002       6.8148993503334223     
   10.6000004       6.7925580198716062     
   10.6099997       6.7702905956083859     
   10.6199999       6.7480968295612085     
   10.6300001       6.7259764745989727     
   10.6400003       6.7039292844389298     
   10.6499996       6.6819550136437105     
   10.6599998       6.6600534176182400     
   10.6700001       6.6382242526068422     
   10.6800003       6.6164672756901206     
   10.6899996       6.5947822447821096     
   10.6999998       6.5731689186272044     
   10.7100000       6.5516270567972583     
   10.7200003       6.5301564196886330     
   10.7299995       6.5087567685192251     
   10.7399998       6.4874278653256070     
   10.7500000       6.4661694729600683     
   10.7600002       6.4449813550877302     
   10.7700005       6.4238632761836305     
   10.7799997       6.4028150015299232     
   10.7900000       6.3818362972129092     
   10.8000002       6.3609269301202271     
   10.8100004       6.3400866679380137     
   10.8199997       6.3193152791480776     
   10.8299999       6.2986125330250156     
   10.8400002       6.2779781996334760     
   10.8500004       6.2574120498252839     
   10.8599997       6.2369138552366943     
   10.8699999       6.2164833882856092     
   10.8800001       6.1961204221687778     
   10.8900003       6.1758247308590466     
   10.8999996       6.1555960891026089     
   10.9099998       6.1354342724162736     
   10.9200001       6.1153390570847268     
   10.9300003       6.0953102201577876     
   10.9399996       6.0753475394477405     
   10.9499998       6.0554507935266022     
   10.9600000       6.0356197617234484     
   10.9700003       6.0158542241217381     
   10.9799995       5.9961539615566259     
   10.9899998       5.9765187556122976     
   11.0000000       5.9569483886193417     
   11.0100002       5.9374426436521182     
   11.0200005       5.9180013045260855     
   11.0299997       5.8986241557952201     
   11.0400000       5.8793109827493701     
   11.0500002       5.8600615714116975     
   11.0600004       5.8408757085360765     
   11.0699997       5.8217531816044623     
   11.0799999       5.8026937788243762     
   11.0900002       5.7836972891263345     
   11.1000004       5.7647635021612755     
   11.1099997       5.7458922082980148     
   11.1199999       5.7270831986207469     
   11.1300001       5.7083362649264853     
   11.1400003       5.6896511997225643     
   11.1499996       5.6710277962241298     
   11.1599998       5.6524658483516292     
   11.1700001       5.6339651507283648     
   11.1800003       5.6155254986779726     
   11.1899996       5.5971466882219669     
   11.1999998       5.5788285160772988     
   11.2100000       5.5605707796538884     
   11.2200003       5.5423732770521736     
   11.2299995       5.5242358070607223     
   11.2399998       5.5061581691537604     
   11.2500000       5.4881401634887794     
   11.2600002       5.4701815909041391     
   11.2700005       5.4522822529166666     
   11.2799997       5.4344419517192435     
   11.2900000       5.4166604901784750     
   11.3000002       5.3989376718322726     
   11.3100004       5.3812733008875284     
   11.3199997       5.3636671822177737     
   11.3299999       5.3461191213607648     
   11.3400002       5.3286289245162504     
   11.3500004       5.3111963985435420     
   11.3599997       5.2938213509592966     
   11.3699999       5.2765035899351282     
   11.3800001       5.2592429242953385     
   11.3900003       5.2420391635146411     
   11.3999996       5.2248921177158527     
   11.4099998       5.2078015976676379     
   11.4200001       5.1907674147822132     
   11.4300003       5.1737893811131457     
   11.4399996       5.1568673093530260     
   11.4499998       5.1400010128312994     
   11.4600000       5.1231903055119901     
   11.4700003       5.1064350019914873     
   11.4799995       5.0897349174963349     
   11.4899998       5.0730898678810066     
   11.5000000       5.0564996696257385     
   11.5100002       5.0399641398342885     
   11.5200005       5.0234830962318053     
   11.5299997       5.0070563571626030     
   11.5400000       4.9906837415880387     
   11.5500002       4.9743650690843193     
   11.5600004       4.9581001598403498     
   11.5699997       4.9418888346556207     
   11.5799999       4.9257309149380264     
   11.5900002       4.9096262227017862     
   11.6000004       4.8935745805652857     
   11.6099997       4.8775758117489714     
   11.6199999       4.8616297400732575     
   11.6300001       4.8457361899564324     
   11.6400003       4.8298949864125369     
   11.6499996       4.8141059550493148     
   11.6599998       4.7983689220661327     
   11.6700001       4.7826837142518901     
   11.6800003       4.7670501589830012     
   11.6899996       4.7514680842213037     
   11.6999998       4.7359373185120424     
   11.7100000       4.7204576909818092     
   11.7200003       4.7050290313365348     
   11.7299995       4.6896511698594541     
   11.7399998       4.6743239374090999     
   11.7500000       4.6590471654172818     
   11.7600002       4.6438206858871025     
   11.7700005       4.6286443313909720     
   11.7799997       4.6135179350685842     
   11.7900000       4.5984413306249863     
   11.8000002       4.5834143523285720     
   11.8100004       4.5684368350091500     
   11.8199997       4.5535086140559482     
   11.8299999       4.5386295254157076     
   11.8400002       4.5237994055906974     
   11.8500004       4.5090180916368228     
   11.8599997       4.4942854211616723     
   11.8699999       4.4796012323225805     
   11.8800001       4.4649653638247662     
   11.8900003       4.4503776549193770     
   11.8999996       4.4358379454016017     
   11.9099998       4.4213460756087901     
   11.9200001       4.4069018864185656     
   11.9300003       4.3925052192469147     
   11.9399996       4.3781559160463619     
   11.9499998       4.3638538193040723     
   11.9600000       4.3495987720400047     
   11.9700003       4.3353906178050519     
   11.9799995       4.3212292006792001     
   11.9899998       4.3071143652696957     
   12.0000000       4.2930459567092099     
   12.0100002       4.2790238206539923     
   12.0200005       4.2650478032820915     
   12.0299997       4.2511177512915053     
   12.0400000       4.2372335118984097     
   12.0500002       4.2233949328353324     
   12.0600004       4.2096018623493654     
   12.0699997       4.1958541492003958     
   12.0799999       4.1821516426593162     
   12.0900002       4.1684941925062340     
   12.1000004       4.1548816490287317     
   12.1099997       4.1413138630200974     
   12.1199999       4.1277906857775584     
   12.1300001       4.1143119691005658     
   12.1400003       4.1008775652890037     
   12.1499996       4.0874873271415089     
   12.1599998       4.0741411079536940     
   12.1700001       4.0608387615164743     
   12.1800003       4.0475801421142954     
   12.1899996       4.0343651045234807     
   12.1999998       4.0211935040104683     
   12.2100000       4.0080651963301657     
   12.2200003       3.9949800377242415     
   12.2299995       3.9819378849194185     
   12.2399998       3.9689385951258274     
   12.2500000       3.9559820260352914     
   12.2600002       3.9430680358197328     
   12.2700005       3.9301964831294214     
   12.2799997       3.9173672270913809     
   12.2900000       3.9045801273077076     
   12.3000002       3.8918350438539666     
   12.3100004       3.8791318372775114     
   12.3199997       3.8664703685958646     
   12.3299999       3.8538504992951061     
   12.3400002       3.8412720913282459     
   12.3500004       3.8287350071136061     
   12.3599997       3.8162391095332215     
   12.3699999       3.8037842619312183     
   12.3800001       3.7913703281122424     
   12.3900003       3.7789971723398552     
   12.3999996       3.7666646593349484     
   12.4099998       3.7543726542741669     
   12.4200001       3.7421210227883379     
   12.4300003       3.7299096309608890     
   12.4399996       3.7177383453263153     
   12.4499998       3.7056070328685942     
   12.4600000       3.6935155610196375     
   12.4700003       3.6814637976577638     
   12.4799995       3.6694516111061342     
   12.4899998       3.6574788701312437     
   12.5000000       3.6455454439413737     
   12.5100002       3.6336512021850704     
   12.5200005       3.6217960149496284     
   12.5299997       3.6099797527595894     
   12.5400000       3.5982022865752179     
   12.5500002       3.5864634877910113     
   12.5600004       3.5747632282341857     
   12.5699997       3.5631013801632134     
   12.5799999       3.5514778162663112     
   12.5900002       3.5398924096599766     
   12.6000004       3.5283450338875042     
   12.6099997       3.5168355629175139     
   12.6199999       3.5053638711424973     
   12.6300001       3.4939298333773419     
   12.6400003       3.4825333248579016     
   12.6499996       3.4711742212395151     
   12.6599998       3.4598523985955887     
   12.6700001       3.4485677334161458     
   12.6800003       3.4373201026064031     
   12.6899996       3.4261093834853193     
   12.6999998       3.4149354537842016     
   12.7100000       3.4037981916452718     
   12.7200003       3.3926974756202526     
   12.7299995       3.3816331846689636     
   12.7399998       3.3706051981579042     
   12.7500000       3.3596133958588905     
   12.7600002       3.3486576579476273     
   12.7700005       3.3377378650023246     
   12.7799997       3.3268538980023385     
   12.7900000       3.3160056383267587     
   12.8000002       3.3051929677530723     
   12.8100004       3.2944157684557616     
   12.8199997       3.2836739230049639     
   12.8299999       3.2729673143650921     
   12.8400002       3.2622958258935189     
   12.8500004       3.2516593413391659     
   12.8599997       3.2410577448412221     
   12.8699999       3.2304909209277692     
   12.8800001       3.2199587545144510     
   12.8900003       3.2094611309031493     
   12.8999996       3.1989979357806635     
   12.9099998       3.1885690552173784     
   12.9200001       3.1781743756659573     
   12.9300003       3.1678137839600189     
   12.9399996       3.1574871673128473     
   12.9499998       3.1471944133160821     
   12.9600000       3.1369354099384132     
   12.9700003       3.1267100455243040     
   12.9799995       3.1165182087926913     
   12.9899998       3.1063597888357060     
   13.0000000       3.0962346751174041     
   13.0100002       3.0861427574724618     
   13.0200005       3.0760839261049497     
   13.0299997       3.0660580715870256     
   13.0400000       3.0560650848577064     
   13.0500002       3.0461048572215801     
   13.0600004       3.0361772803475904     
   13.0699997       3.0262822462677619     
   13.0799999       3.0164196473759581     
   13.0900002       3.0065893764266622     
   13.1000004       2.9967913265337249     
   13.1099997       2.9870253911691389     
   13.1199999       2.9772914641618144     
   13.1300001       2.9675894396963622     
   13.1400003       2.9579192123118645     
   13.1499996       2.9482806769006813     
   13.1599998       2.9386737287072222     
   13.1700001       2.9290982633267548     
   13.1800003       2.9195541767042008     
   13.1899996       2.9100413651329418     
   13.1999998       2.9005597252536304     
   13.2100000       2.8911091540529976     
   13.2200003       2.8816895488626662     
   13.2299995       2.8723008073579890     
   13.2399998       2.8629428275568505     
   13.2500000       2.8536155078185250     
   13.2600002       2.8443187468424851     
   13.2700005       2.8350524436672511     
   13.2799997       2.8258164976692277     
   13.2900000       2.8166108085615633     
   13.3000002       2.8074352763929795     
   13.3100004       2.7982898015466411     
   13.3199997       2.7891742847390102     
   13.3299999       2.7800886270186993     
   13.3400002       2.7710327297653539     
   13.3500004       2.7620064946885141     
   13.3599997       2.7530098238264835     
   13.3699999       2.7440426195452230     
   13.3800001       2.7351047845372114     
   13.3900003       2.7261962218203486     
   13.3999996       2.7173168347368422     
   13.4099998       2.7084665269520904     
   13.4200001       2.6996452024535968     
   13.4300003       2.6908527655498613     
   13.4399996       2.6820891208692905     
   13.4499998       2.6733541733590953     
   13.4600000       2.6646478282842234     
   13.4700003       2.6559699912262702     
   13.4799995       2.6473205680823781     
   13.4899998       2.6386994650641986     
   13.5000000       2.6301065886967807     
   13.5100002       2.6215418458175450     
   13.5200005       2.6130051435751871     
   13.5299997       2.6044963894286206     
   13.5400000       2.5960154911459403     
   13.5500002       2.5875623568033541     
   13.5600004       2.5791368947841375     
   13.5699997       2.5707390137775836     
   13.5799999       2.5623686227779632     
   13.5900002       2.5540256310834941     
   13.6000004       2.5457099482952992     
   13.6099997       2.5374214843163765     
   13.6199999       2.5291601493505738     
   13.6300001       2.5209258539015615     
   13.6400003       2.5127185087718154     
   13.6499996       2.5045380250615992     
   13.6599998       2.4963843141679596     
   13.6700001       2.4882572877836928     
   13.6800003       2.4801568578963717     
   13.6899996       2.4720829367873107     
   13.6999998       2.4640354370305997     
   13.7100000       2.4560142714920814     
   13.7200003       2.4480193533283714     
   13.7299995       2.4400505959858663     
   13.7399998       2.4321079131997694     
   13.7500000       2.4241912189930956     
   13.7600002       2.4163004276756928     
   13.7700005       2.4084354538432802     
   13.7799997       2.4005962123764681     
   13.7900000       2.3927826184397913     
   13.8000002       2.3849945874807448     
   13.8100004       2.3772320352288219     
   13.8199997       2.3694948776945592     
   13.8299999       2.3617830311685863     
   13.8400002       2.3540964122206565     
   13.8500004       2.3464349376987190     
   13.8599997       2.3387985247279701     
   13.8699999       2.3311870907099008     
   13.8800001       2.3236005533213753     
   13.8900003       2.3160388305136879     
   13.8999996       2.3085018405116271     
   13.9099998       2.3009895018125532     
   13.9200001       2.2935017331854821     
   13.9300003       2.2860384536701437     
   13.9399996       2.2785995825760876     
   13.9499998       2.2711850394817374     
   13.9600000       2.2637947442335093     
   13.9700003       2.2564286169448886     
   13.9799995       2.2490865779955271     
   13.9899998       2.2417685480303327     
   14.0000000       2.2344744479585836     
   14.0100002       2.2272041989530185     
   14.0200005       2.2199577224489646     
   14.0299997       2.2127349401434162     
   14.0400000       2.2055357739941779     
   14.0500002       2.1983601462189557     
   14.0600004       2.1912079792945067     
   14.0699997       2.1840791959557331     
   14.0799999       2.1769737191948111     
   14.0900002       2.1698914722603391     
   14.1000004       2.1628323786564501     
   14.1099997       2.1557963621419605     
   14.1199999       2.1487833467294872     
   14.1300001       2.1417932566846130     
   14.1400003       2.1348260165250053     
   14.1499996       2.1278815510195890     
   14.1599998       2.1209597851876776     
   14.1700001       2.1140606442981293     
   14.1800003       2.1071840538685014     
   14.1899996       2.1003299396642134     
   14.1999998       2.0934982276977094     
   14.2100000       2.0866888442276146     
   14.2200003       2.0799017157579041     
   14.2299995       2.0731367690370783     
   14.2399998       2.0663939310573332     
   14.2500000       2.0596731290537398     
   14.2600002       2.0529742905034047     
   14.2700005       2.0462973431246789     
   14.2799997       2.0396422148763236     
   14.2900000       2.0330088339567030     
   14.3000002       2.0263971288029694     
   14.3100004       2.0198070280902725     
   14.3199997       2.0132384607309226     
   14.3299999       2.0066913558736275     
   14.3400002       2.0001656429026591     
   14.3500004       1.9936612514370931     
   14.3599997       1.9871781113299742     
   14.3699999       1.9807161526675618     
   14.3800001       1.9742753057685161     
   14.3900003       1.9678555011831396     
   14.3999996       1.9614566696925633     
   14.4099998       1.9550787423079921     
   14.4200001       1.9487216502699105     
   14.4300003       1.9423853250473342     
   14.4399996       1.9360696983369956     
   14.4499998       1.9297747020626250     
   14.4600000       1.9235002683741342     
   14.4700003       1.9172463296469024     
   14.4799995       1.9110128184809760     
   14.4899998       1.9047996677003287     
   14.5000000       1.8986068103521010     
   14.5100002       1.8924341797058486     
   14.5200005       1.8862817092527933     
   14.5299997       1.8801493327050725     
   14.5400000       1.8740369839949904     
   14.5500002       1.8679445972742836     
   14.5600004       1.8618721069133790     
   14.5699997       1.8558194475006486     
   14.5799999       1.8497865538416800     
   14.5900002       1.8437733609585480     
   14.6000004       1.8377798040890769     
   14.6099997       1.8318058186861181     
   14.6199999       1.8258513404168175     
   14.6300001       1.8199163051619049     
   14.6400003       1.8140006490149660     
   14.6499996       1.8081043082817292     
   14.6599998       1.8022272194793414     
   14.6700001       1.7963693193356720     
   14.6800003       1.7905305447885826     
   14.6899996       1.7847108329852390     
   14.6999998       1.7789101212813891     
   14.7100000       1.7731283472406734     
   14.7200003       1.7673654486339132     
   14.7299995       1.7616213634384275     
   14.7399998       1.7558960298373210     
   14.7500000       1.7501893862187989     
   14.7600002       1.7445013711754764     
   14.7700005       1.7388319235036995     
   14.7799997       1.7331809822028335     
   14.7900000       1.7275484864746049     
   14.8000002       1.7219343757224042     
   14.8100004       1.7163385895506231     
   14.8199997       1.7107610677639573     
   14.8299999       1.7052017503667476     
   14.8400002       1.6996605775623037     
   14.8500004       1.6941374897522370     
   14.8599997       1.6886324275357816     
   14.8699999       1.6831453317091511     
   14.8800001       1.6776761432648455     
   14.8900003       1.6722248033910296     
   14.8999996       1.6667912534708360     
   14.9099998       1.6613754350817369     
   14.9200001       1.6559772899948730     
   14.9300003       1.6505967601744154     
   14.9399996       1.6452337877769090     
   14.9499998       1.6398883151506241     
   14.9600000       1.6345602848349199     
   14.9700003       1.6292496395595948     
   14.9799995       1.6239563222442437     
   14.9899998       1.6186802759976295     
   15.0000000       1.6134214441170400     
