   0.0000000000000000        0.0000000000000000     
   5.0000000000000003E-002   3.3149869769264893E-002
  0.10000000000000001        6.6118970059297996E-002
  0.15000000000000002        9.8727447264389270E-002
  0.20000000000000001       0.13079790287514334     
  0.25000000000000000       0.16215621883132042     
  0.30000000000000004       0.19263253302878933     
  0.35000000000000003       0.22206218984021378     
  0.40000000000000002       0.25028666003096317     
  0.45000000000000001       0.27715442458738171     
  0.50000000000000000       0.30252181714055221     
  0.55000000000000004       0.32625381986461549     
  0.60000000000000009       0.34822480795401728     
  0.65000000000000002       0.36831923803816341     
  0.70000000000000007       0.38643227617416032     
  0.75000000000000000       0.40247036136786091     
  0.80000000000000004       0.41635170090951262     
  0.85000000000000009       0.42800669417201465     
  0.90000000000000002       0.43737828190622841     
  0.95000000000000007       0.44442221847794733     
   1.0000000000000000       0.44910726492396397     
   1.0500000000000000       0.45141530115909956     
   1.1000000000000001       0.45134135614086335     
   1.1500000000000001       0.44889355529236030     
   1.2000000000000002       0.44409298499578465     
   1.2500000000000000       0.43697347449683172     
   1.3000000000000000       0.42758129610300372     
   1.3500000000000001       0.41597478511422065     
   1.4000000000000001       0.40222388149032245     
   1.4500000000000002       0.38640959583460155     
   1.5000000000000000       0.36862340285275708     
   1.5500000000000000       0.34896656602951992     
   1.6000000000000001       0.32754939784712500     
   1.6500000000000001       0.30449046044672962     
   1.7000000000000002       0.27991571220113159     
   1.7500000000000000       0.25395760621941932     
   1.8000000000000000       0.22675414733547342     
   1.8500000000000001       0.19844791463577302     
   1.9000000000000001       0.16918505705023579     
   1.9500000000000002       0.13911426995456036     
   2.0000000000000000       0.10838576110478357     
   2.0500000000000003        7.7150214534911790E-002
   2.1000000000000001        4.5557761286464118E-002
   2.1499999999999999        1.3756965994198140E-002
   2.2000000000000002       -1.8106161585223657E-002
   2.2500000000000000       -4.9889121055461026E-002
   2.3000000000000003       -8.1453832980578081E-002
   2.3500000000000001      -0.11266749898395471     
   2.4000000000000004      -0.14340340212864311     
   2.4500000000000002      -0.17354163989565796     
   2.5000000000000000      -0.20296978274472591     
   2.5500000000000003      -0.23158345204294023     
   2.6000000000000001      -0.25928681207561988     
   2.6500000000000004      -0.28599297190144390     
   2.7000000000000002      -0.31162429396728480     
   2.7500000000000000      -0.33611260763937273     
   2.8000000000000003      -0.35939932711447409     
   2.8500000000000001      -0.38143547452173565     
   2.9000000000000004      -0.40218161038348588     
   2.9500000000000002      -0.42160767493988294     
   3.0000000000000000      -0.43969274512476642     
   3.0500000000000003      -0.45642471317515909     
   3.1000000000000001      -0.47179989393261207     
   3.1500000000000004      -0.48582256882169172     
   3.2000000000000002      -0.49850447524413521     
   3.2500000000000000      -0.50986425068667385     
   3.3000000000000003      -0.51992684119247889     
   3.3500000000000001      -0.52872288398548672     
   3.4000000000000004      -0.53628807395981148     
   3.4500000000000002      -0.54266252347055943     
   3.5000000000000000      -0.54789012439139451     
   3.5500000000000003      -0.55201792076871892     
   3.6000000000000001      -0.55509549962412885     
   3.6500000000000004      -0.55717440656722328     
   3.7000000000000002      -0.55830759191189228     
   3.7500000000000000      -0.55854889197373636     
   3.8000000000000003      -0.55795254919619075     
   3.8500000000000001      -0.55657277373810732     
   3.9000000000000004      -0.55446334818255549     
   3.9500000000000002      -0.55167727611793471     
   4.0000000000000000      -0.54826647451612831     
   4.0499999999999998      -0.54428150910145567     
   4.1000000000000005      -0.53977137127695707     
   4.1500000000000004      -0.53478329465488628     
   4.2000000000000002      -0.52936260882599651     
   4.2500000000000000      -0.52355262769352773     
   4.2999999999999998      -0.51739456948629758     
   4.3500000000000005      -0.51092750544227750     
   4.4000000000000004      -0.50418833410945230     
   4.4500000000000002      -0.49721177823370766     
   4.5000000000000000      -0.49003040128276465     
   4.5499999999999998      -0.48267464077982741     
   4.6000000000000005      -0.47517285578014001     
   4.6500000000000004      -0.46755138600847318     
   4.7000000000000002      -0.45983462037703693     
   4.7500000000000000      -0.45204507281392919     
   4.8000000000000007      -0.44420346354562773     
   4.8500000000000005      -0.43632880418794184     
   4.9000000000000004      -0.42843848520411731     
   4.9500000000000002      -0.42054836448322069     
   5.0000000000000000      -0.41267285597422687     
   5.0500000000000007      -0.40482501747984123     
   5.1000000000000005      -0.39701663686812771     
   5.1500000000000004      -0.38925831609912009     
   5.2000000000000002      -0.38155955258785929     
   5.2500000000000000      -0.37392881753512636     
   5.3000000000000007      -0.36637363095320913     
   5.3500000000000005      -0.35890063319718107     
   5.4000000000000004      -0.35151565288335351     
   5.4500000000000002      -0.34422377113680414     
   5.5000000000000000      -0.33702938216023376     
   5.5500000000000007      -0.32993625015790295     
   5.6000000000000005      -0.32294756268204788     
   5.6500000000000004      -0.31606598049593376     
   5.7000000000000002      -0.30929368406846791     
   5.7500000000000000      -0.30263241683088282     
   5.8000000000000007      -0.29608352533717264     
   5.8500000000000005      -0.28964799647739786     
   5.9000000000000004      -0.28332649189727216     
   5.9500000000000002      -0.27711937977914980     
   6.0000000000000000      -0.27102676413911359     
   6.0500000000000007      -0.26504851179273498     
   6.1000000000000005      -0.25918427713859277     
   6.1500000000000004      -0.25343352490410631     
   6.2000000000000002      -0.24779555099291548     
   6.2500000000000000      -0.24226950156714891     
   6.3000000000000007      -0.23685439049164655     
   6.3500000000000005      -0.23154911526069027     
   6.4000000000000004      -0.22635247152118387     
   6.4500000000000002      -0.22126316629959480     
   6.5000000000000000      -0.21627983003342710     
   6.5500000000000007      -0.21140102750158260     
   6.6000000000000005      -0.20662526774174975     
   6.6500000000000004      -0.20195101303696203     
   6.7000000000000002      -0.19737668704772668     
   6.7500000000000000      -0.19290068216064898     
   6.8000000000000007      -0.18852136611928652     
   6.8500000000000005      -0.18423708799805702     
   6.9000000000000004      -0.18004618357540647     
   6.9500000000000002      -0.17594698015810220     
   7.0000000000000000      -0.17193780090445632     
   7.0500000000000007      -0.16801696869049146     
   7.1000000000000005      -0.16418280955952755     
   7.1500000000000004      -0.16043365579238150     
   7.2000000000000002      -0.15676784863232196     
   7.2500000000000000      -0.15318374069609542     
   7.3000000000000007      -0.14967969809972423     
   7.3500000000000005      -0.14625410232536093     
   7.4000000000000004      -0.14290535185325573     
   7.4500000000000002      -0.13963186358083457     
   7.5000000000000000      -0.13643207404899793     
   7.5500000000000007      -0.13330444049400630     
   7.6000000000000005      -0.13024744174172040     
   7.6500000000000004      -0.12725957895949561     
   7.7000000000000002      -0.12433937627968135     
   7.7500000000000000      -0.12148538130744115     
   7.8000000000000007      -0.11869616552447741     
   7.8500000000000005      -0.11597032459920754     
   7.9000000000000004      -0.11330647861298969     
   7.9500000000000002      -0.11070327221112834     
   8.0000000000000000      -0.10815937468659773     
   8.0500000000000007      -0.10567348000369473     
   8.0999999999999996      -0.10324430676817180     
   8.1500000000000004      -0.10087059814979657     
   8.2000000000000011       -9.8551121762731675E-002
   8.2500000000000000       -9.6284669508627269E-002
   8.3000000000000007       -9.4070057386858155E-002
   8.3499999999999996       -9.1906125275920569E-002
   8.4000000000000004       -8.9791736689622093E-002
   8.4500000000000011       -8.7725778511351063E-002
   8.5000000000000000       -8.5707160709396338E-002
   8.5500000000000007       -8.3734816035999707E-002
   8.5999999999999996       -8.1807699712562520E-002
   8.6500000000000004       -7.9924789103188926E-002
   8.7000000000000011       -7.8085083378532441E-002
   8.7500000000000000       -7.6287603171715068E-002
   8.8000000000000007       -7.4531390227909611E-002
   8.8499999999999996       -7.2815507049012976E-002
   8.9000000000000004       -7.1139036534690961E-002
   8.9500000000000011       -6.9501081620940569E-002
   9.0000000000000000       -6.7900764917194656E-002
   9.0500000000000007       -6.6337228342883220E-002
   9.0999999999999996       -6.4809632764265102E-002
   9.1500000000000004       -6.3317157632254206E-002
   9.2000000000000011       -6.1859000621880683E-002
   9.2500000000000000       -6.0434377273954704E-002
   9.3000000000000007       -5.9042520639431613E-002
   9.3499999999999996       -5.7682680926917057E-002
   9.4000000000000004       -5.6354125153695520E-002
   9.4500000000000011       -5.5056136800615454E-002
   9.5000000000000000       -5.3788015471119735E-002
   9.5500000000000007       -5.2549076554669040E-002
   9.6000000000000014       -5.1338650894769307E-002
   9.6500000000000004       -5.0156084461781852E-002
   9.7000000000000011       -4.9000738030664077E-002
   9.7500000000000000       -4.7871986863762740E-002
   9.8000000000000007       -4.6769220398757749E-002
   9.8500000000000014       -4.5691841941832075E-002
   9.9000000000000004       -4.4639268366125126E-002
   9.9500000000000011       -4.3610929815508917E-002
   10.000000000000000       -4.2606269413710957E-002
   10.050000000000001       -4.1624742978794468E-002
   10.100000000000001       -4.0665818742993680E-002
   10.150000000000000       -3.9728977077891338E-002
   10.200000000000001       -3.8813710224916018E-002
   10.250000000000000       -3.7919522031127806E-002
   10.300000000000001       -3.7045927690254006E-002
   10.350000000000001       -3.6192453488929334E-002
   10.400000000000000       -3.5358636558089608E-002
   10.450000000000001       -3.4544024629462898E-002
   10.500000000000000       -3.3748175797097511E-002
   10.550000000000001       -3.2970658283862753E-002
   10.600000000000001       -3.2211050212854801E-002
   10.650000000000000       -3.1468939383637845E-002
   10.700000000000001       -3.0743923053247881E-002
   10.750000000000000       -3.0035607721884957E-002
   10.800000000000001       -2.9343608923218280E-002
   10.850000000000001       -2.8667551019226998E-002
   10.900000000000000       -2.8007066999499109E-002
   10.950000000000001       -2.7361798284909981E-002
   11.000000000000000       -2.6731394535601659E-002
   11.050000000000001       -2.6115513463184033E-002
   11.100000000000001       -2.5513820647078803E-002
   11.150000000000000       -2.4925989354927569E-002
   11.200000000000001       -2.4351700366985352E-002
   11.250000000000000       -2.3790641804421659E-002
   11.300000000000001       -2.3242508961451455E-002
   11.350000000000001       -2.2707004141219289E-002
   11.400000000000000       -2.2183836495360404E-002
   11.450000000000001       -2.1672721867163569E-002
   11.500000000000000       -2.1173382638261164E-002
   11.550000000000001       -2.0685547578773170E-002
   11.600000000000001       -2.0208951700832388E-002
   11.650000000000000       -1.9743336115419664E-002
   11.700000000000001       -1.9288447892438530E-002
   11.750000000000000       -1.8844039923960082E-002
   11.800000000000001       -1.8409870790569851E-002
   11.850000000000001       -1.7985704630749617E-002
   11.900000000000000       -1.7571311013228317E-002
   11.950000000000001       -1.7166464812237228E-002
   12.000000000000000       -1.6770946085605816E-002
   12.050000000000001       -1.6384539955635935E-002
   12.100000000000001       -1.6007036492693014E-002
   12.150000000000000       -1.5638230601454122E-002
   12.200000000000001       -1.5277921909754114E-002
   12.250000000000000       -1.4925914659971841E-002
   12.300000000000001       -1.4582017602900029E-002
   12.350000000000001       -1.4246043894043091E-002
   12.400000000000000       -1.3917810992288700E-002
   12.450000000000001       -1.3597140560899654E-002
   12.500000000000000       -1.3283858370773984E-002
   12.550000000000001       -1.2977794205922214E-002
   12.600000000000001       -1.2678781771111690E-002
   12.650000000000000       -1.2386658601629047E-002
   12.700000000000001       -1.2101265975112935E-002
   12.750000000000000       -1.1822448825410043E-002
   12.800000000000001       -1.1550055658408600E-002
   12.850000000000001       -1.1283938469804369E-002
   12.900000000000000       -1.1023952664755322E-002
   12.950000000000001       -1.0769956979381917E-002
   13.000000000000000       -1.0521813404071044E-002
   13.050000000000001       -1.0279387108542494E-002
   13.100000000000001       -1.0042546368637752E-002
   13.150000000000000       -9.8111624947918256E-003
   13.200000000000001       -9.5851097621496763E-003
   13.250000000000000       -9.3642653422896533E-003
   13.300000000000001       -9.1485092365171852E-003
   13.350000000000001       -8.9377242106928392E-003
   13.400000000000000       -8.7317957315596016E-003
   13.450000000000001       -8.5306119045350567E-003
   13.500000000000000       -8.3340634129349042E-003
   13.550000000000001       -8.1420434585950247E-003
   13.600000000000001       -7.9544477038600205E-003
   13.650000000000000       -7.7711742149068810E-003
   13.700000000000001       -7.5921234063731861E-003
   13.750000000000000       -7.4171979872598541E-003
   13.800000000000001       -7.2463029080792191E-003
   13.850000000000001       -7.0793453092198363E-003
   13.900000000000000       -6.9162344705000645E-003
   13.950000000000001       -6.7568817618831219E-003
   14.000000000000000       -6.6012005953269230E-003
   14.050000000000001       -6.4491063777426432E-003
   14.100000000000001       -6.3005164650364954E-003
   14.150000000000000       -6.1553501172098369E-003
   14.200000000000001       -6.0135284544932744E-003
   14.250000000000000       -5.8749744144909900E-003
   14.300000000000001       -5.7396127103120278E-003
   14.350000000000001       -5.6073697896658866E-003
   14.400000000000000       -5.4781737949002101E-003
   14.450000000000001       -5.3519545239588797E-003
   14.500000000000000       -5.2286433922393780E-003
   14.550000000000001       -5.1081733953287035E-003
   14.600000000000001       -4.9904790725976110E-003
   14.650000000000000       -4.8754964716334441E-003
   14.700000000000001       -4.7631631134922503E-003
   14.750000000000000       -4.6534179587513023E-003
   14.800000000000001       -4.5462013743436443E-003
   14.850000000000001       -4.4414551011566009E-003
   14.900000000000000       -4.3391222223767125E-003
   14.950000000000001       -4.2391471325638969E-003
   15.000000000000000       -4.1414755074380121E-003
   15.050000000000001       -4.0460542743614722E-003
   15.100000000000001       -3.9528315835018505E-003
   15.150000000000000       -3.8617567796588224E-003
   15.200000000000001       -3.7727803747401498E-003
   15.250000000000000       -3.6858540208717606E-003
   15.300000000000001       -3.6009304841273177E-003
   15.350000000000001       -3.5179636188630088E-003
   15.400000000000000       -3.4369083426436151E-003
   15.450000000000001       -3.3577206117462602E-003
   15.500000000000000       -3.2803573972284977E-003
   15.550000000000001       -3.2047766615477800E-003
   15.600000000000001       -3.1309373357195701E-003
   15.650000000000000       -3.0587992970017154E-003
   15.700000000000001       -2.9883233470929548E-003
   15.750000000000000       -2.9194711908337007E-003
   15.800000000000001       -2.8522054153975549E-003
   15.850000000000001       -2.7864894699622259E-003
   15.900000000000000       -2.7222876458488175E-003
   15.950000000000001       -2.6595650571187048E-003
   16.000000000000000       -2.5982876216174345E-003
   16.050000000000001       -2.5384220424553845E-003
   16.100000000000001       -2.4799357899150838E-003
   16.150000000000002       -2.4227970837753937E-003
   16.199999999999999       -2.3669748760429313E-003
   16.250000000000000       -2.3124388340813600E-003
   16.300000000000001       -2.2591593241293702E-003
   16.350000000000001       -2.2071073951984155E-003
   16.400000000000002       -2.1562547633414350E-003
   16.449999999999999       -2.1065737962840253E-003
   16.500000000000000       -2.0580374984097084E-003
   16.550000000000001       -2.0106194960911416E-003
   16.600000000000001       -1.9642940233592977E-003
   16.650000000000002       -1.9190359079028203E-003
   16.699999999999999       -1.8748205573899672E-003
   16.750000000000000       -1.8316239461056870E-003
   16.800000000000001       -1.7894226018965824E-003
   16.850000000000001       -1.7481935934166670E-003
   16.900000000000002       -1.7079145176669736E-003
   16.949999999999999       -1.6685634878222616E-003
   17.000000000000000       -1.6301191213381942E-003
   17.050000000000001       -1.5925605283325260E-003
   17.100000000000001       -1.5558673002339977E-003
   17.150000000000002       -1.5200194986927569E-003
   17.199999999999999       -1.4849976447462881E-003
   17.250000000000000       -1.4507827082349603E-003
   17.300000000000001       -1.4173560974614465E-003
   17.350000000000001       -1.3846996490883912E-003
   17.400000000000002       -1.3527956182688356E-003
   17.449999999999999       -1.3216266690040466E-003
   17.500000000000000       -1.2911758647234988E-003
   17.550000000000001       -1.2614266590819014E-003
   17.600000000000001       -1.2323628869682580E-003
   17.650000000000002       -1.2039687557220864E-003
   17.699999999999999       -1.1762288365520189E-003
   17.750000000000000       -1.1491280561521172E-003
   17.800000000000001       -1.1226516885113518E-003
   17.850000000000001       -1.0967853469117969E-003
   17.900000000000002       -1.0715149761111838E-003
   17.949999999999999       -1.0468268447055772E-003
   18.000000000000000       -1.0227075376680137E-003
   18.050000000000001       -9.9914394905905365E-004
   18.100000000000001       -9.7612327490528372E-004
   18.150000000000002       -9.5363300624190571E-004
   18.199999999999999       -9.3166092231562010E-004
   18.250000000000000       -9.1019508394412339E-004
   18.300000000000001       -8.8922382702859998E-004
   18.350000000000001       -8.6873575621569286E-004
   18.400000000000002       -8.4871973870550297E-004
   18.449999999999999       -8.2916489820225386E-004
   18.500000000000000       -8.1006060900433723E-004
   18.550000000000001       -7.9139649023052456E-004
   18.600000000000001       -7.7316240017920865E-004
   18.650000000000002       -7.5534843081761225E-004
   18.699999999999999       -7.3794490239796531E-004
   18.750000000000000       -7.2094235819772942E-004
   18.800000000000001       -7.0433155938100754E-004
   18.850000000000001       -6.8810347997835071E-004
   18.900000000000002       -6.7224930198223065E-004
   18.949999999999999       -6.5676041055551498E-004
   19.000000000000000       -6.4162838935034135E-004
   19.050000000000001       -6.2684501593484611E-004
   19.100000000000001       -6.1240225732526305E-004
   19.150000000000002       -5.9829226562096343E-004
   19.200000000000003       -5.8450737374006868E-004
   19.250000000000000       -5.7104009125331381E-004
   19.300000000000001       -5.5788310031390173E-004
   19.350000000000001       -5.4502925168113442E-004
   19.400000000000002       -5.3247156083566151E-004
   19.450000000000003       -5.2020320418423572E-004
   19.500000000000000       -5.0821751535191115E-004
   19.550000000000001       -4.9650798155967163E-004
   19.600000000000001       -4.8506824008551891E-004
   19.650000000000002       -4.7389207480710036E-004
   19.700000000000003       -4.6297341282399411E-004
   19.750000000000000       -4.5230632115781917E-004
   19.800000000000001       -4.4188500352837658E-004
   19.850000000000001       -4.3170379720406808E-004
   19.900000000000002       -4.2175716992488399E-004
   19.950000000000003       -4.1203971689628577E-004
   20.000000000000000       -4.0254615785235092E-004
   20.050000000000001       -3.9327133418658422E-004
   20.100000000000001       -3.8421020614883635E-004
   20.150000000000002       -3.7535785010680618E-004
   20.200000000000003       -3.6670945587063953E-004
   20.250000000000000       -3.5826032407916986E-004
   20.300000000000001       -3.5000586364638202E-004
   20.350000000000001       -3.4194158926670852E-004
   20.400000000000002       -3.3406311897780705E-004
   20.450000000000003       -3.2636617177949105E-004
   20.500000000000000       -3.1884656530752113E-004
   20.550000000000001       -3.1150021356099455E-004
   20.600000000000001       -3.0432312468209468E-004
   20.650000000000002       -2.9731139878699716E-004
   20.700000000000003       -2.9046122584675313E-004
   20.750000000000000       -2.8376888361699608E-004
   20.800000000000001       -2.7723073561535097E-004
   20.850000000000001       -2.7084322914544388E-004
   20.900000000000002       -2.6460289336643867E-004
   20.950000000000003       -2.5850633740705302E-004
   21.000000000000000       -2.5255024852302853E-004
   21.050000000000001       -2.4673139029705225E-004
   21.100000000000001       -2.4104660088015441E-004
   21.150000000000002       -2.3549279127362314E-004
   21.200000000000003       -2.3006694365050641E-004
   21.250000000000000       -2.2476610971578577E-004
   21.300000000000001       -2.1958740910433329E-004
   21.350000000000001       -2.1452802781577973E-004
   21.400000000000002       -2.0958521668544395E-004
   21.450000000000003       -2.0475628989049318E-004
   21.500000000000000       -2.0003862349052140E-004
   21.550000000000001       -1.9542965400175366E-004
   21.600000000000001       -1.9092687700410135E-004
   21.650000000000002       -1.8652784578031102E-004
   21.700000000000003       -1.8223016998646877E-004
   21.750000000000000       -1.7803151435313519E-004
   21.800000000000001       -1.7392959741640849E-004
   21.850000000000001       -1.6992219027822271E-004
   21.900000000000002       -1.6600711539521034E-004
   21.950000000000003       -1.6218224539546960E-004
   22.000000000000000       -1.5844550192259391E-004
   22.050000000000001       -1.5479485450633536E-004
   22.100000000000001       -1.5122831945928847E-004
   22.150000000000002       -1.4774395879899494E-004
   22.200000000000003       -1.4433987919488356E-004
   22.250000000000000       -1.4101423093947296E-004
   22.300000000000001       -1.3776520694327803E-004
   22.350000000000001       -1.3459104175287464E-004
   22.400000000000002       -1.3149001059158799E-004
   22.450000000000003       -1.2846042842228441E-004
   22.500000000000000       -1.2550064903175609E-004
   22.550000000000001       -1.2260906413620281E-004
   22.600000000000001       -1.1978410250732296E-004
   22.650000000000002       -1.1702422911854026E-004
   22.700000000000003       -1.1432794431090168E-004
   22.750000000000000       -1.1169378297819319E-004
   22.800000000000001       -1.0912031377083101E-004
   22.850000000000001       -1.0660613831809523E-004
   22.900000000000002       -1.0414989046828392E-004
   22.950000000000003       -1.0175023554637394E-004
   23.000000000000000       -9.9405869628785854E-005
   23.050000000000001       -9.7115518834858317E-005
   23.100000000000001       -9.4877938634647377E-005
   23.150000000000002       -9.2691913172674234E-005
   23.200000000000003       -9.0556254607254162E-005
   23.250000000000000       -8.8469802465047492E-005
   23.300000000000001       -8.6431423010482260E-005
   23.350000000000001       -8.4440008629705049E-005
   23.400000000000002       -8.2494477228726439E-005
   23.450000000000003       -8.0593771645433185E-005
   23.500000000000000       -7.8736859075147783E-005
   23.550000000000001       -7.6922730509423521E-005
   23.600000000000001       -7.5150400187769801E-005
   23.650000000000002       -7.3418905062009977E-005
   23.700000000000003       -7.1727304272980753E-005
   23.750000000000000       -7.0074678639288151E-005
   23.800000000000001       -6.8460130157843493E-005
   23.850000000000001       -6.6882781515906488E-005
   23.900000000000002       -6.5341775614371540E-005
   23.950000000000003       -6.3836275102037508E-005
   24.000000000000000       -6.2365461920608158E-005
   24.050000000000001       -6.0928536860175947E-005
   24.100000000000001       -5.9524719124947614E-005
   24.150000000000002       -5.8153245908975722E-005
   24.200000000000003       -5.6813371981665380E-005
   24.250000000000000       -5.5504369282831144E-005
   24.300000000000001       -5.4225526527084048E-005
   24.350000000000001       -5.2976148817333445E-005
   24.400000000000002       -5.1755557267194245E-005
   24.450000000000003       -5.0563088632093774E-005
   24.500000000000000       -4.9398094948878313E-005
   24.550000000000001       -4.8259943183722998E-005
   24.600000000000001       -4.7148014888154223E-005
   24.650000000000002       -4.6061705862997323E-005
   24.700000000000003       -4.5000425830067073E-005
   24.750000000000000       -4.3963598111422476E-005
   24.800000000000001       -4.2950659316011841E-005
   24.850000000000001       -4.1961059033537472E-005
   24.900000000000002       -4.0994259535373960E-005
   24.950000000000003       -4.0049735482377402E-005
   25.000000000000000       -3.9126973639426845E-005
   25.050000000000001       -3.8225472596542752E-005
   25.100000000000001       -3.7344742496431045E-005
   25.150000000000002       -3.6484304768304626E-005
   25.200000000000003       -3.5643691867837805E-005
   25.250000000000000       -3.4822447023112164E-005
   25.300000000000001       -3.4020123986416114E-005
   25.350000000000001       -3.3236286791762869E-005
   25.400000000000002       -3.2470509517995482E-005
   25.450000000000003       -3.1722376057349979E-005
   25.500000000000000       -3.0991479889350793E-005
   25.550000000000001       -3.0277423859915972E-005
   25.600000000000001       -2.9579819965551572E-005
   25.650000000000002       -2.8898289142518610E-005
   25.700000000000003       -2.8232461060857458E-005
   25.750000000000000       -2.7581973923158154E-005
   25.800000000000001       -2.6946474267967014E-005
   25.850000000000001       -2.6325616777722929E-005
   25.900000000000002       -2.5719064091118791E-005
   25.950000000000003       -2.5126486619786268E-005
   26.000000000000000       -2.4547562369204184E-005
   26.050000000000001       -2.3981976763733277E-005
   26.100000000000001       -2.3429422475682190E-005
   26.150000000000002       -2.2889599258311865E-005
   26.200000000000003       -2.2362213782687615E-005
   26.250000000000000       -2.1846979478290108E-005
   26.300000000000001       -2.1343616377298833E-005
   26.350000000000001       -2.0851850962463273E-005
   26.400000000000002       -2.0371416018479210E-005
   26.450000000000003       -1.9902050486789351E-005
   26.500000000000000       -1.9443499323729475E-005
   26.550000000000001       -1.8995513361942860E-005
   26.600000000000001       -1.8557849174987847E-005
   26.650000000000002       -1.8130268945064858E-005
   26.700000000000003       -1.7712540333791046E-005
   26.750000000000000       -1.7304436355952371E-005
   26.800000000000001       -1.6905735256164446E-005
   26.850000000000001       -1.6516220388375199E-005
   26.900000000000002       -1.6135680098143801E-005
   26.950000000000003       -1.5763907607631965E-005
   27.000000000000000       -1.5400700903245076E-005
   27.050000000000001       -1.5045862625862149E-005
   27.100000000000001       -1.4699199963594859E-005
   27.150000000000002       -1.4360524547017541E-005
   27.200000000000003       -1.4029652346811034E-005
   27.250000000000000       -1.3706403573764943E-005
   27.300000000000001       -1.3390602581083811E-005
   27.350000000000001       -1.3082077768944251E-005
   27.400000000000002       -1.2780661491251101E-005
   27.450000000000003       -1.2486189964541932E-005
   27.500000000000000       -1.2198503178990474E-005
   27.550000000000001       -1.1917444811460524E-005
   27.600000000000001       -1.1642862140563142E-005
   27.650000000000002       -1.1374605963670976E-005
   27.700000000000003       -1.1112530515844569E-005
   27.750000000000000       -1.0856493390626677E-005
   27.800000000000001       -1.0606355462661504E-005
   27.850000000000001       -1.0361980812096818E-005
   27.900000000000002       -1.0123236650727863E-005
   27.950000000000003       -9.8899932498429652E-006
   28.000000000000000       -9.6621238697315954E-006
   28.050000000000001       -9.4395046908165913E-006
   28.100000000000001       -9.2220147463731111E-006
   28.150000000000002       -9.0095358567977987E-006
   28.200000000000003       -8.8019525653923901E-006
   28.250000000000000       -8.5991520756268871E-006
   28.300000000000001       -8.4010241898482375E-006
   28.350000000000001       -8.2074612494011609E-006
   28.400000000000002       -8.0183580761286373E-006
   28.450000000000003       -7.8336119152202421E-006
   28.500000000000000       -7.6531223793772698E-006
   28.550000000000001       -7.4767913942643285E-006
   28.600000000000001       -7.3045231452177397E-006
   28.650000000000002       -7.1362240251818044E-006
   28.700000000000003       -6.9718025838446355E-006
   28.750000000000000       -6.8111694779459302E-006
   28.800000000000001       -6.6542374227296496E-006
   28.850000000000001       -6.5009211445152683E-006
   28.900000000000002       -6.3511373343617993E-006
   28.950000000000003       -6.2048046027994016E-006
   29.000000000000000       -6.0618434356040127E-006
   29.050000000000001       -5.9221761505909333E-006
   29.100000000000001       -5.7857268554039111E-006
   29.150000000000002       -5.6524214062767818E-006
   29.200000000000003       -5.5221873677452635E-006
   29.250000000000000       -5.3949539732869890E-006
   29.300000000000001       -5.2706520868684326E-006
   29.350000000000001       -5.1492141653777913E-006
   29.400000000000002       -5.0305742219234372E-006
   29.450000000000003       -4.9146677899779831E-006
   29.500000000000000       -4.8014318883484888E-006
   29.550000000000001       -4.6908049869537601E-006
   29.600000000000001       -4.5827269733901600E-006
   29.650000000000002       -4.4771391202677491E-006
   29.700000000000003       -4.3739840532990285E-006
   29.750000000000000       -4.2732057201229066E-006
   29.800000000000001       -4.1747493598470067E-006
   29.850000000000001       -4.0785614732916992E-006
   29.900000000000002       -3.9845897939197394E-006
   29.950000000000003       -3.8927832594357059E-006
   30.000000000000000       -3.8030919840397798E-006
   30.050000000000001       -3.7154672313208223E-006
   30.100000000000001       -3.6298613877740009E-006
   30.150000000000002       -3.5462279369285842E-006
   30.200000000000003       -3.4645214340718344E-006
   30.250000000000000       -3.3846974815552814E-006
   30.300000000000001       -3.3067127046699433E-006
   30.350000000000001       -3.2305247280773931E-006
   30.400000000000002       -3.1560921527838634E-006
   30.450000000000003       -3.0833745336448786E-006
   30.500000000000000       -3.0123323573881875E-006
   30.550000000000001       -2.9429270211430532E-006
   30.600000000000001       -2.8751208114642448E-006
   30.650000000000002       -2.8088768838393148E-006
   30.700000000000003       -2.7441592426680452E-006
   30.750000000000000       -2.6809327217031729E-006
   30.800000000000001       -2.6191629649417636E-006
   30.850000000000001       -2.5588164079568633E-006
   30.900000000000002       -2.4998602596592715E-006
   30.950000000000003       -2.4422624844795305E-006
   31.000000000000000       -2.3859917849604553E-006
   31.050000000000001       -2.3310175847507245E-006
   31.100000000000001       -2.2773100119903198E-006
   31.150000000000002       -2.2248398830787667E-006
   31.200000000000003       -2.1735786868173569E-006
   31.250000000000000       -2.1234985689167471E-006
   31.300000000000001       -2.0745723168615066E-006
   31.350000000000001       -2.0267733451233852E-006
   31.400000000000002       -1.9800756807152869E-006
   31.450000000000003       -1.9344539490780719E-006
   31.500000000000000       -1.8898833602925409E-006
   31.550000000000001       -1.8463396956090992E-006
   31.600000000000001       -1.8037992942877788E-006
   31.650000000000002       -1.7622390407414763E-006
   31.700000000000003       -1.7216363519754143E-006
   31.750000000000000       -1.6819691653160020E-006
   31.800000000000001       -1.6432159264224267E-006
   31.850000000000001       -1.6053555775744671E-006
   31.900000000000002       -1.5683675462301536E-006
   31.950000000000003       -1.5322317338470718E-006
   32.000000000000000       -1.4969285049612224E-006
   32.050000000000004       -1.4624386765175095E-006
   32.100000000000001       -1.4287435074460606E-006
   32.149999999999999       -1.3958246884787115E-006
   32.200000000000003       -1.3636643322001221E-006
   32.250000000000000       -1.3322449633281195E-006
   32.300000000000004       -1.3015495092179872E-006
   32.350000000000001       -1.2715612905855350E-006
   32.399999999999999       -1.2422640124439196E-006
   32.450000000000003       -1.2136417552492795E-006
   32.500000000000000       -1.1856789662503764E-006
   32.550000000000004       -1.1583604510375515E-006
   32.600000000000001       -1.1316713652863908E-006
   32.649999999999999       -1.1055972066916211E-006
   32.700000000000003       -1.0801238070868555E-006
   32.750000000000000       -1.0552373247458965E-006
   32.800000000000004       -1.0309242368614283E-006
   32.850000000000001       -1.0071713321969958E-006
   32.899999999999999       -9.8396570390828891E-007
   32.950000000000003       -9.6129474252982821E-007
   33.000000000000000       -9.3914612912323427E-007
   33.050000000000004       -9.1750782858337300E-007
   33.100000000000001       -8.9636808309871921E-007
   33.149999999999999       -8.7571540576240622E-007
   33.200000000000003       -8.5553857433047135E-007
   33.250000000000000       -8.3582662512391925E-007
   33.300000000000004       -8.1656884707128133E-007
   33.350000000000001       -7.9775477588843768E-007
   33.399999999999999       -7.7937418839253928E-007
   33.450000000000003       -7.6141709694693805E-007
   33.500000000000000       -7.4387374403410857E-007
   33.550000000000004       -7.2673459695361234E-007
   33.600000000000001       -7.0999034264222185E-007
   33.649999999999999       -6.9363188261339304E-007
   33.700000000000003       -6.7765032801333252E-007
   33.750000000000000       -6.6203699479097474E-007
   33.800000000000004       -6.4678339897924761E-007
   33.850000000000001       -6.3188125208505545E-007
   33.899999999999999       -6.1732245658548245E-007
   33.950000000000003       -6.0309910152776337E-007
   34.000000000000000       -5.8920345823063167E-007
   34.050000000000004       -5.7562797608471387E-007
   34.100000000000001       -5.6236527844968031E-007
   34.149999999999999       -5.4940815864593084E-007
   34.200000000000003       -5.3674957603863056E-007
   34.250000000000000       -5.2438265221197325E-007
   34.300000000000004       -5.1230066723158965E-007
   34.350000000000001       -5.0049705599307246E-007
   34.399999999999999       -4.8896540465463330E-007
   34.450000000000003       -4.7769944715194998E-007
   34.500000000000000       -4.6669306179331623E-007
   34.550000000000004       -4.5594026793323883E-007
   34.600000000000001       -4.4543522272267642E-007
   34.649999999999999       -4.3517221793415467E-007
   34.700000000000003       -4.2514567686003215E-007
   34.750000000000000       -4.1535015128223026E-007
   34.800000000000004       -4.0578031851178341E-007
   34.850000000000001       -3.9643097849659753E-007
   34.899999999999999       -3.8729705099584819E-007
   34.950000000000003       -3.7837357281948167E-007
   35.000000000000000       -3.6965569513131731E-007
   35.050000000000004       -3.6113868081429035E-007
   35.100000000000001       -3.5281790189639772E-007
   35.149999999999999       -3.4468883703595360E-007
   35.200000000000003       -3.3674706906478325E-007
   35.250000000000000       -3.2898828258802462E-007
   35.300000000000004       -3.2140826163923084E-007
   35.350000000000001       -3.1400288738949923E-007
   35.399999999999999       -3.0676813590938431E-007
   35.450000000000003       -2.9970007598237655E-007
   35.500000000000000       -2.9279486696875861E-007
   35.550000000000004       -2.8604875671868108E-007
   35.600000000000001       -2.7945807953331996E-007
   35.649999999999999       -2.7301925417301097E-007
   35.700000000000003       -2.6672878191127709E-007
   35.750000000000000       -2.6058324463369095E-007
   35.800000000000004       -2.5457930298054255E-007
   35.850000000000001       -2.4871369453229781E-007
   35.899999999999999       -2.4298323203686742E-007
   35.950000000000003       -2.3738480167771850E-007
   36.000000000000000       -2.3191536138189003E-007
   36.050000000000004       -2.2657193916699261E-007
   36.100000000000001       -2.2135163152629391E-007
   36.149999999999999       -2.1625160185101197E-007
   36.200000000000003       -2.1126907888896013E-007
   36.250000000000000       -2.0640135523870470E-007
   36.300000000000004       -2.0164578587841855E-007
   36.350000000000001       -1.9699978672862997E-007
   36.399999999999999       -1.9246083324808655E-007
   36.450000000000003       -1.8802645906197112E-007
   36.500000000000000       -1.8369425462172361E-007
   36.550000000000004       -1.7946186589574167E-007
   36.600000000000001       -1.7532699309024786E-007
   36.649999999999999       -1.7128738939962853E-007
   36.700000000000003       -1.6734085978556555E-007
   36.750000000000000       -1.6348525978429695E-007
   36.800000000000004       -1.5971849434135941E-007
   36.850000000000001       -1.5603851667317793E-007
   36.899999999999999       -1.5244332715488580E-007
   36.950000000000003       -1.4893097223376892E-007
   37.000000000000000       -1.4549954336774503E-007
   37.050000000000004       -1.4214717598830100E-007
   37.100000000000001       -1.3887204848732414E-007
   37.149999999999999       -1.3567238122727774E-007
   37.200000000000003       -1.3254643557418203E-007
   37.250000000000000       -1.2949251295287592E-007
   37.300000000000004       -1.2650895392404616E-007
   37.350000000000001       -1.2359413728252142E-007
   37.399999999999999       -1.2074647917634276E-007
   37.450000000000003       -1.1796443224613078E-007
   37.500000000000000       -1.1524648478428167E-007
   37.550000000000004       -1.1259115991353668E-007
   37.600000000000001       -1.0999701478447657E-007
   37.649999999999999       -1.0746263979150704E-007
   37.700000000000003       -1.0498665780690755E-007
   37.750000000000000       -1.0256772343252825E-007
   37.800000000000004       -1.0020452226872814E-007
   37.850000000000001       -9.7895770200156881E-008
   37.899999999999999       -9.5640212697992924E-008
   37.950000000000003       -9.3436624138257883E-008
   38.000000000000000       -9.1283807135837668E-008
   38.050000000000004       -8.9180591893847619E-008
   38.100000000000001       -8.7125835567988828E-008
   38.149999999999999       -8.5118421645549829E-008
   38.200000000000003       -8.3157259338716427E-008
   38.250000000000000       -8.1241282991859524E-008
   38.300000000000004       -7.9369451502479991E-008
   38.350000000000001       -7.7540747755494482E-008
   38.400000000000006       -7.5754178070555927E-008
   38.450000000000003       -7.4008771662107908E-008
   38.500000000000000       -7.2303580111879508E-008
   38.550000000000004       -7.0637676853534219E-008
   38.600000000000001       -6.9010156669192614E-008
   38.650000000000006       -6.7420135197555431E-008
   38.700000000000003       -6.5866748453359710E-008
   38.750000000000000       -6.4349152357906729E-008
   38.800000000000004       -6.2866522280406872E-008
   38.850000000000001       -6.1418052589892066E-008
   38.900000000000006       -6.0002956217452373E-008
   38.950000000000003       -5.8620464228558732E-008
   39.000000000000000       -5.7269825405239584E-008
   39.050000000000004       -5.5950305837884451E-008
   39.100000000000001       -5.4661188526452261E-008
   39.150000000000006       -5.3401772990868265E-008
   39.200000000000003       -5.2171374890397340E-008
   39.250000000000000       -5.0969325651787253E-008
   39.300000000000004       -4.9794972105979579E-008
   39.350000000000001       -4.8647676133190858E-008
   39.400000000000006       -4.7526814316171465E-008
   39.450000000000003       -4.6431777601453168E-008
   39.500000000000000       -4.5361970968402131E-008
   39.550000000000004       -4.4316813105896637E-008
   39.600000000000001       -4.3295736096454568E-008
   39.650000000000006       -4.2298185107638580E-008
   39.700000000000003       -4.1323618090571457E-008
   39.750000000000000       -4.0371505485397839E-008
   39.800000000000004       -3.9441329933532195E-008
   39.850000000000001       -3.8532585996536620E-008
   39.900000000000006       -3.7644779881476003E-008
   39.950000000000003       -3.6777429172600923E-008
   40.000000000000000       -3.5930062569212849E-008
   40.050000000000004       -3.5102219629568864E-008
   40.100000000000001       -3.4293450520687001E-008
   40.150000000000006       -3.3503315773916279E-008
   40.200000000000003       -3.2731386046138250E-008
   40.250000000000000       -3.1977241886470818E-008
   40.300000000000004       -3.1240473508347104E-008
   40.350000000000001       -3.0520680566845787E-008
   40.400000000000006       -2.9817471941151870E-008
   40.450000000000003       -2.9130465522029565E-008
   40.500000000000000       -2.8459288004191942E-008
   40.550000000000004       -2.7803574683454433E-008
   40.600000000000001       -2.7162969258562005E-008
   40.650000000000006       -2.6537123637582340E-008
   40.700000000000003       -2.5925697748759751E-008
   40.750000000000000       -2.5328359355727125E-008
   40.800000000000004       -2.4744783876975494E-008
   40.850000000000001       -2.4174654209482963E-008
   40.900000000000006       -2.3617660556407513E-008
   40.950000000000003       -2.3073500258749591E-008
   41.000000000000000       -2.2541877630893474E-008
   41.050000000000004       -2.2022503799937666E-008
   41.100000000000001       -2.1515096548727285E-008
   41.150000000000006       -2.1019380162503003E-008
   41.200000000000003       -2.0535085279083260E-008
   41.250000000000000       -2.0061948742498359E-008
   41.300000000000004       -1.9599713459996854E-008
   41.350000000000001       -1.9148128262346609E-008
   41.400000000000006       -1.8706947767354543E-008
   41.450000000000003       -1.8275932246530957E-008
   41.500000000000000       -1.7854847494825945E-008
   41.550000000000004       -1.7443464703367161E-008
   41.600000000000001       -1.7041560335129711E-008
   41.650000000000006       -1.6648916003470726E-008
   41.700000000000003       -1.6265318353462490E-008
   41.750000000000000       -1.5890558945959713E-008
   41.800000000000004       -1.5524434144337988E-008
   41.850000000000001       -1.5166745003841732E-008
   41.900000000000006       -1.4817297163481736E-008
   41.950000000000003       -1.4475900740423291E-008
   42.000000000000000       -1.4142370226807786E-008
   42.050000000000004       -1.3816524388951494E-008
   42.100000000000001       -1.3498186168866862E-008
   42.150000000000006       -1.3187182588052850E-008
   42.200000000000003       -1.2883344653501904E-008
   42.250000000000000       -1.2586507265872618E-008
   42.300000000000004       -1.2296509129778118E-008
   42.350000000000001       -1.2013192666141418E-008
   42.400000000000006       -1.1736403926570181E-008
   42.450000000000003       -1.1465992509704284E-008
   42.500000000000000       -1.1201811479490801E-008
   42.550000000000004       -1.0943717285341932E-008
   42.600000000000001       -1.0691569684132546E-008
   42.650000000000006       -1.0445231663994917E-008
   42.700000000000003       -1.0204569369869287E-008
   42.750000000000000       -9.9694520307697407E-009
   42.800000000000004       -9.7397518887258990E-009
   42.850000000000001       -9.5153441293618793E-009
   42.900000000000006       -9.2961068140746819E-009
   42.950000000000003       -9.0819208137752450E-009
   43.000000000000000       -8.8726697441561254E-009
   43.050000000000004       -8.6682399024506357E-009
   43.100000000000001       -8.4685202056490816E-009
   43.150000000000006       -8.2734021301385140E-009
   43.200000000000003       -8.0827796527332152E-009
   43.250000000000000       -7.8965491930638570E-009
   43.300000000000004       -7.7146095572940360E-009
   43.350000000000001       -7.5368618831336142E-009
   43.400000000000006       -7.3632095861189590E-009
   43.450000000000003       -7.1935583071309086E-009
   43.500000000000000       -7.0278158611219646E-009
   43.550000000000004       -6.8658921870248023E-009
   43.600000000000001       -6.7076992988149253E-009
   43.650000000000006       -6.5531512377008610E-009
   43.700000000000003       -6.4021640254158913E-009
   43.750000000000000       -6.2546556185859880E-009
   43.800000000000004       -6.1105458641491073E-009
   43.850000000000001       -5.9697564558016496E-009
   43.900000000000006       -5.8322108914484140E-009
   43.950000000000003       -5.6978344316329112E-009
   44.000000000000000       -5.5665540589254778E-009
   44.050000000000004       -5.4382984382470825E-009
   44.100000000000001       -5.3129978781073006E-009
   44.150000000000006       -5.1905842927353870E-009
   44.200000000000003       -5.0709911650838387E-009
   44.250000000000000       -4.9541535106844076E-009
   44.300000000000004       -4.8400078423368465E-009
   44.350000000000001       -4.7284921356112660E-009
   44.400000000000006       -4.6195457951453301E-009
   44.450000000000003       -4.5131096217179577E-009
   44.500000000000000       -4.4091257800816806E-009
   44.550000000000004       -4.3075377675361499E-009
   44.600000000000001       -4.2082903832257155E-009
   44.650000000000006       -4.1113296981444077E-009
   44.700000000000003       -4.0166030258320172E-009
   44.750000000000000       -3.9240588937453406E-009
   44.800000000000004       -3.8336470152890578E-009
   44.850000000000001       -3.7453182624910099E-009
   44.900000000000006       -3.6590246393070733E-009
   44.950000000000003       -3.5747192555410745E-009
   45.000000000000000       -3.4923563013656233E-009
   45.050000000000004       -3.4118910224299815E-009
   45.100000000000001       -3.3332796955414595E-009
   45.150000000000006       -3.2564796049071292E-009
   45.200000000000003       -3.1814490189229267E-009
   45.250000000000000       -3.1081471674975564E-009
   45.300000000000004       -3.0365342198988481E-009
   45.350000000000001       -2.9665712631105505E-009
   45.400000000000006       -2.8982202806877932E-009
   45.450000000000003       -2.8314441320997218E-009
   45.500000000000000       -2.7662065325480953E-009
   45.550000000000004       -2.7024720332508610E-009
   45.600000000000001       -2.6402060021800133E-009
   45.650000000000006       -2.5793746052432528E-009
   45.700000000000003       -2.5199447878992300E-009
   45.750000000000000       -2.4618842571963802E-009
   45.800000000000004       -2.4051614642255983E-009
   45.850000000000001       -2.3497455869771934E-009
   45.900000000000006       -2.2956065135928495E-009
   45.950000000000003       -2.2427148260034428E-009
   46.000000000000000       -2.1910417839438743E-009
   46.050000000000004       -2.1405593093361862E-009
   46.100000000000001       -2.0912399710325125E-009
   46.150000000000006       -2.0430569699095475E-009
   46.200000000000003       -1.9959841243064534E-009
   46.250000000000000       -1.9499958557982751E-009
   46.300000000000004       -1.9050671752971483E-009
   46.350000000000001       -1.8611736694737373E-009
   46.400000000000006       -1.8182914874915286E-009
   46.450000000000003       -1.7763973280467731E-009
   46.500000000000000       -1.7354684267070337E-009
   46.550000000000004       -1.6954825435414544E-009
   46.600000000000001       -1.6564179510360370E-009
   46.650000000000006       -1.6182534222873529E-009
   46.700000000000003       -1.5809682194682733E-009
   46.750000000000000       -1.5445420825594607E-009
   46.800000000000004       -1.5089552183404850E-009
   46.850000000000001       -1.4741882896345908E-009
   46.900000000000006       -1.4402224048012710E-009
   46.950000000000003       -1.4070391074709332E-009
   47.000000000000000       -1.3746203665160846E-009
   47.050000000000004       -1.3429485662535855E-009
   47.100000000000001       -1.3120064968726456E-009
   47.150000000000006       -1.2817773450833647E-009
   47.200000000000003       -1.2522446849807307E-009
   47.250000000000000       -1.2233924691191216E-009
   47.300000000000004       -1.1952050197924471E-009
   47.350000000000001       -1.1676670205152046E-009
   47.400000000000006       -1.1407635076998124E-009
   47.450000000000003       -1.1144798625257009E-009
   47.500000000000000       -1.0888018029957444E-009
   47.550000000000004       -1.0637153761757137E-009
   47.600000000000001       -1.0392069506125374E-009
   47.650000000000006       -1.0152632089272469E-009
   47.700000000000003       -9.9187114057858505E-010
   47.750000000000000       -9.6901803479334202E-010
   47.800000000000004       -9.4669147365958155E-010
   47.850000000000001       -9.2487932537899969E-010
   47.900000000000006       -9.0356973767475321E-010
   47.950000000000003       -8.8275113135117373E-010
   48.000000000000000       -8.6241219400186895E-010
   48.050000000000004       -8.4254187386279173E-010
   48.100000000000001       -8.2312937380693604E-010
   48.150000000000006       -8.0416414547739943E-010
   48.200000000000003       -7.8563588355561946E-010
   48.250000000000000       -7.6753452016167453E-010
   48.300000000000004       -7.4985021938360300E-010
   48.350000000000001       -7.3257337193276861E-010
   48.400000000000006       -7.1569458992236953E-010
   48.450000000000003       -6.9920470176625164E-010
   48.500000000000000       -6.8309474719525484E-010
   48.550000000000004       -6.6735597238838765E-010
   48.600000000000001       -6.5197982521617631E-010
   48.650000000000006       -6.3695795059361418E-010
   48.700000000000003       -6.2228218594017747E-010
   48.750000000000000       -6.0794455674444605E-010
   48.800000000000004       -5.9393727223091661E-010
   48.850000000000001       -5.8025272112665335E-010
   48.900000000000006       -5.6688346752547768E-010
   48.950000000000003       -5.5382224684744878E-010
   49.000000000000000       -5.4106196189143867E-010
   49.050000000000004       -5.2859567897865684E-010
   49.100000000000001       -5.1641662418503201E-010
   49.150000000000006       -5.0451817966039933E-010
   49.200000000000003       -4.9289388003249419E-010
   49.250000000000000       -4.8153740889380301E-010
   49.300000000000004       -4.7044259536935409E-010
   49.350000000000001       -4.5960341076359083E-010
   49.400000000000006       -4.4901396528450181E-010
   49.450000000000003       -4.3866850484322664E-010
   49.500000000000000       -4.2856140792740265E-010
   49.550000000000004       -4.1868718254654880E-010
   49.600000000000001       -4.0904046324782996E-010
   49.650000000000006       -3.9961600820057996E-010
   49.700000000000003       -3.9040869634799677E-010
   49.750000000000000       -3.8141352462446498E-010
   49.800000000000004       -3.7262560523699221E-010
   49.850000000000001       -3.6404016300928111E-010
   49.900000000000006       -3.5565253278699710E-010
   49.950000000000003       -3.4745815690281744E-010
   50.000000000000000       -3.3945258269988828E-010
   50.050000000000004       -3.3163146011234189E-010
   50.100000000000001       -3.2399053930155869E-010
   50.150000000000006       -3.1652566834689251E-010
   50.200000000000003       -3.0923279098960093E-010
   50.250000000000000       -3.0210794442875703E-010
   50.300000000000004       -2.9514725716794462E-010
   50.350000000000001       -2.8834694691156490E-010
   50.400000000000006       -2.8170331850961531E-010
   50.450000000000003       -2.7521276194981951E-010
   50.500000000000000       -2.6887175039602080E-010
   50.550000000000004       -2.6267683827177088E-010
   50.600000000000001       -2.5662465938807393E-010
   50.650000000000006       -2.5071192511426823E-010
   50.700000000000003       -2.4493542259105109E-010
   50.750000000000000       -2.3929201298467679E-010
   50.800000000000004       -2.3377862978137812E-010
   50.850000000000001       -2.2839227712108535E-010
   50.900000000000006       -2.2313002816953695E-010
   50.950000000000003       -2.1798902352789746E-010
   51.000000000000000       -2.1296646967901844E-010
   51.050000000000004       -2.0805963746949843E-010
   51.100000000000001       -2.0326586062671595E-010
   51.150000000000006       -1.9858253431003218E-010
   51.200000000000003       -1.9400711369537289E-010
   51.250000000000000       -1.8953711259242341E-010
   51.300000000000004       -1.8517010209368313E-010
   51.350000000000001       -1.8090370925464688E-010
   51.400000000000006       -1.7673561580439526E-010
   51.450000000000003       -1.7266355688589318E-010
   51.500000000000000       -1.6868531982531305E-010
   51.550000000000004       -1.6479874292971283E-010
   51.600000000000001       -1.6100171431241599E-010
   51.650000000000006       -1.5729217074545548E-010
   51.700000000000003       -1.5366809653845760E-010
   51.750000000000000       -1.5012752244335711E-010
   51.800000000000004       -1.4666852458434776E-010
   51.850000000000001       -1.4328922341248744E-010
   51.900000000000006       -1.3998778268438972E-010
   51.950000000000003       -1.3676240846444637E-010
   52.000000000000000       -1.3361134815003957E-010
   52.050000000000004       -1.3053288951921320E-010
   52.100000000000001       -1.2752535980028632E-010
   52.150000000000006       -1.2458712476290325E-010
   52.200000000000003       -1.2171658783002601E-010
   52.250000000000000       -1.1891218921038695E-010
   52.300000000000004       -1.1617240505092993E-010
   52.350000000000001       -1.1349574660877958E-010
   52.400000000000006       -1.1088075944228885E-010
   52.450000000000003       -1.0832602262072496E-010
   52.500000000000000       -1.0583014795216476E-010
   52.550000000000004       -1.0339177922917932E-010
   52.600000000000001       -1.0100959149189868E-010
   52.650000000000006       -9.8682290308055456E-011
   52.700000000000003       -9.6408611069616760E-011
   52.750000000000000       -9.4187318305622185E-011
   52.800000000000004       -9.2017205010853790E-011
   52.850000000000001       -8.9897091989974141E-011
   52.900000000000006       -8.7825827216775743E-011
   52.950000000000003       -8.5802285208193203E-011
   53.000000000000000       -8.3825366412739018E-011
   53.050000000000004       -8.1893996613029362E-011
   53.100000000000001       -8.0007126342076470E-011
   53.150000000000006       -7.8163730313029597E-011
   53.200000000000003       -7.6362806862055051E-011
   53.250000000000000       -7.4603377404052446E-011
   53.300000000000004       -7.2884485900911546E-011
   53.350000000000001       -7.1205198342020636E-011
   53.400000000000006       -6.9564602236744103E-011
   53.450000000000003       -6.7961806118593814E-011
   53.500000000000000       -6.6395939060824180E-011
   53.550000000000004       -6.4866150203188431E-011
   53.600000000000001       -6.3371608289598512E-011
   53.650000000000006       -6.1911501216437394E-011
   53.700000000000003       -6.0485035591278537E-011
   53.750000000000000       -5.9091436301772666E-011
   53.800000000000004       -5.7729946094467495E-011
   53.850000000000001       -5.6399825163331552E-011
   53.900000000000006       -5.5100350747758805E-011
   53.950000000000003       -5.3830816739835144E-011
   54.000000000000000       -5.2590533300653825E-011
   54.050000000000004       -5.1378826485471024E-011
   54.100000000000001       -5.0195037877497993E-011
   54.150000000000006       -4.9038524230130836E-011
   54.200000000000003       -4.7908657117423341E-011
   54.250000000000000       -4.6804822592613214E-011
   54.300000000000004       -4.5726420854515864E-011
   54.350000000000001       -4.4672865921604661E-011
   54.400000000000006       -4.3643585313600577E-011
   54.450000000000003       -4.2638019740397981E-011
   54.500000000000000       -4.1655622798157870E-011
   54.550000000000004       -4.0695860672403113E-011
   54.600000000000001       -3.9758211847954564E-011
   54.650000000000006       -3.8842166825550345E-011
   54.700000000000003       -3.7947227844994313E-011
   54.750000000000000       -3.7072908614683296E-011
   54.800000000000004       -3.6218734047366234E-011
   54.850000000000001       -3.5384240001991344E-011
   54.900000000000006       -3.4568973031501388E-011
   54.950000000000003       -3.3772490136439752E-011
   55.000000000000000       -3.2994358524233645E-011
   55.050000000000004       -3.2234155374023339E-011
   55.100000000000001       -3.1491467606909970E-011
   55.150000000000006       -3.0765891661496892E-011
   55.200000000000003       -3.0057033274602628E-011
   55.250000000000000       -2.9364507267026316E-011
   55.300000000000004       -2.8687937334249137E-011
   55.350000000000001       -2.8026955841958142E-011
   55.400000000000006       -2.7381203626281238E-011
   55.450000000000003       -2.6750329798624901E-011
   55.500000000000000       -2.6133991555008394E-011
   55.550000000000004       -2.5531853989791152E-011
   55.600000000000001       -2.4943589913691805E-011
   55.650000000000006       -2.4368879676000258E-011
   55.700000000000003       -2.3807410990885957E-011
   55.750000000000000       -2.3258878767708163E-011
   55.800000000000004       -2.2722984945235917E-011
   55.850000000000001       -2.2199438329687622E-011
   55.900000000000006       -2.1687954436502282E-011
   55.950000000000003       -2.1188255335756402E-011
   56.000000000000000       -2.0700069501142525E-011
   56.050000000000004       -2.0223131662427373E-011
   56.100000000000001       -1.9757182661309390E-011
   56.150000000000006       -1.9301969310597437E-011
   56.200000000000003       -1.8857244256633992E-011
   56.250000000000000       -1.8422765844888245E-011
   56.300000000000004       -1.7998297988645953E-011
   56.350000000000001       -1.7583610040724689E-011
   56.400000000000006       -1.7178476668144921E-011
   56.450000000000003       -1.6782677729688621E-011
   56.500000000000000       -1.6395998156279026E-011
   56.550000000000004       -1.6018227834116497E-011
   56.600000000000001       -1.5649161490506932E-011
   56.650000000000006       -1.5288598582320813E-011
   56.700000000000003       -1.4936343187022106E-011
   56.750000000000000       -1.4592203896207985E-011
   56.800000000000004       -1.4255993711601402E-011
   56.850000000000001       -1.3927529943440007E-011
   56.900000000000006       -1.3606634111206292E-011
   56.950000000000003       -1.3293131846644886E-011
   57.000000000000000       -1.2986852799014418E-011
   57.050000000000004       -1.2687630542522382E-011
   57.100000000000001       -1.2395302485892759E-011
   57.150000000000006       -1.2109709784017238E-011
   57.200000000000003       -1.1830697251642011E-011
   57.250000000000000       -1.1558113279043266E-011
   57.300000000000004       -1.1291809749645571E-011
   57.350000000000001       -1.1031641959538321E-011
   57.400000000000006       -1.0777468538846607E-011
   57.450000000000003       -1.0529151374913681E-011
   57.500000000000000       -1.0286555537253382E-011
   57.550000000000004       -1.0049549204231635E-011
   57.600000000000001       -9.8180035914372727E-012
   57.650000000000006       -9.5917928817032111E-012
   57.700000000000003       -9.3707941567399665E-012
   57.750000000000000       -9.1548873303443526E-012
   57.800000000000004       -8.9439550831471003E-012
   57.850000000000001       -8.7378827988638831E-012
   57.900000000000006       -8.5365585020151906E-012
   57.950000000000003       -8.3398727970811039E-012
   58.000000000000000       -8.1477188090580321E-012
   58.050000000000004       -7.9599921253849850E-012
   58.100000000000001       -7.7765907392079290E-012
   58.150000000000006       -7.5974149939513489E-012
   58.200000000000003       -7.4223675291668797E-012
   58.250000000000000       -7.2513532276296258E-012
   58.300000000000004       -7.0842791636534162E-012
   58.350000000000001       -6.9210545525968561E-012
   58.400000000000006       -6.7615907015328263E-012
   58.450000000000003       -6.6058009610545359E-012
   58.500000000000000       -6.4536006781920087E-012
   58.550000000000004       -6.3049071504133868E-012
   58.600000000000001       -6.1596395806860516E-012
   58.650000000000006       -6.0177190335731759E-012
   58.700000000000003       -5.8790683923417997E-012
   58.750000000000000       -5.7436123170591862E-012
   58.800000000000004       -5.6112772036546280E-012
   58.850000000000001       -5.4819911439244925E-012
   58.900000000000006       -5.3556838864587782E-012
   58.950000000000003       -5.2322867984679229E-012
   59.000000000000000       -5.1117328284891513E-012
   59.050000000000004       -4.9939564699520744E-012
   59.100000000000001       -4.8788937255837461E-012
   59.150000000000006       -4.7664820726338621E-012
   59.200000000000003       -4.6566604289011602E-012
   59.250000000000000       -4.5493691195426120E-012
   59.300000000000004       -4.4445498446473078E-012
   59.350000000000001       -4.3421456475574931E-012
   59.400000000000006       -4.2421008839194683E-012
   59.450000000000003       -4.1443611914475868E-012
   59.500000000000000       -4.0488734603849027E-012
   59.550000000000004       -3.9555858046443959E-012
   59.600000000000001       -3.8644475336151438E-012
   59.650000000000006       -3.7754091246180726E-012
   59.700000000000003       -3.6884221959963370E-012
   59.750000000000000       -3.6034394808257215E-012
   59.800000000000004       -3.5204148012307558E-012
   59.850000000000001       -3.4393030432925914E-012
   59.900000000000006       -3.3600601325350275E-012
   59.950000000000003       -3.2826430099753304E-012
   60.000000000000000       -3.2070096087268648E-012
   60.050000000000004       -3.1331188311408055E-012
   60.100000000000001       -3.0609305264745067E-012
   60.150000000000006       -2.9904054690744143E-012
   60.200000000000003       -2.9215053370616418E-012
   60.250000000000000       -2.8541926915086383E-012
   60.300000000000004       -2.7884309560956464E-012
   60.350000000000001       -2.7241843972358673E-012
   60.400000000000006       -2.6614181046585656E-012
   60.450000000000003       -2.6000979724395325E-012
   60.500000000000000       -2.5401906804686282E-012
   60.550000000000004       -2.4816636763443089E-012
   60.600000000000001       -2.4244851576853144E-012
   60.650000000000006       -2.3686240548499073E-012
   60.700000000000003       -2.3140500140532576E-012
   60.750000000000000       -2.2607333808738177E-012
   60.800000000000004       -2.2086451841397136E-012
   60.850000000000001       -2.1577571201863984E-012
   60.900000000000006       -2.1080415374770212E-012
   60.950000000000003       -2.0594714215771423E-012
   61.000000000000000       -2.0120203804756424E-012
   61.050000000000004       -1.9656626302438418E-012
   61.100000000000001       -1.9203729810250365E-012
   61.150000000000006       -1.8761268233468458E-012
   61.200000000000003       -1.8329001147489264E-012
   61.250000000000000       -1.7906693667187876E-012
   61.300000000000004       -1.7494116319286145E-012
   61.350000000000001       -1.7091044917661562E-012
   61.400000000000006       -1.6697260441529092E-012
   61.450000000000003       -1.6312548916429752E-012
   61.500000000000000       -1.5936701297961233E-012
   61.550000000000004       -1.5569513358187452E-012
   61.600000000000001       -1.5210785574665238E-012
   61.650000000000006       -1.4860323022027915E-012
   61.700000000000003       -1.4517935266066810E-012
   61.750000000000000       -1.4183436260253219E-012
   61.800000000000004       -1.3856644244644481E-012
   61.850000000000001       -1.3537381647119347E-012
   61.900000000000006       -1.3225474986888905E-012
   61.950000000000003       -1.2920754780230661E-012
   62.000000000000000       -1.2623055448394517E-012
   62.050000000000004       -1.2332215227630689E-012
   62.100000000000001       -1.2048076081290539E-012
   62.150000000000006       -1.1770483613952716E-012
   62.200000000000003       -1.1499286987527817E-012
   62.250000000000000       -1.1234338839296037E-012
   62.300000000000004       -1.0975495201833275E-012
   62.350000000000001       -1.0722615424782183E-012
   62.400000000000006       -1.0475562098425612E-012
   62.450000000000003       -1.0234200979020971E-012
   62.500000000000000       -9.9984009158549287E-013
   62.550000000000004       -9.7680337799787739E-013
   62.600000000000001       -9.5429743945857590E-013
   62.650000000000006       -9.3231004669925908E-013
   62.700000000000003       -9.1082925221880379E-013
   62.750000000000000       -8.8984338379127000E-013
   62.800000000000004       -8.6934103812344629E-013
   62.850000000000001       -8.4931107465853582E-013
   62.900000000000006       -8.2974260952260312E-013
   62.950000000000003       -8.1062500961049898E-013
   63.000000000000000       -7.9194788680804884E-013
   63.050000000000004       -7.7370109234736235E-013
   63.100000000000001       -7.5587471129219997E-013
   63.150000000000006       -7.3845905715039854E-013
   63.200000000000003       -7.2144466661042906E-013
   63.250000000000000       -7.0482229439922614E-013
   63.300000000000004       -6.8858290825849504E-013
   63.350000000000001       -6.7271768403676569E-013
   63.400000000000006       -6.5721800089453046E-013
   63.450000000000003       -6.4207543661985319E-013
   63.500000000000000       -6.2728176305191348E-013
   63.550000000000004       -6.1282894160999007E-013
   63.600000000000001       -5.9870911892546072E-013
   63.650000000000006       -5.8491462257444090E-013
   63.700000000000003       -5.7143795690874573E-013
   63.750000000000000       -5.5827179898290766E-013
   63.800000000000004       -5.4540899457503665E-013
   63.850000000000001       -5.3284255429936174E-013
   63.900000000000006       -5.2056564980834177E-013
   63.950000000000003       -5.0857161008227996E-013
   64.000000000000000       -4.9685391780442824E-013
   64.049999999999997       -4.8540620581960979E-013
   64.100000000000009       -4.7422225367443691E-013
   64.150000000000006       -4.6329598423724308E-013
   64.200000000000003       -4.5262146039589418E-013
   64.250000000000000       -4.4219288183168170E-013
   64.299999999999997       -4.3200458186754889E-013
   64.350000000000009       -4.2205102438893339E-013
   64.400000000000006       -4.1232680083555495E-013
   64.450000000000003       -4.0282662726251475E-013
   64.500000000000000       -3.9354534146910708E-013
   64.549999999999997       -3.8447790019378482E-013
   64.600000000000009       -3.7561937637375390E-013
   64.650000000000006       -3.6696495646770735E-013
   64.700000000000003       -3.5850993784024565E-013
   64.750000000000000       -3.5024972620656025E-013
   64.799999999999997       -3.4217983313599292E-013
   64.850000000000009       -3.3429587361311381E-013
   64.900000000000006       -3.2659356365499350E-013
   64.950000000000003       -3.1906871798337406E-013
   65.000000000000000       -3.1171724775047418E-013
   65.049999999999997       -3.0453515831719267E-013
   65.100000000000009       -2.9751854708250283E-013
   65.150000000000006       -2.9066360136285817E-013
   65.200000000000003       -2.8396659632045886E-013
   65.250000000000000       -2.7742389293925013E-013
   65.299999999999997       -2.7103193604755512E-013
   65.350000000000009       -2.6478725238626718E-013
   65.400000000000006       -2.5868644872155182E-013
   65.450000000000003       -2.5272621000103220E-013
   65.500000000000000       -2.4690329755245741E-013
   65.549999999999997       -2.4121454732387411E-013
   65.600000000000009       -2.3565686816434501E-013
   65.650000000000006       -2.3022724014428048E-013
   65.700000000000003       -2.2492271291447049E-013
   65.750000000000000       -2.1974040410292480E-013
   65.799999999999997       -2.1467749774865088E-013
   65.850000000000009       -2.0973124277151810E-013
   65.900000000000006       -2.0489895147737667E-013
   65.950000000000003       -2.0017799809761964E-013
   66.000000000000000       -1.9556581736239370E-013
   66.049999999999997       -1.9105990310668373E-013
   66.100000000000009       -1.8665780690851388E-013
   66.150000000000006       -1.8235713675852493E-013
   66.200000000000003       -1.7815555576020526E-013
   66.250000000000000       -1.7405078086006870E-013
   66.299999999999997       -1.7004058160709000E-013
   66.350000000000009       -1.6612277894072316E-013
   66.400000000000006       -1.6229524400684418E-013
   66.450000000000003       -1.5855589700097522E-013
   66.500000000000000       -1.5490270603816139E-013
   66.549999999999997       -1.5133368604888565E-013
   66.600000000000009       -1.4784689770042267E-013
   66.650000000000006       -1.4444044634304471E-013
   66.700000000000003       -1.4111248098050786E-013
   66.750000000000000       -1.3786119326425804E-013
   66.799999999999997       -1.3468481651081172E-013
   66.850000000000009       -1.3158162474177575E-013
   66.900000000000006       -1.2854993174598601E-013
   66.950000000000003       -1.2558809016325455E-013
   67.000000000000000       -1.2269449058922774E-013
   67.049999999999997       -1.1986756070086884E-013
   67.100000000000009       -1.1710576440208937E-013
   67.150000000000006       -1.1440760098906607E-013
   67.200000000000003       -1.1177160433478900E-013
   67.250000000000000       -1.0919634209239791E-013
   67.299999999999997       -1.0668041491687424E-013
   67.350000000000009       -1.0422245570466557E-013
   67.400000000000006       -1.0182112885082922E-013
   67.450000000000003       -9.9475129523291912E-014
   67.500000000000000       -9.7183182953830707E-014
   67.549999999999997       -9.4944043745389666E-014
   67.600000000000009       -9.2756495195356689E-014
   67.650000000000006       -9.0619348634431955E-014
   67.700000000000003       -8.8531442780729436E-014
   67.750000000000000       -8.6491643108759805E-014
   67.799999999999997       -8.4498841232952538E-014
   67.850000000000009       -8.2551954305381651E-014
   67.900000000000006       -8.0649924427368365E-014
   67.950000000000003       -7.8791718074640395E-014
   68.000000000000000       -7.6976325535735954E-014
   68.049999999999997       -7.5202760363347218E-014
   68.100000000000009       -7.3470058838304792E-014
   68.150000000000006       -7.1777279445912527E-014
   68.200000000000003       -7.0123502364347497E-014
   68.250000000000000       -6.8507828964847610E-014
   68.299999999999997       -6.6929381323415089E-014
   68.350000000000009       -6.5387301743770423E-014
   68.400000000000006       -6.3880752291297623E-014
   68.450000000000003       -6.2408914337727764E-014
   68.500000000000000       -6.0970988116312987E-014
   68.549999999999997       -5.9566192287249559E-014
   68.600000000000009       -5.8193763513113793E-014
   68.650000000000006       -5.6852956044079935E-014
   68.700000000000003       -5.5543041312695026E-014
   68.750000000000000       -5.4263307537990154E-014
   68.799999999999997       -5.3013059338713167E-014
   68.850000000000009       -5.1791617355472663E-014
   68.900000000000006       -5.0598317881588021E-014
   68.950000000000003       -4.9432512502444588E-014
   69.000000000000000       -4.8293567743158511E-014
   69.049999999999997       -4.7180864724359330E-014
   69.100000000000009       -4.6093798825903560E-014
   69.150000000000006       -4.5031779358336431E-014
   69.200000000000003       -4.3994229241923242E-014
   69.250000000000000       -4.2980584693076082E-014
   69.299999999999997       -4.1990294918005189E-014
   69.350000000000009       -4.1022821813428945E-014
   69.400000000000006       -4.0077639674179450E-014
   69.450000000000003       -3.9154234907545083E-014
   69.500000000000000       -3.8252105754194710E-014
   69.549999999999997       -3.7370762015531792E-014
   69.600000000000009       -3.6509724787330584E-014
   69.650000000000006       -3.5668526199509229E-014
   69.700000000000003       -3.4846709161898766E-014
   69.750000000000000       -3.4043827115869630E-014
   69.799999999999997       -3.3259443791680749E-014
   69.850000000000009       -3.2493132971419563E-014
   69.900000000000006       -3.1744478257403755E-014
   69.950000000000003       -3.1013072845919361E-014
   70.000000000000000       -3.0298519306171832E-014
   70.049999999999997       -2.9600429364330316E-014
   70.100000000000009       -2.8918423692547500E-014
   70.150000000000006       -2.8252131702840648E-014
   70.200000000000003       -2.7601191345721605E-014
   70.250000000000000       -2.6965248913466507E-014
   70.299999999999997       -2.6343958847918190E-014
   70.350000000000009       -2.5736983552716961E-014
   70.400000000000006       -2.5143993209857582E-014
   70.450000000000003       -2.4564665600472910E-014
   70.500000000000000       -2.3998685929746716E-014
   70.549999999999997       -2.3445746655860622E-014
   70.600000000000009       -2.2905547322882120E-014
   70.650000000000006       -2.2377794397502950E-014
   70.700000000000003       -2.1862201109539085E-014
   70.750000000000000       -2.1358487296105657E-014
   70.799999999999997       -2.0866379249382149E-014
   70.850000000000009       -2.0385609567885167E-014
   70.900000000000006       -1.9915917011167865E-014
   70.950000000000003       -1.9457046357867297E-014
   71.000000000000000       -1.9008748267022257E-014
   71.049999999999997       -1.8570779142586509E-014
   71.100000000000009       -1.8142901001063663E-014
   71.150000000000006       -1.7724881342191785E-014
   71.200000000000003       -1.7316493022607500E-014
   71.250000000000000       -1.6917514132420913E-014
   71.299999999999997       -1.6527727874634312E-014
   71.350000000000009       -1.6146922447339061E-014
   71.400000000000006       -1.5774890928626811E-014
   71.450000000000003       -1.5411431164152301E-014
   71.500000000000000       -1.5056345657286839E-014
   71.549999999999997       -1.4709441461802655E-014
   71.600000000000009       -1.4370530077029843E-014
   71.650000000000006       -1.4039427345428938E-014
   71.700000000000003       -1.3715953352523481E-014
   71.750000000000000       -1.3399932329138134E-014
   71.799999999999997       -1.3091192555889314E-014
   71.850000000000009       -1.2789566269876370E-014
   71.900000000000006       -1.2494889573522626E-014
   71.950000000000003       -1.2207002345516816E-014
   72.000000000000000       -1.1925748153806392E-014
   72.049999999999997       -1.1650974170595545E-014
   72.100000000000009       -1.1382531089301711E-014
   72.150000000000006       -1.1120273043425381E-014
   72.200000000000003       -1.0864057527289268E-014
   72.250000000000000       -1.0613745318603577E-014
   72.299999999999997       -1.0369200402815484E-014
   72.350000000000009       -1.0130289899201586E-014
   72.400000000000006       -9.8968839886632232E-015
   72.450000000000003       -9.6688558431854241E-015
   72.500000000000000       -9.4460815569211646E-015
   72.549999999999997       -9.2284400788634381E-015
   72.600000000000009       -9.0158131470686058E-015
   72.650000000000006       -8.8080852243952805E-015
   72.700000000000003       -8.6051434357237801E-015
   72.750000000000000       -8.4068775066221034E-015
   72.799999999999997       -8.2131797034250423E-015
   72.850000000000009       -8.0239447746939132E-015
   72.900000000000006       -7.8390698940250537E-015
   72.950000000000003       -7.6584546041760667E-015
   73.000000000000000       -7.4820007624793941E-015
   73.049999999999997       -7.3096124875135937E-015
   73.100000000000009       -7.1411961070033328E-015
   73.150000000000006       -6.9766601069197688E-015
   73.200000000000003       -6.8159150817537086E-015
   73.250000000000000       -6.6588736859344683E-015
   73.299999999999997       -6.5054505863680646E-015
   73.350000000000009       -6.3555624160689671E-015
   73.400000000000006       -6.2091277288601571E-015
   73.450000000000003       -6.0660669551169535E-015
   73.500000000000000       -5.9263023585304851E-015
   73.549999999999997       -5.7897579938673764E-015
   73.600000000000009       -5.6563596657026498E-015
   73.650000000000006       -5.5260348881034406E-015
   73.700000000000003       -5.3987128452416249E-015
   73.750000000000000       -5.2743243529139450E-015
   73.799999999999997       -5.1528018209487055E-015
   73.850000000000009       -5.0340792164786757E-015
   73.900000000000006       -4.9180920280601562E-015
   73.950000000000003       -4.8047772306187822E-015
   74.000000000000000       -4.6940732512029856E-015
   74.049999999999997       -4.5859199355265017E-015
   74.100000000000009       -4.4802585152817632E-015
   74.150000000000006       -4.3770315762063898E-015
   74.200000000000003       -4.2761830268854559E-015
   74.250000000000000       -4.1776580682725631E-015
   74.299999999999997       -4.0814031639131381E-015
   74.350000000000009       -3.9873660108538345E-015
   74.400000000000006       -3.8954955112221573E-015
   74.450000000000003       -3.8057417444609318E-015
   74.500000000000000       -3.7180559402024874E-015
   74.549999999999997       -3.6323904517678260E-015
   74.600000000000009       -3.5486987302764028E-015
   74.650000000000006       -3.4669352993523964E-015
   74.700000000000003       -3.3870557304137854E-015
   74.750000000000000       -3.3090166185307573E-015
   74.799999999999997       -3.2327755588403548E-015
   74.850000000000009       -3.1582911235045387E-015
   74.900000000000006       -3.0855228391991421E-015
   74.950000000000003       -3.0144311651214954E-015
   75.000000000000000       -2.9449774715047538E-015
   75.049999999999997       -2.8771240186272753E-015
   75.100000000000009       -2.8108339363056224E-015
   75.150000000000006       -2.7460712038600564E-015
   75.200000000000003       -2.6828006305416315E-015
   75.250000000000000       -2.6209878364102656E-015
   75.299999999999997       -2.5605992336533738E-015
   75.350000000000009       -2.5016020083349397E-015
   75.400000000000006       -2.4439641025650917E-015
   75.450000000000003       -2.3876541970804957E-015
   75.500000000000000       -2.3326416942261113E-015
   75.549999999999997       -2.2788967013290443E-015
   75.600000000000009       -2.2263900144554780E-015
   75.650000000000006       -2.1750931025418544E-015
   75.700000000000003       -2.1249780918916727E-015
   75.750000000000000       -2.0760177510294913E-015
   75.799999999999997       -2.0281854759038989E-015
   75.850000000000009       -1.9814552754314159E-015
   75.900000000000006       -1.9358017573734684E-015
   75.950000000000003       -1.8912001145387645E-015
   76.000000000000000       -1.8476261113035705E-015
   76.049999999999997       -1.8050560704425688E-015
   76.100000000000009       -1.7634668602631352E-015
   76.150000000000006       -1.7228358820360470E-015
   76.200000000000003       -1.6831410577157966E-015
   76.250000000000000       -1.6443608179438303E-015
   76.299999999999997       -1.6064740903281996E-015
   76.350000000000009       -1.5694602879932509E-015
   76.400000000000006       -1.5332992983931373E-015
   76.450000000000003       -1.4979714723830728E-015
   76.500000000000000       -1.4634576135423860E-015
   76.549999999999997       -1.4297389677435766E-015
   76.600000000000009       -1.3967972129617051E-015
   76.650000000000006       -1.3646144493185771E-015
   76.700000000000003       -1.3331731893563141E-015
   76.750000000000000       -1.3024563485350276E-015
   76.800000000000011       -1.2724472359494260E-015
   76.850000000000009       -1.2431295452593156E-015
   76.900000000000006       -1.2144873458290719E-015
   76.950000000000003       -1.1865050740712537E-015
   77.000000000000000       -1.1591675249896674E-015
   77.050000000000011       -1.1324598439172826E-015
   77.100000000000009       -1.1063675184445076E-015
   77.150000000000006       -1.0808763705334435E-015
   77.200000000000003       -1.0559725488138266E-015
   77.250000000000000       -1.0316425210564742E-015
   77.300000000000011       -1.0078730668201506E-015
   77.350000000000009       -9.8465127026784599E-016
   77.400000000000006       -9.6196451314857475E-016
   77.450000000000003       -9.3980046794087535E-016
   77.500000000000000       -9.1814709115428600E-016
   77.550000000000011       -8.9699261678515706E-016
   77.600000000000009       -8.7632554992324610E-016
   77.650000000000006       -8.5613466050561539E-016
   77.700000000000003       -8.3640897721444665E-016
   77.750000000000000       -8.1713778151544973E-016
   77.800000000000011       -7.9831060183362961E-016
   77.850000000000009       -7.7991720786324537E-016
   77.900000000000006       -7.6194760500887195E-016
   77.950000000000003       -7.4439202895453929E-016
   78.000000000000000       -7.2724094035800272E-016
   78.050000000000011       -7.1048501966725891E-016
   78.100000000000009       -6.9411516205649038E-016
   78.150000000000006       -6.7812247247869022E-016
   78.200000000000003       -6.6249826083227343E-016
   78.250000000000000       -6.4723403723905332E-016
   78.300000000000011       -6.3232150743101472E-016
   78.350000000000009       -6.1775256824337791E-016
   78.400000000000006       -6.0351930321150384E-016
   78.450000000000003       -5.8961397826924855E-016
   78.500000000000000       -5.7602903754642948E-016
   78.550000000000011       -5.6275709926311983E-016
   78.600000000000009       -5.4979095171853874E-016
   78.650000000000006       -5.3712354937236105E-016
   78.700000000000003       -5.2474800901631408E-016
   78.750000000000000       -5.1265760603398214E-016
   78.800000000000011       -5.0084577074678752E-016
   78.850000000000009       -4.8930608484416099E-016
   78.900000000000006       -4.7803227789596211E-016
   78.950000000000003       -4.6701822394525596E-016
   79.000000000000000       -4.5625793817959245E-016
   79.050000000000011       -4.4574557367898191E-016
   79.100000000000009       -4.3547541823879675E-016
   79.150000000000006       -4.2544189126587718E-016
   79.200000000000003       -4.1563954074614953E-016
   79.250000000000000       -4.0606304028211385E-016
   79.300000000000011       -3.9670718619858738E-016
   79.350000000000009       -3.8756689471513367E-016
   79.400000000000006       -3.7863719918364008E-016
   79.450000000000003       -3.6991324738954250E-016
   79.500000000000000       -3.6139029891523040E-016
   79.550000000000011       -3.5306372256420098E-016
   79.600000000000009       -3.4492899384456081E-016
   79.650000000000006       -3.3698169251050989E-016
   79.700000000000003       -3.2921750016046955E-016
   79.750000000000000       -3.2163219789055139E-016
   79.800000000000011       -3.1422166400209056E-016
   79.850000000000009       -3.0698187176199900E-016
   79.900000000000006       -2.9990888721472076E-016
   79.950000000000003       -2.9299886704460064E-016
