   9.99999978E-03   510.31942227058488     
   1.99999996E-02   505.85754745647193     
   2.99999993E-02   501.50707011669385     
   3.99999991E-02   497.26251689115469     
   5.00000007E-02   493.11880972499057     
   5.99999987E-02   489.07122871466112     
   7.00000003E-02   485.11537921758844     
   7.99999982E-02   481.24716265147117     
   9.00000036E-02   477.46275049753427     
  0.100000001       473.75856109498039     
  0.109999999       470.13123887462280     
  0.119999997       466.57763573041916     
  0.129999995       463.09479427015287     
  0.140000001       459.67993272232354     
  0.150000006       456.33043130656910     
  0.159999996       453.04381990058840     
  0.170000002       449.81776685836144     
  0.180000007       446.65006885308372     
  0.189999998       443.53864163417944     
  0.200000003       440.48151160144147     
  0.209999993       437.47680811114009     
  0.219999999       434.52275643910974     
  0.230000004       431.61767133464616     
  0.239999995       428.75995110668191     
  0.250000000       425.94807219036909     
  0.259999990       423.18058414799742     
  0.270000011       420.45610506325170     
  0.280000001       417.77331729225233     
  0.289999992       415.13096353873209     
  0.300000012       412.52784322412691     
  0.310000002       409.96280912639014     
  0.319999993       407.43476426401787     
  0.330000013       404.94265900412620     
  0.340000004       402.48548837553403     
  0.349999994       400.06228956965890     
  0.360000014       397.67213961369464     
  0.370000005       395.31415320201779     
  0.379999995       392.98748067308850     
  0.389999986       390.69130612029170     
  0.400000006       388.42484562621797     
  0.409999996       386.18734561083818     
  0.419999987       383.97808128486525     
  0.430000007       381.79635520037704     
  0.439999998       379.64149589144597     
  0.449999988       377.51285659816182     
  0.460000008       375.40981406797692     
  0.469999999       373.33176742882870     
  0.479999989       371.27813712893817     
  0.490000010       369.24836393861159     
  0.500000000       367.24190800974486     
  0.509999990       365.25824798907558     
  0.519999981       363.29688018153928     
  0.529999971       361.35731776037403     
  0.540000021       359.43909002087270     
  0.550000012       357.54174167492368     
  0.560000002       355.66483218369206     
  0.569999993       353.80793512599882     
  0.579999983       351.97063760012742     
  0.589999974       350.15253965696002     
  0.600000024       348.35325376249733     
  0.610000014       346.57240428795052     
  0.620000005       344.80962702572901     
  0.629999995       343.06456872976105     
  0.639999986       341.33688667869524     
  0.649999976       339.62624826063012     
  0.660000026       337.93233057811221     
  0.670000017       336.25482007222610     
  0.680000007       334.59341216468272     
  0.689999998       332.94781091688054     
  0.699999988       331.31772870498241     
  0.709999979       329.70288591011814     
  0.720000029       328.10301062287084     
  0.730000019       326.51783836126867     
  0.740000010       324.94711180154650     
  0.750000000       323.39058052098983     
  0.759999990       321.84800075221932     
  0.769999981       320.31913514830563     
  0.779999971       318.80375255815443     
  0.790000021       317.30162781161931     
  0.800000012       315.81254151384934     
  0.810000002       314.33627984839467     
  0.819999993       312.87263438862743     
  0.829999983       311.42140191706210     
  0.839999974       309.98238425218096     
  0.850000024       308.55538808239123     
  0.860000014       307.14022480676942     
  0.870000005       305.73671038225962     
  0.879999995       304.34466517701401     
  0.889999986       302.96391382958529     
  0.899999976       301.59428511368930     
  0.910000026       300.23561180827903     
  0.920000017       298.88773057267883     
  0.930000007       297.55048182654662     
  0.939999998       296.22370963444160     
  0.949999988       294.90726159478510     
  0.959999979       293.60098873301865     
  0.970000029       292.30474539876849     
  0.980000019       291.01838916683795     
  0.990000010       289.74178074185886     
   1.00000000       288.47478386643951     
   1.00999999       287.21726523265937     
   1.01999998       285.96909439676136     
   1.02999997       284.73014369690765     
   1.03999996       283.50028817386652     
   1.04999995       282.27940549450608     
   1.05999994       281.06737587797625     
   1.07000005       279.86408202446660     
   1.08000004       278.66940904643502     
   1.09000003       277.48324440219994     
   1.10000002       276.30547783180702     
   1.11000001       275.13600129507006     
   1.12000000       273.97470891170298     
   1.13000000       272.82149690345790     
   1.13999999       271.67626353818707     
   1.14999998       270.53890907575612     
   1.15999997       269.40933571573311     
   1.16999996       268.28744754678320     
   1.17999995       267.17315049770605     
   1.19000006       266.06635229004900     
   1.20000005       264.96696239223780     
   1.21000004       263.87489197516493     
   1.22000003       262.79005386918345     
   1.23000002       261.71236252244944     
   1.24000001       260.64173396056663     
   1.25000000       259.57808574748077     
   1.25999999       258.52133694758169     
   1.26999998       257.47140808896455     
   1.27999997       256.42822112781153     
   1.28999996       255.39169941385057     
   1.29999995       254.36176765685491     
   1.30999994       253.33835189414231     
   1.32000005       252.32137945904330     
   1.33000004       251.31077895029935     
   1.34000003       250.30648020236185     
   1.35000002       249.30841425655703     
   1.36000001       248.31651333309057     
   1.37000000       247.33071080385861     
   1.38000000       246.35094116604120     
   1.38999999       245.37714001644838     
   1.39999998       244.40924402659482     
   1.40999997       243.44719091847901     
   1.41999996       242.49091944104069     
   1.42999995       241.54036934727722     
   1.44000006       240.59548137199405     
   1.45000005       239.65619721017003     
   1.46000004       238.72245949591573     
   1.47000003       237.79421178200855     
   1.48000002       236.87139851998126     
   1.49000001       235.95396504075006     
   1.50000000       235.04185753576141     
   1.50999999       234.13502303864593     
   1.51999998       233.23340940735574     
   1.52999997       232.33696530677793     
   1.53999996       231.44564019180319     
   1.54999995       230.55938429083847     
   1.55999994       229.67814858974819     
   1.57000005       228.80188481621229     
   1.58000004       227.93054542448658     
   1.59000003       227.06408358055327     
   1.60000002       226.20245314765197     
   1.61000001       225.34560867217601     
   1.62000000       224.49350536992546     
   1.63000000       223.64609911270634     
   1.63999999       222.80334641526292     
   1.64999998       221.96520442253697     
   1.65999997       221.13163089724165     
   1.66999996       220.30258420774018     
   1.67999995       219.47802331622384     
   1.69000006       218.65790776717634     
   1.70000005       217.84219767611879     
   1.71000004       217.03085371862750     
   1.72000003       216.22383711961379     
   1.73000002       215.42110964286198     
   1.74000001       214.62263358081552     
   1.75000000       213.82837174460565     
   1.75999999       213.03828745431460     
   1.76999998       212.25234452946796     
   1.77999997       211.47050727974923     
   1.78999996       210.69274049592943     
   1.79999995       209.91900944100772     
   1.80999994       209.14927984155582     
   1.82000005       208.38351787926030     
   1.83000004       207.62169018265897     
   1.84000003       206.86376381906462     
   1.85000002       206.10970628667084     
   1.86000001       205.35948550683773     
   1.87000000       204.61306981654710     
   1.88000000       203.87042796103003     
   1.88999999       203.13152908655525     
   1.89999998       202.39634273337856     
   1.90999997       201.66483882884708     
   1.91999996       200.93698768065477     
   1.92999995       200.21275997024537     
   1.94000006       199.49212674635859     
   1.95000005       198.77505941871630     
   1.96000004       198.06152975184406     
   1.97000003       197.35150985902615     
   1.98000002       196.64497219638920     
   1.99000001       195.94188955711195     
   2.00000000       195.24223506575717     
   2.00999999       194.54598217272445     
   2.01999998       193.85310464881746     
   2.02999997       193.16357657992731     
   2.03999996       192.47737236182448     
   2.04999995       191.79446669506001     
   2.05999994       191.11483457997204     
   2.06999993       190.43845131179438     
   2.07999992       189.76529247586615     
   2.08999991       189.09533394293831     
   2.09999990       188.42855186457641     
   2.10999990       187.76492266865603     
   2.11999989       187.10442305494834     
   2.13000011       186.44702999079595     
   2.14000010       185.79272070687369     
   2.15000010       185.14147269303422     
   2.16000009       184.49326369423673     
   2.17000008       183.84807170655498     
   2.18000007       183.20587497326517     
   2.19000006       182.56665198100919     
   2.20000005       181.93038145603370     
   2.21000004       181.29704236050208     
   2.22000003       180.66661388887786     
   2.23000002       180.03907546437804     
   2.24000001       179.41440673549405     
   2.25000000       178.79258757258017     
   2.25999999       178.17359806450648     
   2.26999998       177.55741851537584     
   2.27999997       176.94402944130206     
   2.28999996       176.33341156725012     
   2.29999995       175.72554582393533     
   2.30999994       175.12041334477942     
   2.31999993       174.51799546292551     
   2.32999992       173.91827370830623     
   2.33999991       173.32122980476831     
   2.34999990       172.72684566724820     
   2.35999990       172.13510339900077     
   2.36999989       171.54598528887888     
   2.38000011       170.95947380866144     
   2.39000010       170.37555161043113     
   2.40000010       169.79420152399896     
   2.41000009       169.21540655437565     
   2.42000008       168.63914987928806     
   2.43000007       168.06541484674045     
   2.44000006       167.49418497261939     
   2.45000005       166.92544393834015     
   2.46000004       166.35917558853646     
   2.47000003       165.79536392878964     
   2.48000002       165.23399312339859     
   2.49000001       164.67504749318812     
   2.50000000       164.11851151335608     
   2.50999999       163.56436981135795     
   2.51999998       163.01260716482753     
   2.52999997       162.46320849953449     
   2.53999996       161.91615888737596     
   2.54999995       161.37144354440400     
   2.55999994       160.82904782888508     
   2.56999993       160.28895723939436     
   2.57999992       159.75115741294096     
   2.58999991       159.21563412312577     
   2.59999990       158.68237327832989     
   2.60999990       158.15136091993401     
   2.61999989       157.62258322056692     
   2.63000011       157.09602648238385     
   2.64000010       156.57167713537336     
   2.65000010       156.04952173569200     
   2.66000009       155.52954696402657     
   2.67000008       155.01173962398374     
   2.68000007       154.49608664050569     
   2.69000006       153.98257505831188     
   2.70000005       153.47119204036582     
   2.71000004       152.96192486636772     
   2.72000003       152.45476093127036     
   2.73000002       151.94968774381954     
   2.74000001       151.44669292511830     
   2.75000000       150.94576420721359     
   2.75999999       150.44688943170573     
   2.76999998       149.95005654838022     
   2.77999997       149.45525361386089     
   2.78999996       148.96246879028493     
   2.79999995       148.47169034399815     
   2.80999994       147.98290664427171     
   2.81999993       147.49610616203742     
   2.82999992       147.01127746864472     
   2.83999991       146.52840923463538     
   2.84999990       146.04749022853844     
   2.85999990       145.56850931568275     
   2.86999989       145.09145545702896     
   2.88000011       144.61631770801830     
   2.89000010       144.14308521743979     
   2.90000010       143.67174722631486     
   2.91000009       143.20229306679821     
   2.92000008       142.73471216109598     
   2.93000007       142.26899402040036     
   2.94000006       141.80512824383982     
   2.95000005       141.34310451744520     
   2.96000004       140.88291261313208     
   2.97000003       140.42454238769716     
   2.98000002       139.96798378183064     
   2.99000001       139.51322681914269     
   3.00000000       139.06026160520449     
   3.00999999       138.60907832660354     
   3.01999998       138.15966725001272     
   3.02999997       137.71201872127330     
   3.03999996       137.26612316449086     
   3.04999995       136.82197108114497     
   3.05999994       136.37955304921169     
   3.06999993       135.93885972229833     
   3.07999992       135.49988182879119     
   3.08999991       135.06261017101588     
   3.09999990       134.62703562440868     
   3.10999990       134.19314913670095     
   3.11999989       133.76094172711404     
   3.13000011       133.33040448556753     
   3.14000010       132.90152857189557     
   3.15000010       132.47430521507806     
   3.16000009       132.04872571247989     
   3.17000008       131.62478142910192     
   3.18000007       131.20246379684281     
   3.19000006       130.78176431377040     
   3.20000005       130.36267454340378     
   3.21000004       129.94518611400545     
   3.22000003       129.52929071788270     
   3.23000002       129.11498011069926     
   3.24000001       128.70224611079638     
   3.25000000       128.29108059852268     
   3.25999999       127.88147551557392     
   3.26999998       127.47342286434167     
   3.27999997       127.06691470727006     
   3.28999996       126.66194316622244     
   3.29999995       126.25850042185623     
   3.30999994       125.85657871300550     
   3.31999993       125.45617033607287     
   3.32999992       125.05726764442929     
   3.33999991       124.65986304782137     
   3.34999990       124.26394901178740     
   3.35999990       123.86951805708075     
   3.36999989       123.47656275910064     
   3.38000011       123.08507574733136     
   3.39000010       122.69504970478779     
   3.40000010       122.30647736746918     
   3.41000009       121.91935152381947     
   3.42000008       121.53366501419531     
   3.43000007       121.14941073034005     
   3.44000006       120.76658161486576     
   3.45000005       120.38517066074137     
   3.46000004       120.00517091078707     
   3.47000003       119.62657545717632     
   3.48000002       119.24937744094306     
   3.49000001       118.87357005149643     
   3.50000000       118.49914652614054     
   3.50999999       118.12610014960160     
   3.51999998       117.75442425355990     
   3.52999997       117.38411221618877     
   3.53999996       117.01515746169878     
   3.54999995       116.64755345988759     
   3.55999994       116.28129372569627     
   3.56999993       115.91637181877032     
   3.57999992       115.55278134302675     
   3.58999991       115.19051594622620     
   3.59999990       114.82956931955088     
   3.60999990       114.46993519718738     
   3.61999989       114.11160735591471     
   3.63000011       113.75457961469758     
   3.64000010       113.39884583428463     
   3.65000010       113.04439991681178     
   3.66000009       112.69123580540985     
   3.67000008       112.33934748381797     
   3.68000007       111.98872897600080     
   3.69000006       111.63937434577100     
   3.70000005       111.29127769641606     
   3.71000004       110.94443317032955     
   3.72000003       110.59883494864727     
   3.73000002       110.25447725088708     
   3.74000001       109.91135433459394     
   3.75000000       109.56946049498829     
   3.75999999       109.22879006461953     
   3.76999998       108.88933741302293     
   3.77999997       108.55109694638080     
   3.78999996       108.21406310718830     
   3.79999995       107.87823037392204     
   3.80999994       107.54359326071399     
   3.81999993       107.21014631702782     
   3.82999992       106.87788412734007     
   3.83999991       106.54680131082470     
   3.84999990       106.21689252104144     
   3.85999990       105.88815244562747     
   3.86999989       105.56057580599312     
   3.88000011       105.23415735702075     
   3.89000010       104.90889188676736     
   3.90000010       104.58477421617049     
   3.91000009       104.26179919875767     
   3.92000008       103.93996172035875     
   3.93000007       103.61925669882245     
   3.94000006       103.29967908373513     
   3.95000005       102.98122385614330     
   3.96000004       102.66388602827942     
   3.97000003       102.34766064329028     
   3.98000002       102.03254277496923     
   3.99000001       101.71852752749047     
   4.00000000       101.40561003514716     
   4.01000023       101.09378546209214     
   4.01999998       100.78304900208143     
   4.03000021       100.47339587822110     
   4.03999996       100.16482134271617     
   4.05000019       99.857320676622990     
   4.05999994       99.550889189604206     
   4.07000017       99.245522219686094     
   4.07999992       98.941215133019185     
   4.09000015       98.637963323641031     
   4.09999990       98.335762213241452     
   4.11000013       98.034607250931231     
   4.11999989       97.734493913012443     
   4.13000011       97.435417702751380     
   4.13999987       97.137374150154642     
   4.15000010       96.840358811746853     
   4.15999985       96.544367270351160     
   4.17000008       96.249395134872302     
   4.17999983       95.955438040081646     
   4.19000006       95.662491646404405     
   4.19999981       95.370551639709888     
   4.21000004       95.079613731103194     
   4.21999979       94.789673656719700     
   4.23000002       94.500727177521213     
   4.23999977       94.212770079094881     
   4.25000000       93.925798171453664     
   4.26000023       93.639807288839236     
   4.26999998       93.354793289527152     
   4.28000021       93.070752055633605     
   4.28999996       92.787679492924440     
   4.30000019       92.505571530626170     
   4.30999994       92.224424121239210     
   4.32000017       91.944233240352503     
   4.32999992       91.664994886460562     
   4.34000015       91.386705080782036     
   4.34999990       91.109359867080840     
   4.36000013       90.832955311488050     
   4.36999989       90.557487502326680     
   4.38000011       90.282952549937619     
   4.38999987       90.009346586507561     
   4.40000010       89.736665765898920     
   4.40999985       89.464906263480856     
   4.42000008       89.194064275962802     
   4.42999983       88.924136021229046     
   4.44000006       88.655117738175463     
   4.44999981       88.387005686547468     
   4.46000004       88.119796146780189     
   4.46999979       87.853485419839288     
   4.48000002       87.588069827064515     
   4.48999977       87.323545710014159     
   4.50000000       87.059909430311180     
   4.51000023       86.797157369490776     
   4.51999998       86.535285928849632     
   4.53000021       86.274291529296889     
   4.53999996       86.014170611205941     
   4.55000019       85.754919634268376     
   4.55999994       85.496535077348753     
   4.57000017       85.239013438341473     
   4.57999992       84.982351234028485     
   4.59000015       84.726544999938653     
   4.59999990       84.471591290208480     
   4.61000013       84.217486677444185     
   4.61999989       83.964227752584904     
   4.63000011       83.711811124767934     
   4.63999987       83.460233421193990     
   4.65000010       83.209491286995387     
   4.65999985       82.959581385103775     
   4.67000008       82.710500396120992     
   4.67999983       82.462245018189421     
   4.69000006       82.214811966864602     
   4.69999981       81.968197974989053     
   4.71000004       81.722399792566733     
   4.71999979       81.477414186639123     
   4.73000002       81.233237941162528     
   4.73999977       80.989867856886505     
   4.75000000       80.747300751232785     
   4.76000023       80.505533458176501     
   4.76999998       80.264562828127737     
   4.78000021       80.024385727814376     
   4.78999996       79.784999040165900     
   4.80000019       79.546399664198717     
   4.80999994       79.308584514902080     
   4.82000017       79.071550523125495     
   4.82999992       78.835294635466482     
   4.84000015       78.599813814160484     
   4.84999990       78.365105036970562     
   4.86000013       78.131165297079107     
   4.86999989       77.897991602979943     
   4.88000011       77.665580978371665     
   4.88999987       77.433930462052032     
   4.90000010       77.203037107813032     
   4.90999985       76.972897984337095     
   4.92000008       76.743510175094485     
   4.92999983       76.514870778241018     
   4.94000006       76.286976906517509     
   4.94999981       76.059825687149271     
   4.96000004       75.833414261747180     
   4.96999979       75.607739786209351     
   4.98000002       75.382799430623706     
   4.98999977       75.158590379171656     
   5.00000000       74.935109830032133     
   5.01000023       74.712354995287043     
   5.01999998       74.490323100827254     
   5.03000021       74.269011386259464     
   5.03999996       74.048417104813780     
   5.05000019       73.828537523252635     
   5.05999994       73.609369921779745     
   5.07000017       73.390911593950406     
   5.07999992       73.173159846582521     
   5.09000015       72.956111999668138     
   5.09999990       72.739765386286109     
   5.11000013       72.524117352515319     
   5.11999989       72.309165257348525     
   5.13000011       72.094906472607420     
   5.13999987       71.881338382857919     
   5.15000010       71.668458385326545     
   5.15999985       71.456263889817421     
   5.17000008       71.244752318629594     
   5.17999983       71.033921106476100     
   5.19000006       70.823767700402470     
   5.19999981       70.614289559706776     
   5.21000004       70.405484155860250     
   5.21999979       70.197348972428017     
   5.23000002       69.989881504991558     
   5.23999977       69.783079261070739     
   5.25000000       69.576939760047026     
   5.26000023       69.371460533087514     
   5.26999998       69.166639123069245     
   5.28000021       68.962473084504467     
   5.28999996       68.758959983466056     
   5.30000019       68.556097397514264     
   5.30999994       68.353882915623331     
   5.32000017       68.152314138109446     
   5.32999992       67.951388676558679     
   5.34000015       67.751104153755733     
   5.34999990       67.551458203613649     
   5.36000013       67.352448471103642     
   5.36999989       67.154072612185388     
   5.38000011       66.956328293738508     
   5.38999987       66.759213193494304     
   5.40000010       66.562724999967642     
   5.40999985       66.366861412390236     
   5.42000008       66.171620140643668     
   5.42999983       65.976998905193611     
   5.44000006       65.782995437023857     
   5.44999981       65.589607477572017     
   5.46000004       65.396832778664290     
   5.46999979       65.204669102452058     
   5.48000002       65.013114221348204     
   5.48999977       64.822165917964341     
   5.50000000       64.631821985048319     
   5.51000023       64.442080225422373     
   5.51999998       64.252938451921636     
   5.53000021       64.064394487333388     
   5.53999996       63.876446164336457     
   5.55000019       63.689091325441552     
   5.55999994       63.502327822931413     
   5.57000017       63.316153518802302     
   5.57999992       63.130566284705061     
   5.59000015       62.945564001887448     
   5.59999990       62.761144561136099     
   5.61000013       62.577305862719903     
   5.61999989       62.394045816333048     
   5.63000011       62.211362341038651     
   5.63999987       62.029253365213464     
   5.65000010       61.847716826491826     
   5.65999985       61.666750671711441     
   5.67000008       61.486352856858332     
   5.67999983       61.306521347013266     
   5.69000006       61.127254116297699     
   5.69999981       60.948549147820756     
   5.71000004       60.770404433626389     
   5.71999979       60.592817974641079     
   5.73000002       60.415787780621585     
   5.73999977       60.239311870103549     
   5.75000000       60.063388270350309     
   5.76000023       59.888015017301989     
   5.76999998       59.713190155525169     
   5.78000021       59.538911738162668     
   5.78999996       59.365177826884285     
   5.80000019       59.191986491837163     
   5.80999994       59.019335811597010     
   5.82000017       58.847223873119667     
   5.82999992       58.675648771692828     
   5.84000015       58.504608610888397     
   5.84999990       58.334101502514791     
   5.86000013       58.164125566570306     
   5.86999989       57.994678931195956     
   5.88000011       57.825759732629393     
   5.88999987       57.657366115158730     
   5.90000010       57.489496231077005     
   5.90999985       57.322148240636793     
   5.92000008       57.155320312005045     
   5.92999983       56.989010621218824     
   5.94000006       56.823217352140546     
   5.94999981       56.657938696414249     
   5.96000004       56.493172853421889     
   5.96999979       56.328918030239862     
   5.98000002       56.165172441596113     
   5.98999977       56.001934309827291     
   6.00000000       55.839201864836582     
   6.01000023       55.676973344051291     
   6.01999998       55.515246992381392     
   6.03000021       55.354021062177715     
   6.03999996       55.193293813191069     
   6.05000019       55.033063512531221     
   6.05999994       54.873328434626330     
   6.07000017       54.714086861182714     
   6.07999992       54.555337081144707     
   6.09000015       54.397077390655220     
   6.09999990       54.239306093016076     
   6.11000013       54.082021498649091     
   6.11999989       53.925221925056832     
   6.13000011       53.768905696784621     
   6.13999987       53.613071145381809     
   6.15000010       53.457716609363800     
   6.15999985       53.302840434174520     
   6.17000008       53.148440972148606     
   6.17999983       52.994516582474503     
   6.19000006       52.841065631157363     
   6.19999981       52.688086490982307     
   6.21000004       52.535577541478055     
   6.21999979       52.383537168880729     
   6.23000002       52.231963766097941     
   6.23999977       52.080855732673236     
   6.25000000       51.930211474750372     
   6.26000023       51.780029405038434     
   6.26999998       51.630307942776888     
   6.28000021       51.481045513700579     
   6.28999996       51.332240550005800     
   6.30000019       51.183891490315681     
   6.30999994       51.035996779646410     
   6.32000017       50.888554869373415     
   6.32999992       50.741564217197961     
   6.34000015       50.595023287113811     
   6.34999990       50.448930549374211     
   6.36000013       50.303284480459162     
   6.36999989       50.158083563042624     
   6.38000011       50.013326285960439     
   6.38999987       49.869011144177939     
   6.40000010       49.725136638758237     
   6.40999985       49.581701276830373     
   6.42000008       49.438703571557852     
   6.42999983       49.296142042107391     
   6.44000006       49.154015213617996     
   6.44999981       49.012321617169846     
   6.46000004       48.871059789753865     
   6.46999979       48.730228274241149     
   6.48000002       48.589825619352908     
   6.48999977       48.449850379630242     
   6.50000000       48.310301115404364     
   6.51000023       48.171176392767180     
   6.51999998       48.032474783541510     
   6.53000021       47.894194865252167     
   6.53999996       47.756335221096805     
   6.55000019       47.618894439916915     
   6.55999994       47.481871116169501     
   6.57000017       47.345263849898323     
   6.57999992       47.209071246705868     
   6.59000015       47.073291917725008     
   6.59999990       46.937924479591295     
   6.61000013       46.802967554415098     
   6.61999989       46.668419769754323     
   6.63000011       46.534279758586671     
   6.63999987       46.400546159282761     
   6.65000010       46.267217615579106     
   6.65999985       46.134292776551028     
   6.67000008       46.001770296586436     
   6.67999983       45.869648835358966     
   6.69000006       45.737927057801876     
   6.69999981       45.606603634081878     
   6.71000004       45.475677239573159     
   6.71999979       45.345146554831565     
   6.73000002       45.215010265569070     
   6.73999977       45.085267062628155     
   6.75000000       44.955915641956594     
   6.76000023       44.826954704582462     
   6.76999998       44.698382956588787     
   6.78000021       44.570199109089117     
   6.78999996       44.442401878202567     
   6.80000019       44.314989985029605     
   6.80999994       44.187962155627417     
   6.82000017       44.061317120985883     
   6.82999992       43.935053617003540     
   6.84000015       43.809170384463577     
   6.84999990       43.683666169010230     
   6.86000013       43.558539721125129     
   6.86999989       43.433789796103902     
   6.88000011       43.309415154032799     
   6.88999987       43.185414559765633     
   6.90000010       43.061786782900796     
   6.90999985       42.938530597758337     
   6.92000008       42.815644783357214     
   6.92999983       42.693128123392839     
   6.94000006       42.570979406214683     
   6.94999981       42.449197424803678     
   6.96000004       42.327780976750482     
   6.96999979       42.206728864233192     
   6.98000002       42.086039893995491     
   6.98999977       41.965712877325004     
   7.00000000       41.845746630031613     
   7.01000023       41.726139972425997     
   7.01999998       41.606891729298340     
   7.03000021       41.488000729896974     
   7.03999996       41.369465807907424     
   7.05000019       41.251285801431436     
   7.05999994       41.133459552966144     
   7.07000017       41.015985909383296     
   7.07999992       40.898863721908768     
   7.09000015       40.782091846102048     
   7.09999990       40.665669141836020     
   7.11000013       40.549594473276628     
   7.11999989       40.433866708862865     
   7.13000011       40.318484721286744     
   7.13999987       40.203447387473659     
   7.15000010       40.088753588562369     
   7.15999985       39.974402209885632     
   7.17000008       39.860392140950644     
   7.17999983       39.746722275419600     
   7.19000006       39.633391511090593     
   7.19999981       39.520398749878332     
   7.21000004       39.407742897795202     
   7.21999979       39.295422864932306     
   7.23000002       39.183437565440791     
   7.23999977       39.071785917512898     
   7.25000000       38.960466843363697     
   7.26000023       38.849479269212452     
   7.26999998       38.738822125264221     
   7.28000021       38.628494345691799     
   7.28999996       38.518494868617296     
   7.30000019       38.408822636094442     
   7.30999994       38.299476594090365     
   7.32000017       38.190455692467872     
   7.32999992       38.081758884967854     
   7.34000015       37.973385129191449     
   7.34999990       37.865333386582606     
   7.36000013       37.757602622410865     
   7.36999989       37.650191805753742     
   7.38000011       37.543099909479729     
   7.38999987       37.436325910231112     
   7.40000010       37.329868788406927     
   7.40999985       37.223727528146142     
   7.42000008       37.117901117310730     
   7.42999983       37.012388547469072     
   7.44000006       36.907188813879202     
   7.44999981       36.802300915472451     
   7.46000004       36.697723854836781     
   7.46999979       36.593456638200649     
   7.48000002       36.489498275416700     
   7.48999977       36.385847779945564     
   7.50000000       36.282504168839871     
   7.51000023       36.179466462728293     
   7.51999998       36.076733685799468     
   7.53000021       35.974304865786550     
   7.53999996       35.872179033951177     
   7.55000019       35.770355225068108     
   7.55999994       35.668832477409595     
   7.57000017       35.567609832729843     
   7.57999992       35.466686336249914     
   7.59000015       35.366061036642300     
   7.59999990       35.265732986015713     
   7.61000013       35.165701239900066     
   7.61999989       35.065964857231542     
   7.63000011       34.966522900337530     
   7.63999987       34.867374434921743     
   7.65000010       34.768518530049775     
   7.65999985       34.669954258134005     
   7.67000008       34.571680694919337     
   7.67999983       34.473696919468523     
   7.69000006       34.376002014147723     
   7.69999981       34.278595064612318     
   7.71000004       34.181475159792377     
   7.71999979       34.084641391878769     
   7.73000002       33.988092856308675     
   7.73999977       33.891828651751943     
   7.75000000       33.795847880096851     
   7.76000023       33.700149646436351     
   7.76999998       33.604733059054141     
   7.78000021       33.509597229411085     
   7.78999996       33.414741272131550     
   7.80000019       33.320164304989596     
   7.80999994       33.225865448895711     
   7.82000017       33.131843827883280     
   7.82999992       33.038098569095169     
   7.84000015       32.944628802770623     
   7.84999990       32.851433662231784     
   7.86000013       32.758512283870722     
   7.86999989       32.665863807136304     
   7.88000011       32.573487374521235     
   7.88999987       32.481382131548997     
   7.90000010       32.389547226761145     
   7.90999985       32.297981811704375     
   7.92000008       32.206685040917826     
   7.92999983       32.115656071920519     
   7.94000006       32.024894065198566     
   7.94999981       31.934398184192851     
   7.96000004       31.844167595286471     
   7.96999979       31.754201467792324     
   7.98000002       31.664498973940759     
   7.98999977       31.575059288867454     
   8.00000000       31.485881590601025     
   8.01000023       31.396965060051006     
   8.02000046       31.308308880995902     
   8.02999973       31.219912240070819     
   8.03999996       31.131774326755895     
   8.05000019       31.043894333364243     
   8.06000042       30.956271455030148     
   8.06999969       30.868904889697330     
   8.07999992       30.781793838107230     
   8.09000015       30.694937503787443     
   8.10000038       30.608335093039997     
   8.10999966       30.521985814930087     
   8.11999989       30.435888881274302     
   8.13000011       30.350043506629547     
   8.14000034       30.264448908281487     
   8.14999962       30.179104306233427     
   8.15999985       30.094008923194927     
   8.17000008       30.009161984570799     
   8.18000031       29.924562718450005     
   8.18999958       29.840210355594426     
   8.19999981       29.756104129428120     
   8.21000004       29.672243276026219     
   8.22000027       29.588627034104160     
   8.22999954       29.505254645006758     
   8.23999977       29.422125352697602     
   8.25000000       29.339238403748180     
   8.26000023       29.256593047327321     
   8.27000046       29.174188535190570     
   8.27999973       29.092024121669738     
   8.28999996       29.010099063662135     
   8.30000019       28.928412620620531     
   8.31000042       28.846964054542422     
   8.31999969       28.765752629959895     
   8.32999992       28.684777613929338     
   8.34000015       28.604038276021054     
   8.35000038       28.523533888309270     
   8.35999966       28.443263725361994     
   8.36999989       28.363227064230788     
   8.38000011       28.283423184440856     
   8.39000034       28.203851367981144     
   8.39999962       28.124510899294275     
   8.40999985       28.045401065266748     
   8.42000008       27.966521155219144     
   8.43000031       27.887870460896227     
   8.43999958       27.809448276457370     
   8.44999981       27.731253898466768     
   8.46000004       27.653286625883915     
   8.47000027       27.575545760053938     
   8.47999954       27.498030604697995     
   8.48999977       27.420740465904050     
   8.50000000       27.343674652117102     
   8.51000023       27.266832474130045     
   8.52000046       27.190213245074201     
   8.52999973       27.113816280410077     
   8.53999996       27.037640897918052     
   8.55000019       26.961686417689201     
   8.56000042       26.885952162116169     
   8.56999969       26.810437455883953     
   8.57999992       26.735141625960967     
   8.59000015       26.660064001589838     
   8.60000038       26.585203914278612     
   8.60999966       26.510560697791654     
   8.61999989       26.436133688140860     
   8.63000011       26.361922223576691     
   8.64000034       26.287925644579516     
   8.64999962       26.214143293850682     
   8.65999985       26.140574516303868     
   8.67000008       26.067218659056461     
   8.68000031       25.994075071420763     
   8.68999958       25.921143104895499     
   8.69999981       25.848422113157277     
   8.71000004       25.775911452052000     
   8.72000027       25.703610479586363     
   8.72999954       25.631518555919559     
   8.73999977       25.559635043354774     
   8.75000000       25.487959306330840     
   8.76000023       25.416490711413907     
   8.77000046       25.345228627289263     
   8.77999973       25.274172424752994     
   8.78999996       25.203321476703852     
   8.80000019       25.132675158135005     
   8.81000042       25.062232846126054     
   8.81999969       24.991993919834918     
   8.82999992       24.921957760489693     
   8.84000015       24.852123751380688     
   8.85000038       24.782491277852611     
   8.85999966       24.713059727296411     
   8.86999989       24.643828489141544     
   8.88000011       24.574796954848068     
   8.89000034       24.505964517898860     
   8.89999962       24.437330573791765     
   8.90999985       24.368894520031919     
   8.92000008       24.300655756124055     
   8.93000031       24.232613683564736     
   8.93999958       24.164767705834855     
   8.94999981       24.097117228391962     
   8.96000004       24.029661658662672     
   8.97000027       23.962400406035187     
   8.97999954       23.895332881851825     
   8.98999977       23.828458499401520     
   9.00000000       23.761776673912401     
   9.01000023       23.695286822544428     
   9.02000046       23.628988364382014     
   9.02999973       23.562880720426733     
   9.03999996       23.496963313590019     
   9.05000019       23.431235568685903     
   9.06000042       23.365696912423779     
   9.06999969       23.300346773401330     
   9.07999992       23.235184582097247     
   9.09000015       23.170209770864130     
   9.10000038       23.105421773921496     
   9.10999966       23.040820027348598     
   9.11999989       22.976403969077499     
   9.13000011       22.912173038886035     
   9.14000034       22.848126678390905     
   9.14999962       22.784264331040635     
   9.15999985       22.720585442108899     
   9.17000008       22.657089458687370     
   9.18000031       22.593775829679217     
   9.18999958       22.530644005791952     
   9.19999981       22.467693439530947     
   9.21000004       22.404923585192574     
   9.22000027       22.342333898857500     
   9.22999954       22.279923838384047     
   9.23999977       22.217692863401474     
   9.25000000       22.155640435303496     
   9.26000023       22.093766017241553     
   9.27000046       22.032069074118301     
   9.27999973       21.970549072581150     
   9.28999996       21.909205481015650     
   9.30000019       21.848037769539143     
   9.31000042       21.787045409994214     
   9.31999969       21.726227875942403     
   9.32999992       21.665584642657659     
   9.34000015       21.605115187120184     
   9.35000038       21.544818988009915     
   9.35999966       21.484695525700406     
   9.36999989       21.424744282252377     
   9.38000011       21.364964741407633     
   9.39000034       21.305356388582791     
   9.39999962       21.245918710863013     
   9.40999985       21.186651196996035     
   9.42000008       21.127553337385866     
   9.43000031       21.068624624086773     
   9.43999958       21.009864550797140     
   9.44999981       20.951272612853515     
   9.46000004       20.892848307224451     
   9.47000027       20.834591132504734     
   9.47999954       20.776500588909123     
   9.48999977       20.718576178266602     
   9.50000000       20.660817404014466     
   9.51000023       20.603223771192365     
   9.52000046       20.545794786436378     
   9.52999973       20.488529957973384     
   9.53999996       20.431428795614998     
   9.55000019       20.374490810751954     
   9.56000042       20.317715516348308     
   9.56999969       20.261102426935651     
   9.57999992       20.204651058607414     
   9.59000015       20.148360929013258     
   9.60000038       20.092231557353283     
   9.60999966       20.036262464372534     
   9.61999989       19.980453172355169     
   9.63000011       19.924803205119190     
   9.64000034       19.869312088010545     
   9.64999962       19.813979347897828     
   9.65999985       19.758804513166687     
   9.67000008       19.703787113714217     
   9.68000031       19.648926680943703     
   9.68999958       19.594222747758998     
   9.69999981       19.539674848559219     
   9.71000004       19.485282519233238     
   9.72000027       19.431045297154395     
   9.72999954       19.376962721175129     
   9.73999977       19.323034331621621     
   9.75000000       19.269259670288498     
   9.76000023       19.215638280433563     
   9.77000046       19.162169706772517     
   9.77999973       19.108853495473728     
   9.78999996       19.055689194153018     
   9.80000019       19.002676351868462     
   9.81000042       18.949814519115233     
   9.81999969       18.897103247820404     
   9.82999992       18.844542091337917     
   9.84000015       18.792130604443351     
   9.85000038       18.739868343328919     
   9.85999966       18.687754865598418     
   9.86999989       18.635789730262118     
   9.88000011       18.583972497731825     
   9.89000034       18.532302729815786     
   9.89999962       18.480779989713806     
   9.90999985       18.429403842012235     
   9.92000008       18.378173852679065     
   9.93000031       18.327089589058939     
   9.93999958       18.276150619868400     
   9.94999981       18.225356515190857     
   9.96000004       18.174706846471867     
   9.97000027       18.124201186514181     
   9.97999954       18.073839109473088     
   9.98999977       18.023620190851403     
   10.0000000       17.973544007494912     
   10.0100002       17.923610137587499     
   10.0200005       17.873818160646447     
   10.0299997       17.824167657517705     
   10.0400000       17.774658210371243     
   10.0500002       17.725289402696308     
   10.0600004       17.676060819296847     
   10.0699997       17.626972046286792     
   10.0799999       17.578022671085495     
   10.0900002       17.529212282413191     
   10.1000004       17.480540470286225     
   10.1099997       17.432006826012760     
   10.1199999       17.383610942187953     
   10.1300001       17.335352412689712     
   10.1400003       17.287230832674023     
   10.1499996       17.239245798570433     
   10.1599998       17.191396908077795     
   10.1700001       17.143683760159561     
   10.1800003       17.096105955039537     
   10.1899996       17.048663094197394     
   10.1999998       17.001354780364331     
   10.2100000       16.954180617518645     
   10.2200003       16.907140210881355     
   10.2299995       16.860233166911964     
   10.2399998       16.813459093304083     
   10.2500000       16.766817598981078     
   10.2600002       16.720308294091868     
   10.2700005       16.673930790006583     
   10.2799997       16.627684699312432     
   10.2900000       16.581569635809341     
   10.3000002       16.535585214505762     
   10.3100004       16.489731051614527     
   10.3199997       16.444006764548682     
   10.3299999       16.398411971917220     
   10.3400002       16.352946293521011     
   10.3500004       16.307609350348670     
   10.3599997       16.262400764572412     
   10.3699999       16.217320159544006     
   10.3800001       16.172367159790610     
   10.3900003       16.127541391010769     
   10.3999996       16.082842480070397     
   10.4099998       16.038270054998648     
   10.4200001       15.993823744983963     
   10.4300003       15.949503180370089     
   10.4399996       15.905307992652073     
   10.4499998       15.861237814472254     
   10.4600000       15.817292279616394     
   10.4700003       15.773471023009682     
   10.4799995       15.729773680712819     
   10.4899998       15.686199889918118     
   10.5000000       15.642749288945678     
   10.5100002       15.599421517239406     
   10.5200005       15.556216215363257     
   10.5299997       15.513133024997270     
   10.5400000       15.470171588933889     
   10.5500002       15.427331551074074     
   10.5600004       15.384612556423487     
   10.5699997       15.342014251088763     
   10.5799999       15.299536282273666     
   10.5900002       15.257178298275477     
   10.6000004       15.214939948481083     
   10.6099997       15.172820883363379     
   10.6199999       15.130820754477542     
   10.6300001       15.088939214457316     
   10.6400003       15.047175917011314     
   10.6499996       15.005530516919402     
   10.6599998       14.964002670029052     
   10.6700001       14.922592033251636     
   10.6800003       14.881298264558918     
   10.6899996       14.840121022979327     
   10.6999998       14.799059968594479     
   10.7100000       14.758114762535525     
   10.7200003       14.717285066979620     
   10.7299995       14.676570545146344     
   10.7399998       14.635970861294224     
   10.7500000       14.595485680717120     
   10.7600002       14.555114669740837     
   10.7700005       14.514857495719550     
   10.7799997       14.474713827032328     
   10.7900000       14.434683333079658     
   10.8000002       14.394765684280070     
   10.8100004       14.354960552066625     
   10.8199997       14.315267608883490     
   10.8299999       14.275686528182561     
   10.8400002       14.236216984420020     
   10.8500004       14.196858653053013     
   10.8599997       14.157611210536194     
   10.8699999       14.118474334318453     
   10.8800001       14.079447702839461     
   10.8900003       14.040530995526479     
   10.8999996       14.001723892790899     
   10.9099998       13.963026076025006     
   10.9200001       13.924437227598677     
   10.9300003       13.885957030856083     
   10.9399996       13.847585170112447     
   10.9499998       13.809321330650722     
   10.9600000       13.771165198718460     
   10.9700003       13.733116461524453     
   10.9799995       13.695174807235546     
   10.9899998       13.657339924973558     
   11.0000000       13.619611504811882     
   11.0100002       13.581989237772419     
   11.0200005       13.544472815822443     
   11.0299997       13.507061931871331     
   11.0400000       13.469756279767511     
   11.0500002       13.432555554295252     
   11.0600004       13.395459451171632     
   11.0699997       13.358467667043310     
   11.0799999       13.321579899483545     
   11.0900002       13.284795846989045     
   11.1000004       13.248115208976895     
   11.1099997       13.211537685781495     
   11.1199999       13.175062978651530     
   11.1300001       13.138690789746891     
   11.1400003       13.102420822135707     
   11.1499996       13.066252779791245     
   11.1599998       13.030186367588991     
   11.1700001       12.994221291303592     
   11.1800003       12.958357257605902     
   11.1899996       12.922593974059986     
   11.1999998       12.886931149120203     
   11.2100000       12.851368492128216     
   11.2200003       12.815905713310059     
   11.2299995       12.780542523773237     
   11.2399998       12.745278635503798     
   11.2500000       12.710113761363376     
   11.2600002       12.675047615086417     
   11.2700005       12.640079911277150     
   11.2799997       12.605210365406840     
   11.2900000       12.570438693810807     
   11.3000002       12.535764613685743     
   11.3100004       12.501187843086663     
   11.3199997       12.466708100924260     
   11.3299999       12.432325106961967     
   11.3400002       12.398038581813172     
   11.3500004       12.363848246938527     
   11.3599997       12.329753824642967     
   11.3699999       12.295755038073095     
   11.3800001       12.261851611214352     
   11.3900003       12.228043268888246     
   11.3999996       12.194329736749674     
   11.4099998       12.160710741284079     
   11.4200001       12.127186009804827     
   11.4300003       12.093755270450439     
   11.4399996       12.060418252181876     
   11.4499998       12.027174684779926     
   11.4600000       11.994024298842371     
   11.4700003       11.960966825781441     
   11.4799995       11.928001997821120     
   11.4899998       11.895129547994477     
   11.5000000       11.862349210140959     
   11.5100002       11.829660718903893     
   11.5200005       11.797063809727723     
   11.5299997       11.764558218855500     
   11.5400000       11.732143683326189     
   11.5500002       11.699819940972143     
   11.5600004       11.667586730416426     
   11.5699997       11.635443791070376     
   11.5799999       11.603390863130894     
   11.5900002       11.571427687577978     
   11.6000004       11.539554006172088     
   11.6099997       11.507769561451701     
   11.6199999       11.476074096730741     
   11.6300001       11.444467356096023     
   11.6400003       11.412949084404781     
   11.6499996       11.381519027282163     
   11.6599998       11.350176931118714     
   11.6700001       11.318922543067927     
   11.6800003       11.287755611043698     
   11.6899996       11.256675883717969     
   11.6999998       11.225683110518162     
   11.7100000       11.194777041624778     
   11.7200003       11.163957427969002     
   11.7299995       11.133224021230154     
   11.7399998       11.102576573833378     
   11.7500000       11.072014838947208     
   11.7600002       11.041538570481098     
   11.7700005       11.011147523083118     
   11.7799997       10.980841452137479     
   11.7900000       10.950620113762200     
   11.8000002       10.920483264806808     
   11.8100004       10.890430662849791     
   11.8199997       10.860462066196455     
   11.8299999       10.830577233876431     
   11.8400002       10.800775925641405     
   11.8500004       10.771057901962802     
   11.8599997       10.741422924029383     
   11.8699999       10.711870753745075     
   11.8800001       10.682401153726525     
   11.8900003       10.653013887300911     
   11.8999996       10.623708718503567     
   11.9099998       10.594485412075823     
   11.9200001       10.565343733462615     
   11.9300003       10.536283448810302     
   11.9399996       10.507304324964384     
   11.9499998       10.478406129467270     
   11.9600000       10.449588630556017     
   11.9700003       10.420851597160096     
   11.9799995       10.392194798899272     
   11.9899998       10.363618006081253     
   12.0000000       10.335120989699558     
   12.0100002       10.306703521431306     
   12.0200005       10.278365373635038     
   12.0299997       10.250106319348527     
   12.0400000       10.221926132286612     
   12.0500002       10.193824586838991     
   12.0600004       10.165801458068131     
   12.0699997       10.137856521707107     
   12.0799999       10.109989554157391     
   12.0900002       10.082200332486792     
   12.1000004       10.054488634427283     
   12.1099997       10.026854238372946     
   12.1199999       9.9992969233777451     
   12.1300001       9.9718164691535520     
   12.1400003       9.9444126560679589     
   12.1499996       9.9170852651422212     
   12.1599998       9.8898340780491800     
   12.1700001       9.8626588771111834     
   12.1800003       9.8355594452980135     
   12.1899996       9.8085355662248119     
   12.1999998       9.7815870241500686     
   12.2100000       9.7547136039735545     
   12.2200003       9.7279150912342622     
   12.2299995       9.7011912721084030     
   12.2399998       9.6745419334073617     
   12.2500000       9.6479668625757213     
   12.2600002       9.6214658476892208     
   12.2700005       9.5950386774527203     
   12.2799997       9.5686851411982623     
   12.2900000       9.5424050288830973     
   12.3000002       9.5161981310876218     
   12.3100004       9.4900642390134617     
   12.3199997       9.4640031444815005     
   12.3299999       9.4380146399299107     
   12.3400002       9.4120985184122183     
   12.3500004       9.3862545735953073     
   12.3599997       9.3604825997575176     
   12.3699999       9.3347823917867405     
   12.3800001       9.3091537451784117     
   12.3900003       9.2835964560336688     
   12.3999996       9.2581103210574049     
   12.4099998       9.2326951375563535     
   12.4200001       9.2073507034371840     
   12.4300003       9.1820768172046847     
   12.4399996       9.1568732779597628     
   12.4499998       9.1317398853976357     
   12.4600000       9.1066764398059341     
   12.4700003       9.0816827420628812     
   12.4799995       9.0567585936353456     
   12.4899998       9.0319037965770477     
   12.5000000       9.0071181535267133     
   12.5100002       8.9824014677062376     
   12.5200005       8.9577535429187947     
   12.5299997       8.9331741835470808     
   12.5400000       8.9086631945514441     
   12.5500002       8.8842203814680882     
   12.5600004       8.8598455504072824     
   12.5699997       8.8355385080515170     
   12.5799999       8.8112990616537203     
   12.5900002       8.7871270190354966     
   12.6000004       8.7630221885853175     
   12.6099997       8.7389843792567632     
   12.6199999       8.7150134005667041     
   12.6300001       8.6911090625935916     
   12.6400003       8.6672711759756584     
   12.6499996       8.6434995519091835     
   12.6599998       8.6197940021467794     
   12.6700001       8.5961543389955679     
   12.6800003       8.5725803753155017     
   12.6899996       8.5490719245176425     
   12.6999998       8.5256288005624192     
   12.7100000       8.5022508179578882     
   12.7200003       8.4789377917580602     
   12.7299995       8.4556895375611756     
   12.7399998       8.4325058715080257     
   12.7500000       8.4093866102802277     
   12.7600002       8.3863315710985447     
   12.7700005       8.3633405717212170     
   12.7799997       8.3404134304422790     
   12.7900000       8.3175499660899082     
   12.8000002       8.2947499980246882     
   12.8100004       8.2720133461380598     
   12.8199997       8.2493398308505625     
   12.8299999       8.2267292731102604     
   12.8400002       8.2041814943910882     
   12.8500004       8.1816963166911290     
   12.8599997       8.1592735625311263     
   12.8699999       8.1369130549527728     
   12.8800001       8.1146146175170610     
   12.8900003       8.0923780743027596     
   12.8999996       8.0702032499047238     
   12.9099998       8.0480899694323274     
   12.9200001       8.0260380585078916     
   12.9300003       8.0040473432650181     
   12.9399996       7.9821176503470737     
   12.9499998       7.9602488069055681     
   12.9600000       7.9384406405986194     
   12.9700003       7.9166929795893051     
   12.9799995       7.8950056525441816     
   12.9899998       7.8733784886316780     
   13.0000000       7.8518113175205464     
   13.0100002       7.8303039693783179     
   13.0200005       7.8088562748697568     
   13.0299997       7.7874680651553465     
   13.0400000       7.7661391718896784     
   13.0500002       7.7448694272200269     
   13.0600004       7.7236586637847484     
   13.0699997       7.7025067147117658     
   13.0799999       7.6814134136171370     
   13.0900002       7.6603785946034364     
   13.1000004       7.6394020922583268     
   13.1099997       7.6184837416530149     
   13.1199999       7.5976233783408151     
   13.1300001       7.5768208383555784     
   13.1400003       7.5560759582103287     
   13.1499996       7.5353885748956344     
   13.1599998       7.5147585258782756     
   13.1700001       7.4941856490996868     
   13.1800003       7.4736697829745085     
   13.1899996       7.4532107663891987     
   13.1999998       7.4328084387004631     
   13.2100000       7.4124626397338975     
   13.2200003       7.3921732097825172     
   13.2299995       7.3719399896052860     
   13.2399998       7.3517628204257610     
   13.2500000       7.3316415439305791     
   13.2600002       7.3115760022680645     
   13.2700005       7.2915660380468266     
   13.2799997       7.2716114943343513     
   13.2900000       7.2517122146555177     
   13.3000002       7.2318680429913096     
   13.3100004       7.2120788237773059     
   13.3199997       7.1923444019023428     
   13.3299999       7.1726646227071180     
   13.3400002       7.1530393319827708     
   13.3500004       7.1334683759695814     
   13.3599997       7.1139516013554704     
   13.3699999       7.0944888552747507     
   13.3800001       7.0750799853066706     
   13.3900003       7.0557248394740926     
   13.3999996       7.0364232662421111     
   13.4099998       7.0171751145167383     
   13.4200001       6.9979802336434869     
   13.4300003       6.9788384734061095     
   13.4399996       6.9597496840251738     
   13.4499998       6.9407137161567958     
   13.4600000       6.9217304208912456     
   13.4700003       6.9027996497516835     
   13.4799995       6.8839212546927664     
   13.4899998       6.8650950880993946     
   13.5000000       6.8463210027853840     
   13.5100002       6.8275988519920867     
   13.5200005       6.8089284893871946     
   13.5299997       6.7903097690633452     
   13.5400000       6.7717425455368776     
   13.5500002       6.7532266737465259     
   13.5600004       6.7347620090521314     
   13.5699997       6.7163484072333537     
   13.5799999       6.6979857244883760     
   13.5900002       6.6796738174326640     
   13.6000004       6.6614125430976765     
   13.6099997       6.6432017589295933     
   13.6199999       6.6250413227880482     
   13.6300001       6.6069310929448823     
   13.6400003       6.5888709280829065     
   13.6499996       6.5708606872945898     
   13.6599998       6.5529002300808914     
   13.6700001       6.5349894163499354     
   13.6800003       6.5171281064158535     
   13.6899996       6.4993161609975099     
   13.6999998       6.4815534412172431     
   13.7100000       6.4638398085996940     
   13.7200003       6.4461751250705639     
   13.7299995       6.4285592529553632     
   13.7399998       6.4109920549782782     
   13.7500000       6.3934733942608446     
   13.7600002       6.3760031343208512     
   13.7700005       6.3585811390710827     
   13.7799997       6.3412072728181279     
   13.7900000       6.3238814002611790     
   13.8000002       6.3066033864908446     
   13.8100004       6.2893730969880055     
   13.8199997       6.2721903976225537     
   13.8299999       6.2550551546522701     
   13.8400002       6.2379672347216317     
   13.8500004       6.2209265048606683     
   13.8599997       6.2039328324837282     
   13.8699999       6.1869860853883738     
   13.8800001       6.1700861317542088     
   13.8900003       6.1532328401417224     
   13.8999996       6.1364260794910965     
   13.9099998       6.1196657191211559     
   13.9200001       6.1029516287281025     
   13.9300003       6.0862836783844596     
   13.9399996       6.0696617385379161     
   13.9499998       6.0530856800101542     
   13.9600000       6.0365553739957827     
   13.9700003       6.0200706920611546     
   13.9799995       6.0036315061432921     
   13.9899998       5.9872376885487109     
   14.0000000       5.9708891119523733     
   14.0100002       5.9545856493965124     
   14.0200005       5.9383271742895758     
   14.0299997       5.9221135604050801     
   14.0400000       5.9059446818805581     
   14.0500002       5.8898204132163929     
   14.0600004       5.8737406292747760     
   14.0699997       5.8577052052786325     
   14.0799999       5.8417140168104771     
   14.0900002       5.8257669398113734     
   14.1000004       5.8098638505798368     
   14.1099997       5.7940046257707589     
   14.1199999       5.7781891423943481     
   14.1300001       5.7624172778150715     
   14.1400003       5.7466889097505085     
   14.1499996       5.7310039162704323     
   14.1599998       5.7153621757956010     
   14.1700001       5.6997635670967952     
   14.1800003       5.6842079692937579     
   14.1899996       5.6686952618541078     
   14.1999998       5.6532253245923156     
   14.2100000       5.6377980376686638     
   14.2200003       5.6224132815882282     
   14.2299995       5.6070709371997989     
   14.2399998       5.5917708856948760     
   14.2500000       5.5765130086066339     
   14.2600002       5.5612971878089086     
   14.2700005       5.5461233055151462     
   14.2799997       5.5309912442774216     
   14.2900000       5.5159008869854258     
   14.3000002       5.5008521168653690     
   14.3100004       5.4858448174791308     
   14.3199997       5.4708788727230653     
   14.3299999       5.4559541668271674     
   14.3400002       5.4410705843539571     
   14.3500004       5.4262280101975353     
   14.3599997       5.4114263295826310     
   14.3699999       5.3966654280634829     
   14.3800001       5.3819451915229974     
   14.3900003       5.3672655061716812     
   14.3999996       5.3526262585466879     
   14.4099998       5.3380273355108345     
   14.4200001       5.3234686242516194     
   14.4300003       5.3089500122802882     
   14.4399996       5.2944713874308134     
   14.4499998       5.2800326378589659     
   14.4600000       5.2656336520413651     
   14.4700003       5.2512743187744730     
   14.4799995       5.2369545271736699     
   14.4899998       5.2226741666723182     
   14.5000000       5.2084331270207720     
   14.5100002       5.1942312982854713     
   14.5200005       5.1800685708479888     
   14.5299997       5.1659448354040460     
   14.5400000       5.1518599829626321     
   14.5500002       5.1378139048450739     
   14.5600004       5.1238064926840412     
   14.5699997       5.1098376384226798     
   14.5799999       5.0959072343136853     
   14.5900002       5.0820151729183243     
   14.6000004       5.0681613471055744     
   14.6099997       5.0543456500511832     
   14.6199999       5.0405679752367476     
   14.6300001       5.0268282164488252     
   14.6400003       5.0131258279530604     
   14.6499996       4.9994615631064079     
   14.6599998       4.9858348973434827     
   14.6700001       4.9722457256531873     
   14.6800003       4.9586939433247963     
   14.6899996       4.9451794459471783     
   14.6999998       4.9317021294078209     
   14.7100000       4.9182618898919834     
   14.7200003       4.9048586238818146     
   14.7299995       4.8914922281554176     
   14.7399998       4.8781625997860383     
   14.7500000       4.8648696361411456     
   14.7600002       4.8516132348815715     
   14.7700005       4.8383932939606327     
   14.7799997       4.8252097116232653     
   14.7900000       4.8120623864051568     
   14.8000002       4.7989512171318847     
   14.8100004       4.7858761029180590     
   14.8199997       4.7728369431664470     
   14.8299999       4.7598336375671506     
   14.8400002       4.7468660860966994     
   14.8500004       4.7339341890172673     
   14.8599997       4.7210378468757872     
   14.8699999       4.7081769605030930     
   14.8800001       4.6953514310131110     
   14.8900003       4.6825611598020069     
   14.8999996       4.6698060485473425     
   14.9099998       4.6570859992072400     
   14.9200001       4.6444009140195774     
   14.9300003       4.6317506955011130     
   14.9399996       4.6191352464467128     
   14.9499998       4.6065544699284908     
   14.9600000       4.5940082692949833     
   14.9700003       4.5814965481703611     
   14.9799995       4.5690192104536012     
   14.9899998       4.5565761603176522     
   15.0000000       4.5441673022086526     
