   0.0000000000000000        0.0000000000000000     
   1.0000000000000000E-002   2.6140694186377740     
   2.0000000000000000E-002   5.9256064728638016     
   2.9999999999999999E-002   8.7385031907767221     
   4.0000000000000001E-002   10.820806425629383     
   5.0000000000000003E-002   12.191173118045560     
   6.0000000000000005E-002   12.954222412719858     
   7.0000000000000007E-002   13.236438446991301     
   8.0000000000000002E-002   13.158922225648858     
   8.9999999999999997E-002   12.826519763393861     
   9.9999999999999992E-002   12.324740341751642     
  0.10999999999999999        11.720365073075122     
  0.11999999999999998        11.063663133629619     
  0.12999999999999998        10.391138578887261     
  0.13999999999999999        9.7282624579048154     
  0.14999999999999999        9.0919343069242053     
  0.16000000000000000        8.4925750489751639     
  0.17000000000000001        7.9358375455408439     
  0.18000000000000002        7.4239632492794918     
  0.19000000000000003        6.9568317022992066     
  0.20000000000000004        6.5327545976985437     
  0.21000000000000005        6.1490640242083714     
  0.22000000000000006        5.8025390275044035     
  0.23000000000000007        5.4897078806478854     
  0.24000000000000007        5.2070566509652831     
  0.25000000000000006        4.9511684003930352     
  0.26000000000000006        4.7188119364721510     
  0.27000000000000007        4.5069945171424468     
  0.28000000000000008        4.3129892685592184     
  0.29000000000000009        4.1343452094575115     
  0.30000000000000010        3.9688855737737132     
  0.31000000000000011        3.8146984678037370     
  0.32000000000000012        3.6701226795061235     
  0.33000000000000013        3.5337305790232607     
  0.34000000000000014        3.4043094294708003     
  0.35000000000000014        3.2808419987723312     
  0.36000000000000015        3.1624870737267341     
  0.37000000000000016        3.0485602854959204     
  0.38000000000000017        2.9385155303046830     
  0.39000000000000018        2.8319271875806313     
  0.40000000000000019        2.7284732838690999     
  0.41000000000000020        2.6279197134639301     
  0.42000000000000021        2.5301055985674292     
  0.43000000000000022        2.4349298483648338     
  0.44000000000000022        2.3423389551936697     
  0.45000000000000023        2.2523160458044504     
  0.46000000000000024        2.1648711861962875     
  0.47000000000000025        2.0800329198567051     
  0.48000000000000026        1.9978410018145398     
  0.49000000000000027        1.9183402752187484     
  0.50000000000000022        1.8415756235993597     
  0.51000000000000023        1.7675879208963163     
  0.52000000000000024        1.6964108929354613     
  0.53000000000000025        1.6280687983701849     
  0.54000000000000026        1.5625748341143173     
  0.55000000000000027        1.4999301698031600     
  0.56000000000000028        1.4401235175814959     
  0.57000000000000028        1.3831311472153220     
  0.58000000000000029        1.3289172618158511     
  0.59000000000000030        1.2774346559885770     
  0.60000000000000031        1.2286255856252526     
  0.61000000000000032        1.1824227865053731     
  0.62000000000000033        1.1387505870664245     
  0.63000000000000034        1.0975260688654580     
  0.64000000000000035        1.0586602361714701     
  0.65000000000000036        1.0220591636083567     
  0.66000000000000036       0.98762509767990636     
  0.67000000000000037       0.95525749425086848     
  0.68000000000000038       0.92485397956697302     
  0.69000000000000039       0.89631122715242417     
  0.70000000000000040       0.86952574691816942     
  0.71000000000000041       0.84439458607754103     
  0.72000000000000042       0.82081594403717917     
  0.73000000000000043       0.79868970537046735     
  0.74000000000000044       0.77791789634995501     
  0.75000000000000044       0.75840507139012936     
  0.76000000000000045       0.74005863620352275     
  0.77000000000000046       0.72278911457792727     
  0.78000000000000047       0.70651036550931789     
  0.79000000000000048       0.69113975704183173     
  0.80000000000000049       0.67659830263140253     
  0.81000000000000050       0.66281076522022464     
  0.82000000000000051       0.64970573352830008     
  0.83000000000000052       0.63721567437676385     
  0.84000000000000052       0.62527696418695211     
  0.85000000000000053       0.61382990217322098     
  0.86000000000000054       0.60281870718482677     
  0.87000000000000055       0.59219149966486340     
  0.88000000000000056       0.58190026978852261     
  0.89000000000000057       0.57190083252191959     
  0.90000000000000058       0.56215277010410891     
  0.91000000000000059       0.55261936229454778     
  0.92000000000000060       0.54326750463892270     
  0.93000000000000060       0.53406761498036004     
  0.94000000000000061       0.52499352846841774     
  0.95000000000000062       0.51602238138841150     
  0.96000000000000063       0.50713448423436003     
  0.97000000000000064       0.49831318457252272     
  0.98000000000000065       0.48954472037937335     
  0.99000000000000066       0.48081806467720878     
   1.0000000000000007       0.47212476242850665     
   1.0100000000000007       0.46345876077603831     
   1.0200000000000007       0.45481623382619535     
   1.0300000000000007       0.44619540326486329     
   1.0400000000000007       0.43759635616326686     
   1.0500000000000007       0.42902086137359097     
   1.0600000000000007       0.42047218593334584     
   1.0700000000000007       0.41195491288820285     
   1.0800000000000007       0.40347476191085130     
   1.0900000000000007       0.39503841403719359     
   1.1000000000000008       0.38665334176380095     
   1.1100000000000008       0.37832764565486188     
   1.1200000000000008       0.37006989849446364     
   1.1300000000000008       0.36188899789681128     
   1.1400000000000008       0.35379402815183703     
   1.1500000000000008       0.34579413194414022     
   1.1600000000000008       0.33789839243899966     
   1.1700000000000008       0.33011572608620238     
   1.1800000000000008       0.32245478634972347     
   1.1900000000000008       0.31492387843576497     
   1.2000000000000008       0.30753088496149322     
   1.2100000000000009       0.30028320238636530     
   1.2200000000000009       0.29318768791772476     
   1.2300000000000009       0.28625061650387817     
   1.2400000000000009       0.27947764744177322     
   1.2500000000000009       0.27287380005359763     
   1.2600000000000009       0.26644343782684110     
   1.2700000000000009       0.26019026036626847     
   1.2800000000000009       0.25411730247273273     
   1.2900000000000009       0.24822693964316356     
   1.3000000000000009       0.24252089927697135     
   1.3100000000000009       0.23700027687614200     
   1.3200000000000010       0.23166555653829535     
   1.3300000000000010       0.22651663506288669     
   1.3400000000000010       0.22155284901914599     
   1.3500000000000010       0.21677300416001929     
   1.3600000000000010       0.21217540660656620     
   1.3700000000000010       0.20775789527222593     
   1.3800000000000010       0.20351787504451357     
   1.3900000000000010       0.19945235029097835     
   1.4000000000000010       0.19555795830802691     
   1.4100000000000010       0.19183100238086126     
   1.4200000000000010       0.18826748417396452     
   1.4300000000000010       0.18486313521898709     
   1.4400000000000011       0.18161344731371759     
   1.4500000000000011       0.17851370168884029     
   1.4600000000000011       0.17555899683912507     
   1.4700000000000011       0.17274427495281713     
   1.4800000000000011       0.17006434690489652     
   1.4900000000000011       0.16751391580909897     
   1.5000000000000011       0.16508759914807680     
   1.5100000000000011       0.16277994952171121     
   1.5200000000000011       0.16058547407000223     
   1.5300000000000011       0.15849865264039445     
   1.5400000000000011       0.15651395477793004     
   1.5500000000000012       0.15462585562311121     
   1.5600000000000012       0.15282885080501829     
   1.5700000000000012       0.15111747041714513     
   1.5800000000000012       0.14948629216156101     
   1.5900000000000012       0.14792995374205781     
   1.6000000000000012       0.14644316458131088     
   1.6100000000000012       0.14502071692935384     
   1.6200000000000012       0.14365749642218240     
   1.6300000000000012       0.14234849214002618     
   1.6400000000000012       0.14108880620523512     
   1.6500000000000012       0.13987366294982262     
   1.6600000000000013       0.13869841767308833     
   1.6700000000000013       0.13755856500040428     
   1.6800000000000013       0.13644974684546035     
   1.6900000000000013       0.13536775997022504     
   1.7000000000000013       0.13430856312971445     
   1.7100000000000013       0.13326828378243405     
   1.7200000000000013       0.13224322434223929     
   1.7300000000000013       0.13122986794332392     
   1.7400000000000013       0.13022488368716159     
   1.7500000000000013       0.12922513133847355     
   1.7600000000000013       0.12822766543668360     
   1.7700000000000014       0.12722973878977434     
   1.7800000000000014       0.12622880531889702     
   1.7900000000000014       0.12522252222459132     
   1.8000000000000014       0.12420875144860209     
   1.8100000000000014       0.12318556040950684     
   1.8200000000000014       0.12215122199482312     
   1.8300000000000014       0.12110421379768380     
   1.8400000000000014       0.12004321659169938     
   1.8500000000000014       0.11896711204353536     
   1.8600000000000014       0.11787497966906743     
   1.8700000000000014       0.11676609304492983     
   1.8800000000000014       0.11563991529367013     
   1.8900000000000015       0.11449609386670845     
   1.9000000000000015       0.11333445465512870     
   1.9100000000000015       0.11215499546383981     
   1.9200000000000015       0.11095787888987571     
   1.9300000000000015       0.10974342465018663     
   1.9400000000000015       0.10851210140848547     
   1.9500000000000015       0.10726451815438168     
   1.9600000000000015       0.10600141519101475     
   1.9700000000000015       0.10472365478975162     
   1.9800000000000015       0.10343221157246162     
   1.9900000000000015       0.10212816268281577     
   2.0000000000000013       0.10081267780874426     
   2.0100000000000011        9.9487009117895472E-002
   2.0200000000000009        9.8152481167362526E-002
   2.0300000000000007        9.6810480847581759E-002
   2.0400000000000005        9.5462447418358590E-002
   2.0500000000000003        9.4109862692987462E-002
   2.0600000000000001        9.2754241423093076E-002
   2.0699999999999998        9.1397121934170586E-002
   2.0799999999999996        9.0040057057818521E-002
   2.0899999999999994        8.8684605403045874E-002
   2.0999999999999992        8.7332323004753243E-002
   2.1099999999999990        8.5984755383278016E-002
   2.1199999999999988        8.4643430044370735E-002
   2.1299999999999986        8.3309849444465928E-002
   2.1399999999999983        8.1985484441499792E-002
   2.1499999999999981        8.0671768246985590E-002
   2.1599999999999979        7.9370090890540007E-002
   2.1699999999999977        7.8081794203669480E-002
   2.1799999999999975        7.6808167325370769E-002
   2.1899999999999973        7.5550442728042178E-002
   2.1999999999999971        7.4309792758356474E-002
   2.2099999999999969        7.3087326684139753E-002
   2.2199999999999966        7.1884088234987306E-002
   2.2299999999999964        7.0701053621301066E-002
   2.2399999999999962        6.9539130013708955E-002
   2.2499999999999960        6.8399154462416262E-002
   2.2599999999999958        6.7281893233951617E-002
   2.2699999999999956        6.6188041541026102E-002
   2.2799999999999954        6.5118223639782119E-002
   2.2899999999999952        6.4072993267624778E-002
   2.2999999999999949        6.3052834394030061E-002
   2.3099999999999947        6.2058162256267958E-002
   2.3199999999999945        6.1089324651759924E-002
   2.3299999999999943        6.0146603458941530E-002
   2.3399999999999941        5.9230216358784463E-002
   2.3499999999999939        5.8340318729783486E-002
   2.3599999999999937        5.7477005690018873E-002
   2.3699999999999934        5.6640314260877622E-002
   2.3799999999999932        5.5830225628250962E-002
   2.3899999999999930        5.5046667478314881E-002
   2.3999999999999928        5.4289516386514594E-002
   2.4099999999999926        5.3558600239856827E-002
   2.4199999999999924        5.2853700674339005E-002
   2.4299999999999922        5.2174555510989991E-002
   2.4399999999999920        5.1520861175717331E-002
   2.4499999999999917        5.0892275089971864E-002
   2.4599999999999915        5.0288418020842086E-002
   2.4699999999999913        4.9708876381087563E-002
   2.4799999999999911        4.9153204471064624E-002
   2.4899999999999909        4.8620926656311722E-002
   2.4999999999999907        4.8111539475936577E-002
   2.5099999999999905        4.7624513678504107E-002
   2.5199999999999902        4.7159296183392568E-002
   2.5299999999999900        4.6715311966904011E-002
   2.5399999999999898        4.6291965873488203E-002
   2.5499999999999896        4.5888644353484137E-002
   2.5599999999999894        4.5504717129712768E-002
   2.5699999999999892        4.5139538795933770E-002
   2.5799999999999890        4.4792450350926390E-002
   2.5899999999999888        4.4462780672430272E-002
   2.5999999999999885        4.4149847935576469E-002
   2.6099999999999883        4.3852960980739798E-002
   2.6199999999999881        4.3571420635956759E-002
   2.6299999999999879        4.3304520999024196E-002
   2.6399999999999877        4.3051550684441178E-002
   2.6499999999999875        4.2811794040220320E-002
   2.6599999999999873        4.2584532339310158E-002
   2.6699999999999871        4.2369044950187021E-002
   2.6799999999999868        4.2164610490713163E-002
   2.6899999999999866        4.1970507969007198E-002
   2.6999999999999864        4.1786017914573766E-002
   2.7099999999999862        4.1610423502451636E-002
   2.7199999999999860        4.1443011672562750E-002
   2.7299999999999858        4.1283074245935941E-002
   2.7399999999999856        4.1129909038864251E-002
   2.7499999999999853        4.0982820975491288E-002
   2.7599999999999851        4.0841123198754908E-002
   2.7699999999999849        4.0704138179042407E-002
   2.7799999999999847        4.0571198819380344E-002
   2.7899999999999845        4.0441649555456309E-002
   2.7999999999999843        4.0314847448289344E-002
   2.8099999999999841        4.0190163266922638E-002
   2.8199999999999839        4.0066982558090165E-002
   2.8299999999999836        3.9944706699470797E-002
   2.8399999999999834        3.9822753932813509E-002
   2.8499999999999832        3.9700560372966029E-002
   2.8599999999999830        3.9577580988635189E-002
   2.8699999999999828        3.9453290550548636E-002
   2.8799999999999826        3.9327184542597100E-002
   2.8899999999999824        3.9198780031494254E-002
   2.8999999999999821        3.9067616490504387E-002
   2.9099999999999819        3.8933256572849531E-002
   2.9199999999999817        3.8795286830535194E-002
   2.9299999999999815        3.8653318374488550E-002
   2.9399999999999813        3.8506987472135330E-002
   2.9499999999999811        3.8355956078757504E-002
   2.9599999999999809        3.8199912299335892E-002
   2.9699999999999807        3.8038570777830363E-002
   2.9799999999999804        3.7871673011295848E-002
   2.9899999999999802        3.7698987586547210E-002
   2.9999999999999800        3.7520310337576759E-002
   3.0099999999999798        3.7335464422293893E-002
   3.0199999999999796        3.7144300317634882E-002
   3.0299999999999794        3.6946695732557398E-002
   3.0399999999999792        3.6742555438891197E-002
   3.0499999999999790        3.6531811020445601E-002
   3.0599999999999787        3.6314420541310496E-002
   3.0699999999999785        3.6090368134655923E-002
   3.0799999999999783        3.5859663513851774E-002
   3.0899999999999781        3.5622341408111505E-002
   3.0999999999999779        3.5378460925311959E-002
   3.1099999999999777        3.5128104844991043E-002
   3.1199999999999775        3.4871378844906091E-002
   3.1299999999999772        3.4608410664932109E-002
   3.1399999999999770        3.4339349212287554E-002
   3.1499999999999768        3.4064363612441556E-002
   3.1599999999999766        3.3783642210256482E-002
   3.1699999999999764        3.3497391526193396E-002
   3.1799999999999762        3.3205835172504430E-002
   3.1899999999999760        3.2909212734564021E-002
   3.1999999999999758        3.2607778622538205E-002
   3.2099999999999755        3.2301800898735841E-002
   3.2199999999999753        3.1991560085961580E-002
   3.2299999999999751        3.1677347962211437E-002
   3.2399999999999749        3.1359466347066066E-002
   3.2499999999999747        3.1038225885013919E-002
   3.2599999999999745        3.0713944830895540E-002
   3.2699999999999743        3.0386947842507558E-002
   3.2799999999999740        3.0057564785247889E-002
   3.2899999999999738        2.9726129553536883E-002
   3.2999999999999736        2.9393355323747809E-002
   3.3099999999999734        2.9058790541251163E-002
   3.3199999999999732        2.8723183676111833E-002
   3.3299999999999730        2.8386873919941366E-002
   3.3399999999999728        2.8049982474833202E-002
   3.3499999999999726        2.7713309234550346E-002
   3.3599999999999723        2.7376939659377621E-002
   3.3699999999999721        2.7041201135403703E-002
   3.3799999999999719        2.6706415932987018E-002
   3.3899999999999717        2.6372900401323271E-002
   3.3999999999999715        2.6040964213721429E-002
   3.4099999999999713        2.5710909664817920E-002
   3.4199999999999711        2.5383031020630373E-002
   3.4299999999999708        2.5057613922046966E-002
   3.4399999999999706        2.4734934842035136E-002
   3.4499999999999704        2.4415260596565565E-002
   3.4599999999999702        2.4098847908951154E-002
   3.4699999999999700        2.3785943027041925E-002
   3.4799999999999698        2.3476781392447160E-002
   3.4899999999999696        2.3171587360722796E-002
   3.4999999999999694        2.2870573971230670E-002
   3.5099999999999691        2.2573942765170857E-002
   3.5199999999999689        2.2281990920218674E-002
   3.5299999999999687        2.1994732609465266E-002
   3.5399999999999685        2.1712400573024516E-002
   3.5499999999999683        2.1435150208019949E-002
   3.5599999999999681        2.1162794880756799E-002
   3.5699999999999679        2.0896055891077812E-002
   3.5799999999999677        2.0634785137305683E-002
   3.5899999999999674        2.0379090924043882E-002
   3.5999999999999672        2.0129070241779505E-002
   3.6099999999999670        1.9884808948598041E-002
   3.6199999999999668        1.9646381975202760E-002
   3.6299999999999666        1.9413853550748324E-002
   3.6399999999999664        1.9187277447035564E-002
   3.6499999999999662        1.8966697238653362E-002
   3.6599999999999659        1.8752146576727417E-002
   3.6699999999999657        1.8543649474010764E-002
   3.6799999999999655        1.8341220599125182E-002
   3.6899999999999653        1.8144865577871754E-002
   3.6999999999999651        1.7954581299645292E-002
   3.7099999999999649        1.7770356227068296E-002
   3.7199999999999647        1.7592170707128190E-002
   3.7299999999999645        1.7419997282180303E-002
   3.7399999999999642        1.7254743331348500E-002
   3.7499999999999640        1.7094560673643865E-002
   3.7599999999999638        1.6940265815897776E-002
   3.7699999999999636        1.6791802663126364E-002
   3.7799999999999634        1.6649108761113182E-002
   3.7899999999999632        1.6511096115978095E-002
   3.7999999999999630        1.6379665788662585E-002
   3.8099999999999627        1.6253782416462473E-002
   3.8199999999999625        1.6133361400646824E-002
   3.8299999999999623        1.6018313165948445E-002
   3.8399999999999621        1.5908543403225537E-002
   3.8499999999999619        1.5803953303340518E-002
   3.8599999999999617        1.5704439782284411E-002
   3.8699999999999615        1.5609895697755005E-002
   3.8799999999999613        1.5520210057412932E-002
   3.8899999999999610        1.5435268219162950E-002
   3.8999999999999608        1.5354952083852215E-002
   3.9099999999999606        1.5279140280878713E-002
   3.9199999999999604        1.5207708347210323E-002
   3.9299999999999602        1.5140528900401828E-002
   3.9399999999999600        1.5077471806215140E-002
   3.9499999999999598        1.5018404341480308E-002
   3.9599999999999596        1.4963191352861865E-002
   3.9699999999999593        1.4912131624157804E-002
   3.9799999999999591        1.4864196478876468E-002
   3.9899999999999589        1.4819693370349846E-002
   3.9999999999999587        1.4778478902641206E-002
   4.0099999999999589        1.4740408063079993E-002
   4.0199999999999587        1.4705043383662186E-002
   4.0299999999999585        1.4672839357532701E-002
   4.0399999999999583        1.4643337959724417E-002
   4.0499999999999581        1.4616389043015453E-002
   4.0599999999999579        1.4591841566206300E-002
   4.0699999999999577        1.4569543752566937E-002
   4.0799999999999574        1.4549343251095491E-002
   4.0899999999999572        1.4531087300882720E-002
   4.0999999999999570        1.4514622898810420E-002
   4.1099999999999568        1.4499796970758266E-002
   4.1199999999999566        1.4486456546425082E-002
   4.1299999999999564        1.4474448937810880E-002
   4.1399999999999562        1.4463621921345142E-002
   4.1499999999999559        1.4453823923576040E-002
   4.1599999999999557        1.4444904210287449E-002
   4.1699999999999555        1.4436713078835831E-002
   4.1799999999999553        1.4429102053452093E-002
   4.1899999999999551        1.4421924083191401E-002
   4.1999999999999549        1.4415033742162900E-002
   4.2099999999999547        1.4408249718442834E-002
   4.2199999999999545        1.4401525576354150E-002
   4.2299999999999542        1.4394671150179807E-002
   4.2399999999999540        1.4387550359917151E-002
   4.2499999999999538        1.4380029800265617E-002
   4.2599999999999536        1.4371801074293065E-002
   4.2699999999999534        1.4363043760562091E-002
   4.2799999999999532        1.4353496398328204E-002
   4.2899999999999530        1.4343037562332768E-002
   4.2999999999999527        1.4331549461684023E-002
   4.3099999999999525        1.4318918125608971E-002
   4.3199999999999523        1.4305033583916146E-002
   4.3299999999999521        1.4289790041465709E-002
   4.3399999999999519        1.4273086045951636E-002
   4.3499999999999517        1.4254824648314825E-002
   4.3599999999999515        1.4234913555117600E-002
   4.3699999999999513        1.4213265272247536E-002
   4.3799999999999510        1.4189797239321424E-002
   4.3899999999999508        1.4164431954207454E-002
   4.3999999999999506        1.4137097087116308E-002
   4.4099999999999504        1.4107725583737855E-002
   4.4199999999999502        1.4076255756945856E-002
   4.4299999999999500        1.4042631366641925E-002
   4.4399999999999498        1.4006801687347446E-002
   4.4499999999999496        1.3969639312149101E-002
   4.4599999999999493        1.3929359335179456E-002
   4.4699999999999491        1.3886759319830105E-002
   4.4799999999999489        1.3841810665842964E-002
   4.4899999999999487        1.3794490365416707E-002
   4.4999999999999485        1.3744780990457917E-002
   4.5099999999999483        1.3691522030571831E-002
   4.5199999999999481        1.3636923156273082E-002
   4.5299999999999478        1.3579915135124916E-002
   4.5399999999999476        1.3520502988206897E-002
   4.5499999999999474        1.3458697108084733E-002
   4.5599999999999472        1.3394513169257320E-002
   4.5699999999999470        1.3327972026397059E-002
   4.5799999999999468        1.3259099600791396E-002
   4.5899999999999466        1.3187926755367705E-002
   4.5999999999999464        1.3114489158766993E-002
   4.6099999999999461        1.3038827138982662E-002
   4.6199999999999459        1.2960985527064123E-002
   4.6299999999999457        1.2881013491488714E-002
   4.6399999999999455        1.2798964363797129E-002
   4.6499999999999453        1.2714895456114034E-002
   4.6599999999999451        1.2628867871235697E-002
   4.6699999999999449        1.2540946305947303E-002
   4.6799999999999446        1.2451198848293139E-002
   4.6899999999999444        1.2359696769497325E-002
   4.6999999999999442        1.2267183945403550E-002
   4.7099999999999440        1.2172389850850734E-002
   4.7199999999999438        1.2076067711683899E-002
   4.7299999999999436        1.1978299241911213E-002
   4.7399999999999434        1.1879168283464872E-002
   4.7499999999999432        1.1778760586279788E-002
   4.7599999999999429        1.1676682174835681E-002
   4.7699999999999427        1.1574003150317261E-002
   4.7799999999999425        1.1470316640168184E-002
   4.7899999999999423        1.1365713706944407E-002
   4.7999999999999421        1.1260286185399126E-002
   4.8099999999999419        1.1154126468322680E-002
   4.8199999999999417        1.1047327296127455E-002
   4.8299999999999415        1.0939981550764524E-002
   4.8399999999999412        1.0832182054514526E-002
   4.8499999999999410        1.0724021374161400E-002
   4.8599999999999408        1.0615591631033428E-002
   4.8699999999999406        1.0506984317354024E-002
   4.8799999999999404        1.0398290119308588E-002
   4.8899999999999402        1.0289598747207800E-002
   4.8999999999999400        1.0180998773071116E-002
   4.9099999999999397        1.0072577475935351E-002
   4.9199999999999395        9.9644206951396176E-003
   4.9299999999999393        9.8566126918085799E-003
   4.9399999999999391        9.7492360187130325E-003
   4.9499999999999389        9.6423713986472266E-003
   4.9599999999999387        9.5359984051051009E-003
   4.9699999999999385        9.4303907370331588E-003
   4.9799999999999383        9.3255284088898244E-003
   4.9899999999999380        9.2214841796832755E-003
   4.9999999999999378        9.1183285095620108E-003
   5.0099999999999376        9.0161294878223306E-003
   5.0199999999999374        8.9149027079957425E-003
   5.0299999999999372        8.8147907163928629E-003
   5.0399999999999370        8.7158206811059902E-003
   5.0499999999999368        8.6180503479223267E-003
   5.0599999999999365        8.5215348572093598E-003
   5.0699999999999363        8.4263267214808226E-003
   5.0799999999999361        8.3324758101797000E-003
   5.0899999999999359        8.2400293413970108E-003
   5.0999999999999357        8.1490318802296350E-003
   5.1099999999999355        8.0595253434608133E-003
   5.1199999999999353        7.9715490102376732E-003
   5.1299999999999351        7.8851395384053457E-003
   5.1399999999999348        7.8003309861518245E-003
   5.1499999999999346        7.7171548386045057E-003
   5.1599999999999344        7.6356400390205255E-003
   5.1699999999999342        7.5558130242066156E-003
   5.1799999999999340        7.4776977637981291E-003
   5.1899999999999338        7.4013158030395640E-003
   5.1999999999999336        7.3266863086956773E-003
   5.2099999999999334        7.2538261177404056E-003
   5.2199999999999331        7.1832247195674380E-003
   5.2299999999999329        7.1139942462441659E-003
   5.2399999999999327        7.0465725818391507E-003
   5.2499999999999325        6.9809676872350582E-003
   5.2599999999999323        6.9171854452299295E-003
   5.2699999999999321        6.8552297178235046E-003
   5.2799999999999319        6.7951024040601733E-003
   5.2899999999999316        6.7361272286484801E-003
   5.2999999999999314        6.6796063650731274E-003
   5.3099999999999312        6.6249072212830259E-003
   5.3199999999999310        6.5720245872221122E-003
   5.3299999999999308        6.5209515965923767E-003
   5.3399999999999306        6.4716797832502374E-003
   5.3499999999999304        6.4241991365482339E-003
   5.3599999999999302        6.3784981554777251E-003
   5.3699999999999299        6.3345639014724753E-003
   5.3799999999999297        6.2923820497531226E-003
   5.3899999999999295        6.2519369391261306E-003
   5.3999999999999293        6.2132116201377161E-003
   5.4099999999999291        6.1761879015433301E-003
   5.4199999999999289        6.1408463950188771E-003
   5.4299999999999287        6.1071665581175667E-003
   5.4399999999999284        6.0751267354255904E-003
   5.4499999999999282        6.0447041979525091E-003
   5.4599999999999280        6.0158751807478338E-003
   5.4699999999999278        5.9886149187916952E-003
   5.4799999999999276        5.9628976812056960E-003
   5.4899999999999274        5.9392115111611306E-003
   5.4999999999999272        5.9165052274812741E-003
   5.5099999999999270        5.8952573138036021E-003
   5.5199999999999267        5.8754383273196473E-003
   5.5299999999999265        5.8570180113993609E-003
   5.5399999999999263        5.8399653231217524E-003
   5.5499999999999261        5.8242484599118731E-003
   5.5599999999999259        5.8094116400600922E-003
   5.5699999999999257        5.7962715390547483E-003
   5.5799999999999255        5.7843693658207402E-003
   5.5899999999999253        5.7736705848893269E-003
   5.5999999999999250        5.7641400111469896E-003
   5.6099999999999248        5.7557418316781682E-003
   5.6199999999999246        5.7484396274975966E-003
   5.6299999999999244        5.7421963953118438E-003
   5.6399999999999242        5.7369745694358732E-003
   5.6499999999999240        5.7327360439920188E-003
   5.6599999999999238        5.7294421955116030E-003
   5.6699999999999235        5.7270539060601793E-003
   5.6799999999999233        5.7255315869929654E-003
   5.6899999999999231        5.7248352034508605E-003
   5.6999999999999229        5.7249242996926996E-003
   5.7099999999999227        5.7257580253559613E-003
   5.7199999999999225        5.7272951627290198E-003
   5.7299999999999223        5.7294941551097704E-003
   5.7399999999999221        5.7323131363172337E-003
   5.7499999999999218        5.7357099614112825E-003
   5.7599999999999216        5.7396422386694641E-003
   5.7699999999999214        5.7439946013205139E-003
   5.7799999999999212        5.7488576458312145E-003
   5.7899999999999210        5.7541287400368762E-003
   5.7999999999999208        5.7597651235792025E-003
   5.8099999999999206        5.7657239922348658E-003
   5.8199999999999203        5.7719625379115853E-003
   5.8299999999999201        5.7784379897438364E-003
   5.8399999999999199        5.7851105154967733E-003
   5.8499999999999197        5.7919266246357834E-003
   5.8599999999999195        5.7988494690829825E-003
   5.8699999999999193        5.8058365488511607E-003
   5.8799999999999191        5.8128456070387019E-003
   5.8899999999999189        5.8198346772455924E-003
   5.8999999999999186        5.8267621317571400E-003
   5.9099999999999184        5.8335867303952790E-003
   5.9199999999999182        5.8402676699297711E-003
   5.9299999999999180        5.8467646339340970E-003
   5.9399999999999178        5.8530378429663011E-003
   5.9499999999999176        5.8590481049486734E-003
   5.9599999999999174        5.8647568656161339E-003
   5.9699999999999172        5.8701262588974675E-003
   5.9799999999999169        5.8751191570925732E-003
   5.9899999999999167        5.8796992207041376E-003
   5.9999999999999165        5.8838309477789470E-003
   6.0099999999999163        5.8874797226162387E-003
   6.0199999999999161        5.8906118636951142E-003
   6.0299999999999159        5.8931946706758821E-003
   6.0399999999999157        5.8951964703294448E-003
   6.0499999999999154        5.8965866612489103E-003
   6.0599999999999152        5.8977015563193274E-003
   6.0699999999999150        5.8978301039224260E-003
   6.0799999999999148        5.8972655581515064E-003
   6.0899999999999146        5.8959820361512575E-003
   6.0999999999999144        5.8939549043008953E-003
   6.1099999999999142        5.8911608109037568E-003
   6.1199999999999140        5.8875777168039666E-003
   6.1299999999999137        5.8825546424961161E-003
   6.1399999999999135        5.8772779842874052E-003
   6.1499999999999133        5.8711520100888197E-003
   6.1599999999999131        5.8641603045992523E-003
   6.1699999999999129        5.8562879069854303E-003
   6.1799999999999127        5.8475213280223780E-003
   6.1899999999999125        5.8378485645236549E-003
   6.1999999999999122        5.8272591109969542E-003
   6.2099999999999120        5.8157439684913834E-003
   6.2199999999999118        5.8032956505929692E-003
   6.2299999999999116        5.7899081865477892E-003
   6.2399999999999114        5.7755771214913817E-003
   6.2499999999999112        5.7602995137799543E-003
   6.2599999999999110        5.7440739294241702E-003
   6.2699999999999108        5.7269004336373093E-003
   6.2799999999999105        5.7087805795139846E-003
   6.2899999999999103        5.6897173938747821E-003
   6.2999999999999101        5.6697153603129102E-003
   6.3099999999999099        5.6487803994857803E-003
   6.3199999999999097        5.6269198467158357E-003
   6.3299999999999095        5.6041424269583900E-003
   6.3399999999999093        5.5804582272103269E-003
   6.3499999999999091        5.5565658611025723E-003
   6.3599999999999088        5.5311183288394190E-003
   6.3699999999999086        5.5048001091927076E-003
   6.3799999999999084        5.4776262265596089E-003
   6.3899999999999082        5.4496128986780013E-003
   6.3999999999999080        5.4207774974039686E-003
   6.4099999999999078        5.3911385077047465E-003
   6.4199999999999076        5.3607154849803591E-003
   6.4299999999999073        5.3289237385484595E-003
   6.4399999999999071        5.2969947650362524E-003
   6.4499999999999069        5.2643484687757442E-003
   6.4599999999999067        5.2310082969209346E-003
   6.4699999999999065        5.1969985193189936E-003
   6.4799999999999063        5.1623441769682050E-003
   6.4899999999999061        5.1270710297018690E-003
   6.4999999999999059        5.0912055032229959E-003
   6.5099999999999056        5.0547746356423146E-003
   6.5199999999999054        5.0178060236526567E-003
   6.5299999999999052        4.9803277684808828E-003
   6.5399999999999050        4.9423684217539485E-003
   6.5499999999999048        4.9039569314163894E-003
   6.5599999999999046        4.8651225878314566E-003
   6.5699999999999044        4.8258949701963406E-003
   6.5799999999999041        4.7863038934026873E-003
   6.5899999999999039        4.7463793554608407E-003
   6.5999999999999037        4.7061514856146583E-003
   6.6099999999999035        4.6656504932574951E-003
   6.6199999999999033        4.6249066177649414E-003
   6.6299999999999031        4.5839500793491226E-003
   6.6399999999999029        4.5428110310354389E-003
   6.6499999999999027        4.5014856782532846E-003
   6.6599999999999024        4.4600552228025708E-003
   6.6699999999999022        4.4185321269112161E-003
   6.6799999999999020        4.3769459858655907E-003
   6.6899999999999018        4.3353261169914474E-003
   6.6999999999999016        4.2937015196702118E-003
   6.7099999999999014        4.2521008369471210E-003
   6.7199999999999012        4.2105523187872503E-003
   6.7299999999999010        4.1690908273895114E-003
   6.7399999999999007        4.1277322819533654E-003
   6.7499999999999005        4.0865066098935265E-003
   6.7599999999999003        4.0454400002655289E-003
   6.7699999999999001        4.0045580887824615E-003
   6.7799999999998999        3.9638859324356221E-003
   6.7899999999998997        3.9234479860045662E-003
   6.7999999999998995        3.8832680804586081E-003
   6.8099999999998992        3.8433694032460716E-003
   6.8199999999998990        3.8037744804609221E-003
   6.8299999999998988        3.7645051608725128E-003
   6.8399999999998986        3.7255826017958188E-003
   6.8499999999998984        3.6870272567774125E-003
   6.8599999999998982        3.6488588650654958E-003
   6.8699999999998980        3.6110964428272300E-003
   6.8799999999998978        3.5737582760739075E-003
   6.8899999999998975        3.5368619152483585E-003
   6.8999999999998973        3.5004241714257588E-003
   6.9099999999998971        3.4644611140754824E-003
   6.9199999999998969        3.4289880703275953E-003
   6.9299999999998967        3.3940196256850327E-003
   6.9399999999998965        3.3595696261197075E-003
   6.9499999999998963        3.3257652538031877E-003
   6.9599999999998960        3.2924129533393495E-003
   6.9699999999998958        3.2596179160729053E-003
   6.9799999999998956        3.2273910911819921E-003
   6.9899999999998954        3.1957427105752754E-003
   6.9999999999998952        3.1646822974910325E-003
   7.0099999999998950        3.1342186760015588E-003
   7.0199999999998948        3.1043599813498045E-003
   7.0299999999998946        3.0751136710468552E-003
   7.0399999999998943        3.0461581196694677E-003
   7.0499999999998941        3.0181282410125286E-003
   7.0599999999998939        2.9907279991115070E-003
   7.0699999999998937        2.9639622964737450E-003
   7.0799999999998935        2.9378354285790184E-003
   7.0899999999998933        2.9123510982148890E-003
   7.0999999999998931        2.8875124300703756E-003
   7.1099999999998929        2.8633219855238256E-003
   7.1199999999998926        2.8397817775570895E-003
   7.1299999999998924        2.8168932857430360E-003
   7.1399999999998922        2.7946574712396722E-003
   7.1499999999998920        2.7730747917439008E-003
   7.1599999999998918        2.7521452163447569E-003
   7.1699999999998916        2.7318682402312604E-003
   7.1799999999998914        2.7122428992048643E-003
   7.1899999999998911        2.6932677839552823E-003
   7.1999999999998909        2.6749410540579583E-003
   7.2099999999998907        2.6572604516535087E-003
   7.2199999999998905        2.6402233147811726E-003
   7.2299999999998903        2.6238265903281224E-003
   7.2399999999998901        2.6080668465738050E-003
   7.2499999999998899        2.5929402853025179E-003
   7.2599999999998897        2.5788333783768862E-003
   7.2699999999998894        2.5649732833846308E-003
   7.2799999999998892        2.5517323651102607E-003
   7.2899999999998890        2.5391053892110192E-003
   7.2999999999998888        2.5270868058061865E-003
   7.3099999999998886        2.5156707589253950E-003
   7.3199999999998884        2.5048510954864128E-003
   7.3299999999998882        2.4946213738054508E-003
   7.3399999999998879        2.4849748716507698E-003
   7.3499999999998877        2.4759045938473976E-003
   7.3599999999998875        2.4670073853414868E-003
   7.3699999999998873        2.4590619154327073E-003
   7.3799999999998871        2.4516709412898195E-003
   7.3899999999998869        2.4448265013646319E-003
   7.3999999999998867        2.4385203918119774E-003
   7.4099999999998865        2.4327441712953322E-003
   7.4199999999998862        2.4274891654434598E-003
   7.4299999999998860        2.4227464709873298E-003
   7.4399999999998858        2.4185069596024417E-003
   7.4499999999998856        2.4147612814879272E-003
   7.4599999999998854        2.4114998687115841E-003
   7.4699999999998852        2.4087129383536317E-003
   7.4799999999998850        2.4063904954789786E-003
   7.4899999999998847        2.4045223359751506E-003
   7.4999999999998845        2.4030980492852298E-003
   7.5099999999998843        2.4021070210714646E-003
   7.5199999999998841        2.4015384358449655E-003
   7.5299999999998839        2.4013812795916131E-003
   7.5399999999998837        2.4016243424319940E-003
   7.5499999999998835        2.4022562213470711E-003
   7.5599999999998833        2.4032653230013005E-003
   7.5699999999998830        2.4046398666986574E-003
   7.5799999999998828        2.4064051298623820E-003
   7.5899999999998826        2.4084631380504222E-003
   7.5999999999998824        2.4108496273218994E-003
   7.6099999999998822        2.4135521482253168E-003
   7.6199999999998820        2.4165580899478652E-003
   7.6299999999998818        2.4198546851353069E-003
   7.6399999999998816        2.4234290150268560E-003
   7.6499999999998813        2.4272680149216757E-003
   7.6599999999998811        2.4313584799939962E-003
   7.6699999999998809        2.4356870714702670E-003
   7.6799999999998807        2.4402260545654322E-003
   7.6899999999998805        2.4449959304026999E-003
   7.6999999999998803        2.4499627936306464E-003
   7.7099999999998801        2.4551127344160893E-003
   7.7199999999998798        2.4604317375887140E-003
   7.7299999999998796        2.4659056910984029E-003
   7.7399999999998794        2.4715203949199236E-003
   7.7499999999998792        2.4772615704049782E-003
   7.7599999999998790        2.4831148700808804E-003
   7.7699999999998788        2.4890658878918550E-003
   7.7799999999998786        2.4951001698768870E-003
   7.7899999999998784        2.5012032252768562E-003
   7.7999999999998781        2.5073605380600385E-003
   7.8099999999998779        2.5135575788542679E-003
   7.8199999999998777        2.5197798172711719E-003
   7.8299999999998775        2.5260127346064649E-003
   7.8399999999998773        2.5322418368975844E-003
   7.8499999999998771        2.5384526683188942E-003
   7.8599999999998769        2.5446308248925236E-003
   7.8699999999998766        2.5507619684905841E-003
   7.8799999999998764        2.5568318411039641E-003
   7.8899999999998762        2.5628262793503638E-003
   7.8999999999998760        2.5687312291932697E-003
   7.9099999999998758        2.5745457376603977E-003
   7.9199999999998756        2.5802444969974673E-003
   7.9299999999998754        2.5858141893975802E-003
   7.9399999999998752        2.5912414328865979E-003
   7.9499999999998749        2.5965130271874454E-003
   7.9599999999998747        2.6016159682796438E-003
   7.9699999999998745        2.6065374629077633E-003
   7.9799999999998743        2.6112649430052159E-003
   7.9899999999998741        2.6157860800005367E-003
   7.9999999999998739        2.6200887989735831E-003
   8.0099999999998737        2.6239067978458498E-003
   8.0199999999998735        2.6277099056205748E-003
   8.0299999999998732        2.6312582686168024E-003
   8.0399999999998730        2.6345409468714132E-003
   8.0499999999998728        2.6375473291590243E-003
   8.0599999999998726        2.6402671461584057E-003
   8.0699999999998724        2.6426904832361209E-003
   8.0799999999998722        2.6448077928129237E-003
   8.0899999999998720        2.6466099062815484E-003
   8.0999999999998717        2.6480880454443855E-003
   8.1099999999998715        2.6492338334406246E-003
   8.1199999999998713        2.6500393051333187E-003
   8.1299999999998711        2.6504969169293653E-003
   8.1399999999998709        2.6505995560053685E-003
   8.1499999999998707        2.6503405489143343E-003
   8.1599999999998705        2.6497136695494061E-003
   8.1699999999998703        2.6487131464441394E-003
   8.1799999999998700        2.6473336693866780E-003
   8.1899999999998698        2.6455703953327204E-003
   8.1999999999998696        2.6434189535961224E-003
   8.2099999999998694        2.6408754503077043E-003
   8.2199999999998692        2.6379364721244489E-003
   8.2299999999998690        2.6345990891820173E-003
   8.2399999999998688        2.6313186312067276E-003
   8.2499999999998685        2.6271984749901261E-003
   8.2599999999998683        2.6226737831406459E-003
   8.2699999999998681        2.6177434694117608E-003
   8.2799999999998679        2.6124069301295613E-003
   8.2899999999998677        2.6066640428996403E-003
   8.2999999999998675        2.6005151645830506E-003
   8.3099999999998673        2.5939611285501259E-003
   8.3199999999998671        2.5870032412138337E-003
   8.3299999999998668        2.5796432778560363E-003
   8.3399999999998666        2.5718834777521361E-003
   8.3499999999998664        2.5631933921684835E-003
   8.3599999999998662        2.5546307246815834E-003
   8.3699999999998660        2.5456785727989584E-003
   8.3799999999998658        2.5363410480327636E-003
   8.3899999999998656        2.5266226897043735E-003
   8.3999999999998654        2.5165284555915745E-003
   8.4099999999998651        2.5060637119701020E-003
   8.4199999999998649        2.4952342230717128E-003
   8.4299999999998647        2.4840461399848928E-003
   8.4399999999998645        2.4725059890260302E-003
   8.4499999999998643        2.4606206596048978E-003
   8.4599999999998641        2.4483973916165176E-003
   8.4699999999998639        2.4358437623856776E-003
   8.4799999999998636        2.4229676731977153E-003
   8.4899999999998634        2.4097773354442302E-003
   8.4999999999998632        2.3962812564156857E-003
   8.5099999999998630        2.3824882247751949E-003
   8.5199999999998628        2.3684072957433494E-003
   8.5299999999998626        2.3540477760303751E-003
   8.5399999999998624        2.3394192085470227E-003
   8.5499999999998622        2.3245313569279858E-003
   8.5599999999998619        2.3093941899033545E-003
   8.5699999999998617        2.2940178655501946E-003
   8.5799999999998615        2.2785254289794422E-003
   8.5899999999998613        2.2626900234728312E-003
   8.5999999999998611        2.2466462510369978E-003
   8.6099999999998609        2.2304049086021025E-003
   8.6199999999998607        2.2139769086788165E-003
   8.6299999999998604        2.1973732636190986E-003
   8.6399999999998602        2.1806050699557421E-003
   8.6499999999998600        2.1636834928533150E-003
   8.6599999999998598        2.1466197506952193E-003
   8.6699999999998596        2.1294250998384690E-003
   8.6799999999998594        2.1121108195617218E-003
   8.6899999999998592        2.0946312030831211E-003
   8.6999999999998590        2.0771194754712076E-003
   8.7099999999998587        2.0595218414954652E-003
   8.7199999999998585        2.0418494601481150E-003
   8.7299999999998583        2.0241134388846293E-003
   8.7399999999998581        2.0063248204483831E-003
   8.7499999999998579        1.9884945700732806E-003
   8.7599999999998577        1.9706335630830249E-003
   8.7699999999998575        1.9527525729041571E-003
   8.7799999999998573        1.9348622595090508E-003
   8.7899999999998570        1.9169731583032522E-003
   8.7999999999998568        1.8990956694702210E-003
   8.8099999999998566        1.8812400477855483E-003
   8.8199999999998564        1.8634163929107210E-003
   8.8299999999998562        1.8456346401755505E-003
   8.8399999999998560        1.8279045518567287E-003
   8.8499999999998558        1.8102357089587327E-003
   8.8599999999998555        1.7926375035018148E-003
   8.8699999999998553        1.7751191313203339E-003
   8.8799999999998551        1.7576895853736992E-003
   8.8899999999998549        1.7403576495702276E-003
   8.8999999999998547        1.7231318931034746E-003
   8.9099999999998545        1.7060206652992575E-003
   8.9199999999998543        1.6890320909695505E-003
   8.9299999999998541        1.6721197550784179E-003
   8.9399999999998538        1.6554050938783378E-003
   8.9499999999998536        1.6388369349057898E-003
   8.9599999999998534        1.6224224975530835E-003
   8.9699999999998532        1.6061687589438095E-003
   8.9799999999998530        1.5900824520365953E-003
   8.9899999999998528        1.5741700641847536E-003
   8.9999999999998526        1.5584378361411778E-003
   9.0099999999998523        1.5428917614957066E-003
   9.0199999999998521        1.5275375865318591E-003
   9.0299999999998519        1.5123808104894774E-003
   9.0399999999998517        1.4973227854396926E-003
   9.0499999999998515        1.4825639541355639E-003
   9.0599999999998513        1.4680167923157763E-003
   9.0699999999998511        1.4536858185958308E-003
   9.0799999999998509        1.4395753136018539E-003
   9.0899999999998506        1.4256893224081670E-003
   9.0999999999998504        1.4120316572610381E-003
   9.1099999999998502        1.3986059005714818E-003
   9.1199999999998500        1.3854154081580647E-003
   9.1299999999998498        1.3724633127213007E-003
   9.1399999999998496        1.3597525275312640E-003
   9.1499999999998494        1.3472857503091359E-003
   9.1599999999998492        1.3350654672846045E-003
   9.1699999999998489        1.3230939574098968E-003
   9.1799999999998487        1.3113732967121807E-003
   9.1899999999998485        1.2999053627656936E-003
   9.1999999999998483        1.2886918392662739E-003
   9.2099999999998481        1.2777342206889133E-003
   9.2199999999998479        1.2670338170119662E-003
   9.2299999999998477        1.2565917584908511E-003
   9.2399999999998474        1.2464090004630926E-003
   9.2499999999998472        1.2364863281703687E-003
   9.2599999999998470        1.2268243615797037E-003
   9.2699999999998468        1.2174235601898993E-003
   9.2799999999998466        1.2084918361202420E-003
   9.2899999999998464        1.1996246758230137E-003
   9.2999999999998462        1.1910191755351899E-003
   9.3099999999998460        1.1826751705124885E-003
   9.3199999999998457        1.1745923573824851E-003
   9.3299999999998455        1.1667702985811543E-003
   9.3399999999998453        1.1592084266894716E-003
   9.3499999999998451        1.1519060486586215E-003
   9.3599999999998449        1.1448623499164530E-003
   9.3699999999998447        1.1380763983455582E-003
   9.3799999999998445        1.1315471481271801E-003
   9.3899999999998442        1.1252734434442949E-003
   9.3999999999998440        1.1189817375444032E-003
   9.4099999999998438        1.1132076534078271E-003
   9.4199999999998436        1.1076852265760476E-003
   9.4299999999998434        1.1024129231163088E-003
   9.4399999999998432        1.0973891159437618E-003
   9.4499999999998430        1.0926120875281286E-003
   9.4599999999998428        1.0880800324308622E-003
   9.4699999999998425        1.0837910596711714E-003
   9.4799999999998423        1.0797431949223352E-003
   9.4899999999998421        1.0759343825389113E-003
   9.4999999999998419        1.0723624874165634E-003
   9.5099999999998417        1.0690252966879658E-003
   9.5199999999998415        1.0659205212563180E-003
   9.5299999999998413        1.0630457971721515E-003
   9.5399999999998411        1.0603986868561730E-003
   9.5499999999998408        1.0579766801754389E-003
   9.5599999999998406        1.0557771953761115E-003
   9.5699999999998404        1.0537975798804691E-003
   9.5799999999998402        1.0520351109552014E-003
   9.5899999999998400        1.0504869962563446E-003
   9.5999999999998398        1.0491503742611399E-003
   9.6099999999998396        1.0480223145923721E-003
   9.6199999999998393        1.0470998182454277E-003
   9.6299999999998391        1.0463798177260887E-003
   9.6399999999998389        1.0459591879208459E-003
   9.6499999999998387        1.0456304978054139E-003
   9.6599999999998385        1.0454942260449311E-003
   9.6699999999998383        1.0455470237601878E-003
   9.6799999999998381        1.0457854749067405E-003
   9.6899999999998379        1.0462060962475044E-003
   9.6999999999998376        1.0468053373110771E-003
   9.7099999999998374        1.0475795803453595E-003
   9.7199999999998372        1.0485251402765276E-003
   9.7299999999998370        1.0496382646833003E-003
   9.7399999999998368        1.0509151337956420E-003
   9.7499999999998366        1.0523518605272816E-003
   9.7599999999998364        1.0538760336308536E-003
   9.7699999999998361        1.0556248475547486E-003
   9.7799999999998359        1.0575216446003942E-003
   9.7899999999998357        1.0595622510099665E-003
   9.7999999999998355        1.0617424239756602E-003
   9.8099999999998353        1.0640578519221845E-003
   9.8199999999998351        1.0665041548842181E-003
   9.8299999999998349        1.0690768849873488E-003
   9.8399999999998347        1.0717715270394113E-003
   9.8499999999998344        1.0745834992396683E-003
   9.8599999999998342        1.0775081540126330E-003
   9.8699999999998340        1.0805407789725449E-003
   9.8799999999998338        1.0836765980247293E-003
   9.8899999999998336        1.0869107726088744E-003
   9.8999999999998334        1.0902384030890572E-003
   9.9099999999998332        1.0936545302952121E-003
   9.9199999999998330        1.0971541372193903E-003
   9.9299999999998327        1.1007321508704282E-003
   9.9399999999998325        1.1043834442896648E-003
   9.9499999999998323        1.1081028387297050E-003
   9.9599999999998321        1.1118851059981165E-003
   9.9699999999998319        1.1157249709669668E-003
   9.9799999999998317        1.1196171142484801E-003
   9.9899999999998315        1.1235561750371787E-003
   9.9999999999998312        1.1275367541171899E-003
   10.009999999999831        1.1314810612162328E-003
   10.019999999999831        1.1355277296114152E-003
   10.029999999999831        1.1396000460506856E-003
   10.039999999999830        1.1436925400166165E-003
   10.049999999999830        1.1477997212988897E-003
   10.059999999999830        1.1519160837942803E-003
   10.069999999999830        1.1560361094337635E-003
   10.079999999999830        1.1601542722312940E-003
   10.089999999999829        1.1642650424484092E-003
   10.099999999999829        1.1683628908685864E-003
   10.109999999999829        1.1724422931744516E-003
   10.119999999999829        1.1764977344211748E-003
   10.129999999999828        1.1805237135984760E-003
   10.139999999999828        1.1844601629513200E-003
   10.149999999999828        1.1884014221007272E-003
   10.159999999999828        1.1922959606481980E-003
   10.169999999999828        1.1961383450127380E-003
   10.179999999999827        1.1999231806747355E-003
   10.189999999999827        1.2036451173469791E-003
   10.199999999999827        1.2072988541842631E-003
   10.209999999999827        1.2108791450218376E-003
   10.219999999999827        1.2143808036325365E-003
   10.229999999999826        1.2177987089922236E-003
   10.239999999999826        1.2211278105432259E-003
   10.249999999999826        1.2243631334450402E-003
   10.259999999999826        1.2274997838018155E-003
   10.269999999999825        1.2305329538559141E-003
   10.279999999999825        1.2334579271366585E-003
   10.289999999999825        1.2362700835537989E-003
   10.299999999999825        1.2389649044250426E-003
   10.309999999999825        1.2415379774265308E-003
   10.319999999999824        1.2439850014566173E-003
   10.329999999999824        1.2463017914016751E-003
   10.339999999999824        1.2484842827942340E-003
   10.349999999999824        1.2505285363532516E-003
   10.359999999999824        1.2524307423966183E-003
   10.369999999999823        1.2541872251159551E-003
   10.379999999999823        1.2559872445479662E-003
   10.389999999999823        1.2574561041992817E-003
   10.399999999999823        1.2587694336450184E-003
   10.409999999999823        1.2599241021047337E-003
   10.419999999999822        1.2609171284903905E-003
   10.429999999999822        1.2617456846551341E-003
   10.439999999999822        1.2624070984620823E-003
   10.449999999999822        1.2628988566669784E-003
   10.459999999999821        1.2632186076090108E-003
   10.469999999999821        1.2633641637049956E-003
   10.479999999999821        1.2633335037416176E-003
   10.489999999999821        1.2631247749610756E-003
   10.499999999999821        1.2627362949369707E-003
   10.509999999999820        1.2618296761452812E-003
   10.519999999999820        1.2610642236525909E-003
   10.529999999999820        1.2601150964805536E-003
   10.539999999999820        1.2589813512461634E-003
   10.549999999999820        1.2576622223896175E-003
   10.559999999999819        1.2561571225772625E-003
   10.569999999999819        1.2544656428644864E-003
   10.579999999999819        1.2525875526169751E-003
   10.589999999999819        1.2505227991921374E-003
   10.599999999999818        1.2482715073795418E-003
   10.609999999999818        1.2458339786030309E-003
   10.619999999999818        1.2432106898852429E-003
   10.629999999999818        1.2404022925772669E-003
   10.639999999999818        1.2374096108556795E-003
   10.649999999999817        1.2342336399902786E-003
   10.659999999999817        1.2308755443860380E-003
   10.669999999999817        1.2273366554039953E-003
   10.679999999999817        1.2236184689643852E-003
   10.689999999999817        1.2197226429380853E-003
   10.699999999999816        1.2156509943310372E-003
   10.709999999999816        1.2114054962683238E-003
   10.719999999999816        1.2069882747828644E-003
   10.729999999999816        1.2024016054164022E-003
   10.739999999999815        1.1976479096393450E-003
   10.749999999999815        1.1927297510960987E-003
   10.759999999999815        1.1878260532783985E-003
   10.769999999999815        1.1825839568379744E-003
   10.779999999999815        1.1771853206809944E-003
   10.789999999999814        1.1716332288998670E-003
   10.799999999999814        1.1659308888672302E-003
   10.809999999999814        1.1600816267213104E-003
   10.819999999999814        1.1540888827290090E-003
   10.829999999999814        1.1479562065347974E-003
   10.839999999999813        1.1416872523044984E-003
   10.849999999999813        1.1352857737724187E-003
   10.859999999999813        1.1287556192005241E-003
   10.869999999999813        1.1221007262590321E-003
   10.879999999999812        1.1153251168367676E-003
   10.889999999999812        1.1084328917913989E-003
   10.899999999999812        1.1013027698437614E-003
   10.909999999999812        1.0941951584524832E-003
   10.919999999999812        1.0869839210795136E-003
   10.929999999999811        1.0796734014888419E-003
   10.939999999999811        1.0722679936157344E-003
   10.949999999999811        1.0647721361621569E-003
   10.959999999999811        1.0571903072044016E-003
   10.969999999999811        1.0495270188216476E-003
   10.979999999999810        1.0417868117542231E-003
   10.989999999999810        1.0339742501006320E-003
   10.999999999999810        1.0260939160617820E-003
   11.009999999999810        1.0181504047398686E-003
   11.019999999999810        1.0101483190016049E-003
   11.029999999999809        1.0020922644116373E-003
   11.039999999999809        9.9398684424567584E-004
   11.049999999999809        9.8583665458903437E-004
   11.059999999999809        9.7764627952878964E-004
   11.069999999999808        9.6942028644551393E-004
   11.079999999999808        9.6116322141153398E-004
   11.089999999999808        9.5287960470170105E-004
   11.099999999999808        9.4457392642218569E-004
   11.109999999999808        9.3625064226346053E-004
   11.119999999999807        9.2791416938184769E-004
   11.129999999999807        9.1956888241501492E-004
   11.139999999999807        9.1121910963560756E-004
   11.149999999999807        9.0279424106011344E-004
   11.159999999999807        8.9444568954333802E-004
   11.169999999999806        8.8610561999415702E-004
   11.179999999999806        8.7777816228508214E-004
   11.189999999999806        8.6946738263399400E-004
   11.199999999999806        8.6117728057982313E-004
   11.209999999999805        8.5291178611751140E-004
   11.219999999999805        8.4467475699445509E-004
   11.229999999999805        8.3646997616941120E-004
   11.239999999999805        8.2830114943564077E-004
   11.249999999999805        8.2017190320855500E-004
   11.259999999999804        8.1208578247852180E-004
   11.269999999999804        8.0404624892894863E-004
   11.279999999999804        7.9605667921916730E-004
   11.289999999999804        7.8811224177308885E-004
   11.299999999999804        7.8022895267733979E-004
   11.309999999999803        7.7240484674164552E-004
   11.319999999999803        7.6464293782293937E-004
   11.329999999999803        7.5694614938998854E-004
   11.339999999999803        7.4931731380702149E-004
   11.349999999999802        7.4175917176900357E-004
   11.359999999999802        7.3427437188532335E-004
   11.369999999999802        7.2686547040899186E-004
   11.379999999999802        7.1953493110773624E-004
   11.389999999999802        7.1228512527337674E-004
   11.399999999999801        7.0511833186563861E-004
   11.409999999999801        6.9803673778609770E-004
   11.419999999999801        6.9104243827823901E-004
   11.429999999999801        6.8413743744878230E-004
   11.439999999999801        6.7732364890585068E-004
   11.449999999999800        6.7060289650906053E-004
   11.459999999999800        6.6397691522643689E-004
   11.469999999999800        6.5744735209322764E-004
   11.479999999999800        6.5101576726718893E-004
   11.489999999999799        6.4468363517514084E-004
   11.499999999999799        6.3845234574523373E-004
   11.509999999999799        6.3232320571948448E-004
   11.519999999999799        6.2629744004110257E-004
   11.529999999999799        6.2037619331069315E-004
   11.539999999999798        6.1456053130601437E-004
   11.549999999999798        6.0891815095066642E-004
   11.559999999999798        6.0332253943984077E-004
   11.569999999999798        5.9783539510015714E-004
   11.579999999999798        5.9245747571845986E-004
   11.589999999999797        5.8718946802121326E-004
   11.599999999999797        5.8203198945743428E-004
   11.609999999999797        5.7698559000616460E-004
   11.619999999999797        5.7205075400299952E-004
   11.629999999999797        5.6722790198013230E-004
   11.639999999999796        5.6251739251483293E-004
   11.649999999999796        5.5791952408126150E-004
   11.659999999999796        5.5343453690038917E-004
   11.669999999999796        5.4906261478308274E-004
   11.679999999999795        5.4480388696213043E-004
   11.689999999999795        5.4051365553878065E-004
   11.699999999999795        5.3647599407850724E-004
   11.709999999999795        5.3255159694166334E-004
   11.719999999999795        5.2874040294613683E-004
   11.729999999999794        5.2504230549681814E-004
   11.739999999999794        5.2145715425377362E-004
   11.749999999999794        5.1798475676046308E-004
   11.759999999999794        5.1462488002838056E-004
   11.769999999999794        5.1137725207460569E-004
   11.779999999999793        5.0824156341039135E-004
   11.789999999999793        5.0521746847678132E-004
   11.799999999999793        5.0230458702604829E-004
   11.809999999999793        4.9950250544577896E-004
   11.819999999999792        4.9681077802403385E-004
   11.829999999999792        4.9422892815376564E-004
   11.839999999999792        4.9175644947458818E-004
   11.849999999999792        4.8939280695118226E-004
   11.859999999999792        4.8713743788642082E-004
   11.869999999999791        4.8498975286919831E-004
   11.879999999999791        4.8294913665550829E-004
   11.889999999999791        4.8101494898284861E-004
   11.899999999999791        4.7918652531745315E-004
   11.909999999999791        4.7746317753470359E-004
   11.919999999999790        4.7584419453240994E-004
   11.929999999999790        4.7432884277791819E-004
   11.939999999999790        4.7291636678924512E-004
   11.949999999999790        4.7169686905220267E-004
   11.959999999999789        4.7048772597744798E-004
   11.969999999999789        4.6937886370672442E-004
   11.979999999999789        4.6836943356304154E-004
   11.989999999999789        4.6745856644321354E-004
   11.999999999999789        4.6664537296056273E-004
   12.009999999999788        4.6592894353474730E-004
   12.019999999999788        4.6530834843000555E-004
   12.029999999999788        4.6478263774519575E-004
   12.039999999999788        4.6435084135705140E-004
   12.049999999999788        4.6401196882006515E-004
   12.059999999999787        4.6376500922531039E-004
   12.069999999999787        4.6360893102138955E-004
   12.079999999999787        4.6354268179993384E-004
   12.089999999999787        4.6356518804937461E-004
   12.099999999999786        4.6359484295506546E-004
   12.109999999999786        4.6379287539427007E-004
   12.119999999999786        4.6407647376324717E-004
   12.129999999999786        4.6444447817212126E-004
   12.139999999999786        4.6489570544567377E-004
   12.149999999999785        4.6542894870104783E-004
   12.159999999999785        4.6604297691429616E-004
   12.169999999999785        4.6673653447946658E-004
   12.179999999999785        4.6750834076334348E-004
   12.189999999999785        4.6835708965988431E-004
   12.199999999999784        4.6928144914724413E-004
   12.209999999999784        4.7028006085137402E-004
   12.219999999999784        4.7135153961927576E-004
   12.229999999999784        4.7249447310555696E-004
   12.239999999999783        4.7370742137558235E-004
   12.249999999999783        4.7498891652857458E-004
   12.259999999999783        4.7633746234393426E-004
   12.269999999999783        4.7775153395394193E-004
   12.279999999999783        4.7922957754614986E-004
   12.289999999999782        4.8077001009825258E-004
   12.299999999999782        4.8237121914865397E-004
   12.309999999999782        4.8403156260550933E-004
   12.319999999999782        4.8574936859686435E-004
   12.329999999999782        4.8752293536488738E-004
   12.339999999999781        4.8935053120634318E-004
   12.349999999999781        4.9123039446209596E-004
   12.359999999999781        4.9311825031034240E-004
   12.369999999999781        4.9509398452265052E-004
   12.379999999999781        4.9711654283809698E-004
   12.389999999999780        4.9918405990049370E-004
   12.399999999999780        5.0129464216158519E-004
   12.409999999999780        5.0344636821568088E-004
   12.419999999999780        5.0563728919217061E-004
   12.429999999999779        5.0786542920687949E-004
   12.439999999999779        5.1012878587285669E-004
   12.449999999999779        5.1242533087142114E-004
   12.459999999999779        5.1475301058371030E-004
   12.469999999999779        5.1710974678305659E-004
   12.479999999999778        5.1949343738831935E-004
   12.489999999999778        5.2190195727807578E-004
   12.499999999999778        5.2433315916536999E-004
   12.509999999999778        5.2679008368174953E-004
   12.519999999999778        5.2925914746113426E-004
   12.529999999999777        5.3174405247835587E-004
   12.539999999999777        5.3424255246978291E-004
   12.549999999999777        5.3675238384040210E-004
   12.559999999999777        5.3927126694086613E-004
   12.569999999999776        5.4179690740438469E-004
   12.579999999999776        5.4432699754203609E-004
   12.589999999999776        5.4685921779511106E-004
   12.599999999999776        5.4939123824264088E-004
   12.609999999999776        5.5192072016233842E-004
   12.619999999999775        5.5444531764306634E-004
   12.629999999999775        5.5696267924648006E-004
   12.639999999999775        5.5947044971583256E-004
   12.649999999999775        5.6196627172935972E-004
   12.659999999999775        5.6444778769584002E-004
   12.669999999999774        5.6691264158959193E-004
   12.679999999999774        5.6935848082225588E-004
   12.689999999999774        5.7178295814838567E-004
   12.699999999999774        5.7418373360192609E-004
   12.709999999999773        5.7655847646055267E-004
   12.719999999999773        5.7890486723462730E-004
   12.729999999999773        5.8122059967751828E-004
   12.739999999999773        5.8350338281418072E-004
   12.749999999999773        5.8575094298421232E-004
   12.759999999999772        5.8796102589635918E-004
   12.769999999999772        5.9016042719318843E-004
   12.779999999999772        5.9229476444009970E-004
   12.789999999999772        5.9438534340473933E-004
   12.799999999999772        5.9643000950620876E-004
   12.809999999999771        5.9842663669533924E-004
   12.819999999999771        6.0037312943562299E-004
   12.829999999999771        6.0226742467222043E-004
   12.839999999999771        6.0410749378558360E-004
   12.849999999999770        6.0589134452681691E-004
   12.859999999999770        6.0761702293118025E-004
   12.869999999999770        6.0928261520691975E-004
   12.879999999999770        6.1088624959618437E-004
   12.889999999999770        6.1242609820492283E-004
   12.899999999999769        6.1390037879879584E-004
   12.909999999999769        6.1530735656225915E-004
   12.919999999999769        6.1664534581776080E-004
   12.929999999999769        6.1775099566039010E-004
   12.939999999999769        6.1893743757519652E-004
   12.949999999999768        6.2004996782332442E-004
   12.959999999999768        6.2108712748772067E-004
   12.969999999999768        6.2204751584948317E-004
   12.979999999999768        6.2292979180548201E-004
   12.989999999999768        6.2373267522298874E-004
   12.999999999999767        6.2445494822826911E-004
   13.009999999999767        6.2509545642749974E-004
   13.019999999999767        6.2565311005699140E-004
   13.029999999999767        6.2612688506179768E-004
   13.039999999999766        6.2651582409943909E-004
   13.049999999999766        6.2681903746827201E-004
   13.059999999999766        6.2703570395769884E-004
   13.069999999999766        6.2716507161964766E-004
   13.079999999999766        6.2720645845958795E-004
   13.089999999999765        6.2715925304543700E-004
   13.099999999999765        6.2702291503440033E-004
   13.109999999999765        6.2679697561564469E-004
   13.119999999999765        6.2648103786875514E-004
   13.129999999999765        6.2607477703747246E-004
   13.139999999999764        6.2557794071777515E-004
   13.149999999999764        6.2499034896026863E-004
   13.159999999999764        6.2431189428717275E-004
   13.169999999999764        6.2354254162312638E-004
   13.179999999999763        6.2268232814062865E-004
   13.189999999999763        6.2187518145175730E-004
   13.199999999999763        6.2083551542381997E-004
   13.209999999999763        6.1970526907582425E-004
   13.219999999999763        6.1848475030249102E-004
   13.229999999999762        6.1717433757972162E-004
   13.239999999999762        6.1577447938006681E-004
   13.249999999999762        6.1428569350920623E-004
   13.259999999999762        6.1270856636409061E-004
   13.269999999999762        6.1104375211423019E-004
   13.279999999999761        6.0929197180752885E-004
   13.289999999999761        6.0745401240159180E-004
   13.299999999999761        6.0553072572272775E-004
   13.309999999999761        6.0352302735391743E-004
   13.319999999999760        6.0143189545363749E-004
   13.329999999999760        5.9925836950729941E-004
   13.339999999999760        5.9700354901356912E-004
   13.349999999999760        5.9466859210735492E-004
   13.359999999999760        5.9211242765887630E-004
   13.369999999999759        5.8962215730850177E-004
   13.379999999999759        5.8705581212740933E-004
   13.389999999999759        5.8441477000104264E-004
   13.399999999999759        5.8170045878803132E-004
   13.409999999999759        5.7891435458627336E-004
   13.419999999999758        5.7605797995554297E-004
   13.429999999999758        5.7313290209995166E-004
   13.439999999999758        5.7014073101297987E-004
   13.449999999999758        5.6708311758794125E-004
   13.459999999999757        5.6396175169732752E-004
   13.469999999999757        5.6077836024341632E-004
   13.479999999999757        5.5753470518396498E-004
   13.489999999999757        5.5423258153542701E-004
   13.499999999999757        5.5087381535724495E-004
   13.509999999999756        5.4746026171994329E-004
   13.519999999999756        5.4399380266056041E-004
   13.529999999999756        5.4047634512798719E-004
   13.539999999999756        5.3690981892179671E-004
   13.549999999999756        5.3329617462718050E-004
   13.559999999999755        5.2963738154955151E-004
   13.569999999999755        5.2593542565108615E-004
   13.579999999999755        5.2219230749297942E-004
   13.589999999999755        5.1841004018571691E-004
   13.599999999999755        5.1459064735059554E-004
   13.609999999999754        5.1073616109523082E-004
   13.619999999999754        5.0681804769427217E-004
   13.629999999999754        5.0289571837759477E-004
   13.639999999999754        4.9894443779230076E-004
   13.649999999999753        4.9496626430123888E-004
   13.659999999999753        4.9096325520003306E-004
   13.669999999999753        4.8693746479855338E-004
   13.679999999999753        4.8289094253316689E-004
   13.689999999999753        4.7882573111208379E-004
   13.699999999999752        4.7474386469604037E-004
   13.709999999999752        4.7064736711680346E-004
   13.719999999999752        4.6653825013535200E-004
   13.729999999999752        4.6241851174205707E-004
   13.739999999999752        4.5829013450071718E-004
   13.749999999999751        4.5415508393816071E-004
   13.759999999999751        4.5001530698162036E-004
   13.769999999999751        4.4587273044502157E-004
   13.779999999999751        4.4172925956617349E-004
   13.789999999999750        4.3759469729278409E-004
   13.799999999999750        4.3345544131075683E-004
   13.809999999999750        4.2932071036724481E-004
   13.819999999999750        4.2519230226294798E-004
   13.829999999999750        4.2107198694219525E-004
   13.839999999999749        4.1696150538448132E-004
   13.849999999999749        4.1286256855405687E-004
   13.859999999999749        4.0877685640800215E-004
   13.869999999999749        4.0470601696337906E-004
   13.879999999999749        4.0065166542374434E-004
   13.889999999999748        3.9661538336535759E-004
   13.899999999999748        3.9259871798320097E-004
   13.909999999999748        3.8860318139688629E-004
   13.919999999999748        3.8463025001641334E-004
   13.929999999999747        3.8068136396751792E-004
   13.939999999999747        3.7675792657651302E-004
   13.949999999999747        3.7286130391409533E-004
   13.959999999999747        3.6899282439774653E-004
   13.969999999999747        3.6515377845217794E-004
   13.979999999999746        3.6134541822709077E-004
   13.989999999999746        3.5756895737155985E-004
   13.999999999999746        3.5382557086424096E-004
   14.009999999999746        3.5011639489831569E-004
   14.019999999999746        3.4644252682039083E-004
   14.029999999999745        3.4280502512208845E-004
   14.039999999999745        3.3920490948322643E-004
   14.049999999999745        3.3564316086533987E-004
   14.059999999999745        3.3211176680939469E-004
   14.069999999999744        3.2863188858553763E-004
   14.079999999999744        3.2519320931498677E-004
   14.089999999999744        3.2179655513827992E-004
   14.099999999999744        3.1844271438025205E-004
   14.109999999999744        3.1513243791784064E-004
   14.119999999999743        3.1186643958818025E-004
   14.129999999999743        3.0864539663516240E-004
   14.139999999999743        3.0546995019274577E-004
   14.149999999999743        3.0234070580315746E-004
   14.159999999999743        2.9925823396807901E-004
   14.169999999999742        2.9622307073096609E-004
   14.179999999999742        2.9323571828852087E-004
   14.189999999999742        2.9029664562942579E-004
   14.199999999999742        2.8740628919824931E-004
   14.209999999999742        2.8456505358273793E-004
   14.219999999999741        2.8177331222224960E-004
   14.229999999999741        2.7897267187005248E-004
   14.239999999999741        2.7627791979296424E-004
   14.249999999999741        2.7363355690994726E-004
   14.259999999999740        2.7103984286680819E-004
   14.269999999999740        2.6849701007279614E-004
   14.279999999999740        2.6600526449166364E-004
   14.289999999999740        2.6356478644024684E-004
   14.299999999999740        2.6117573139241624E-004
   14.309999999999739        2.5883823078680666E-004
   14.319999999999739        2.5655239283615885E-004
   14.329999999999739        2.5431830333671405E-004
   14.339999999999739        2.5213602647555225E-004
   14.349999999999739        2.5000560563449685E-004
   14.359999999999738        2.4792706418847929E-004
   14.369999999999738        2.4590040629691415E-004
   14.379999999999738        2.4392561768648733E-004
   14.389999999999738        2.4200266642345476E-004
   14.399999999999737        2.4013150367440799E-004
   14.409999999999737        2.3831206445355926E-004
   14.419999999999737        2.3654426835542134E-004
   14.429999999999737        2.3482802027145029E-004
   14.439999999999737        2.3316321108922340E-004
   14.449999999999736        2.3154971837304784E-004
   14.459999999999736        2.2998740702488577E-004
   14.469999999999736        2.2847612992420928E-004
   14.479999999999736        2.2701572854603145E-004
   14.489999999999736        2.2560603355603197E-004
   14.499999999999735        2.2429886781760386E-004
   14.509999999999735        2.2299108607713280E-004
   14.519999999999735        2.2173338892846468E-004
   14.529999999999735        2.2052556547791621E-004
   14.539999999999734        2.1936739656113185E-004
   14.549999999999734        2.1825865518529568E-004
   14.559999999999734        2.1719910694412541E-004
   14.569999999999734        2.1618851040479991E-004
   14.579999999999734        2.1522661746698336E-004
   14.589999999999733        2.1431317369339370E-004
   14.599999999999733        2.1344791861195136E-004
   14.609999999999733        2.1263058598936831E-004
   14.619999999999733        2.1186090407642404E-004
   14.629999999999733        2.1113859582444218E-004
   14.639999999999732        2.1046337907394295E-004
   14.649999999999732        2.0983496671488872E-004
   14.659999999999732        2.0925306681948618E-004
   14.669999999999732        2.0871738274730981E-004
   14.679999999999731        2.0816666222807281E-004
   14.689999999999731        2.0772227919938074E-004
   14.699999999999731        2.0732325960313698E-004
   14.709999999999731        2.0696929077209996E-004
   14.719999999999731        2.0666005542478803E-004
   14.729999999999730        2.0639523160903203E-004
   14.739999999999730        2.0617449262178245E-004
   14.749999999999730        2.0599750690586106E-004
   14.759999999999730        2.0586393792464288E-004
   14.769999999999730        2.0577344401547342E-004
   14.779999999999729        2.0572567822278498E-004
   14.789999999999729        2.0572028811204540E-004
   14.799999999999729        2.0575691556535484E-004
   14.809999999999729        2.0583519655996554E-004
   14.819999999999729        2.0595476093073894E-004
   14.829999999999728        2.0611523211773203E-004
   14.839999999999728        2.0631622690003788E-004
   14.849999999999728        2.0655735511709497E-004
   14.859999999999728        2.0683821937888419E-004
   14.869999999999727        2.0715841476590650E-004
   14.879999999999727        2.0751752852052975E-004
   14.889999999999727        2.0791513973090082E-004
   14.899999999999727        2.0835081900863887E-004
   14.909999999999727        2.0882412816173191E-004
   14.919999999999726        2.0933461986405316E-004
   14.929999999999726        2.0988183732244871E-004
   14.939999999999726        2.1046531394333195E-004
   14.949999999999726        2.1108030264023529E-004
   14.959999999999726        2.1173304186829071E-004
   14.969999999999725        2.1242051129273135E-004
   14.979999999999725        2.1314220318462260E-004
   14.989999999999725        2.1389759867356222E-004
   14.999999999999725        2.1468616745361612E-004
