   0.0000000000000000        0.0000000000000000     
   5.0000000000000003E-002   1.3851964643611783E-002
  0.10000000000000001        2.7646437523792755E-002
  0.15000000000000002        4.1326145214005600E-002
  0.20000000000000001        5.4834432580834813E-002
  0.25000000000000000        6.8115457216774755E-002
  0.30000000000000004        8.1114429566813528E-002
  0.35000000000000003        9.3777848522114224E-002
  0.40000000000000002       0.10605373141744956     
  0.45000000000000001       0.11789183738332593     
  0.50000000000000000       0.12924388302196071     
  0.55000000000000004       0.14006374939842514     
  0.60000000000000009       0.15030767936430883     
  0.65000000000000002       0.15993446426117169     
  0.70000000000000007       0.16890561908480617     
  0.75000000000000000       0.17718554522891272     
  0.80000000000000004       0.18474167996819113     
  0.85000000000000009       0.19154463188606008     
  0.90000000000000002       0.19756830150125684     
  0.95000000000000007       0.20278998640045312     
   1.0000000000000000       0.20719047024079759     
   1.0500000000000000       0.21075409504701156     
   1.1000000000000001       0.21346881629239170     
   1.1500000000000001       0.21532624032190550     
   1.2000000000000002       0.21632164374859256     
   1.2500000000000000       0.21645397453183468     
   1.3000000000000000       0.21572583452783947     
   1.3500000000000001       0.21414344338903046     
   1.4000000000000001       0.21171658378006436     
   1.4500000000000002       0.20845852797401429     
   1.5000000000000000       0.20438594599293897     
   1.5500000000000000       0.19951879556264371     
   1.6000000000000001       0.19388019426190622     
   1.6500000000000001       0.18749627436168523     
   1.7000000000000002       0.18039602096964830     
   1.7500000000000000       0.17261109421941884     
   1.8000000000000000       0.16417563637175270     
   1.8500000000000001       0.15512606482574740     
   1.9000000000000001       0.14550085217126305     
   1.9500000000000002       0.13534029454786514     
   2.0000000000000000       0.12468626970938007     
   2.0500000000000003       0.11358198632488911     
   2.1000000000000001       0.10207172617467469     
   2.1499999999999999        9.0200581020966425E-002
   2.2000000000000002        7.8014186045696196E-002
   2.2500000000000000        6.5558451847976915E-002
   2.3000000000000003        5.2879297079539436E-002
   2.3500000000000001        4.0022383863601442E-002
   2.4000000000000004        2.7032858188216477E-002
   2.4500000000000002        1.3955097485702256E-002
   2.5000000000000000        8.3246760206773392E-004
   2.5500000000000003       -1.2292908678452789E-002
   2.6000000000000001       -2.5380369461023216E-002
   2.6500000000000004       -3.8390915934974609E-002
   2.7000000000000002       -5.1287397094750851E-002
   2.7500000000000000       -6.4034675326421611E-002
   2.8000000000000003       -7.6599771414709264E-002
   2.8500000000000001       -8.8951987773897429E-002
   2.9000000000000004      -0.10106300898368167     
   2.9500000000000002      -0.11290697901313547     
   3.0000000000000000      -0.12446055483647492     
   3.0500000000000003      -0.13570293647615334     
   3.1000000000000001      -0.14661587384414282     
   3.1500000000000004      -0.15718365108266513     
   3.2000000000000002      -0.16739304942253108     
   3.2500000000000000      -0.17723328987221521     
   3.3000000000000003      -0.18669595731573257     
   3.3500000000000001      -0.19577490782709994     
   3.4000000000000004      -0.20446616119172006     
   3.4500000000000002      -0.21276778076857930     
   3.5000000000000000      -0.22067974291364661     
   3.5500000000000003      -0.22820379822590928     
   3.6000000000000001      -0.23534332686786893     
   3.6500000000000004      -0.24210319015647752     
   3.7000000000000002      -0.24848958052231962     
   3.7500000000000000      -0.25450987179973167     
   3.8000000000000003      -0.26017247164474411     
   3.8500000000000001      -0.26548667768813827     
   3.9000000000000004      -0.27046253882461779     
   3.9500000000000002      -0.27511072282315596     
   4.0000000000000000      -0.27944239122466896     
   4.0499999999999998      -0.28346908227735307     
   4.1000000000000005      -0.28720260245260643     
   4.1500000000000004      -0.29065492688982236     
   4.2000000000000002      -0.29383810893992324     
   4.2500000000000000      -0.29676419881775640     
   4.2999999999999998      -0.29944517123394004     
   4.3500000000000005      -0.30189286175810898     
   4.4000000000000004      -0.30411891156771464     
   4.4500000000000002      -0.30613472015890114     
   4.5000000000000000      -0.30795140553733713     
   4.5499999999999998      -0.30957977136569498     
   4.6000000000000005      -0.31103028051893478     
   4.6500000000000004      -0.31231303448675174     
   4.7000000000000002      -0.31343775806249491     
   4.7500000000000000      -0.31441378876760573     
   4.8000000000000007      -0.31525007047829923     
   4.8500000000000005      -0.31595515074507530     
   4.9000000000000004      -0.31653718132412384     
   4.9500000000000002      -0.31700392147138784     
   5.0000000000000000      -0.31736274358374533     
   5.0500000000000007      -0.31762064080644492     
   5.1000000000000005      -0.31778423626072100     
   5.1500000000000004      -0.31785979357973393     
   5.2000000000000002      -0.31785322847408648     
   5.2500000000000000      -0.31777012107975711     
   5.3000000000000007      -0.31761572887105938     
   5.3500000000000005      -0.31739499994900500     
   5.4000000000000004      -0.31711258654109026     
   5.4500000000000002      -0.31677285857200937     
   5.5000000000000000      -0.31637991718612007     
   5.5500000000000007      -0.31593760812171823     
   5.6000000000000005      -0.31544953485437049     
   5.6500000000000004      -0.31491907144185682     
   5.7000000000000002      -0.31434937501675825     
   5.7500000000000000      -0.31374339788456762     
   5.8000000000000007      -0.31310389919550158     
   5.8500000000000005      -0.31243345616710388     
   5.9000000000000004      -0.31173447484237859     
   5.9500000000000002      -0.31100920037470747     
   6.0000000000000000      -0.31025972683630526     
   6.0500000000000007      -0.30948800655157060     
   6.1000000000000005      -0.30869585896049268     
   6.1500000000000004      -0.30788497902038564     
   6.2000000000000002      -0.30705694515672138     
   6.2500000000000000      -0.30621322677580048     
   6.3000000000000007      -0.30535519135351935     
   6.3500000000000005      -0.30448411111560814     
   6.4000000000000004      -0.30360116932551079     
   6.4500000000000002      -0.30270746619657596     
   6.5000000000000000      -0.30180402444550336     
   6.5500000000000007      -0.30089179450405512     
   6.6000000000000005      -0.29997165940595183     
   6.6500000000000004      -0.29904443936564495     
   6.7000000000000002      -0.29811089606532243     
   6.7500000000000000      -0.29717173666608826     
   6.8000000000000007      -0.29622761755876786     
   6.8500000000000005      -0.29527914786925957     
   6.9000000000000004      -0.29432689273278412     
   6.9500000000000002      -0.29337137635078375     
   7.0000000000000000      -0.29241308484362422     
   7.0500000000000007      -0.29145246891162996     
   7.1000000000000005      -0.29048994631637731     
   7.1500000000000004      -0.28952590419355900     
   7.2000000000000002      -0.28856070120813876     
   7.2500000000000000      -0.28759466956193352     
   7.3000000000000007      -0.28662811686319428     
   7.3500000000000005      -0.28566132786721066     
   7.4000000000000004      -0.28469456609643901     
   7.4500000000000002      -0.28372807534814720     
   7.5000000000000000      -0.28276208109709061     
   7.5500000000000007      -0.28179679180026523     
   7.6000000000000005      -0.28083240011035832     
   7.6500000000000004      -0.27986908400408750     
   7.7000000000000002      -0.27890700783123495     
   7.7500000000000000      -0.27794632328980617     
   7.8000000000000007      -0.27698717033239034     
   7.8500000000000005      -0.27602967800847078     
   7.9000000000000004      -0.27507396524711641     
   7.9500000000000002      -0.27412014158419545     
   8.0000000000000000      -0.27316830783797330     
   8.0500000000000007      -0.27221855673669793     
   8.0999999999999996      -0.27127097350153229     
   8.1500000000000004      -0.27032563638796775     
   8.2000000000000011      -0.26938261718863321     
   8.2500000000000000      -0.26844198170022238     
   8.3000000000000007      -0.26750379015706777     
   8.3499999999999996      -0.26656809763371964     
   8.4000000000000004      -0.26563495441872342     
   8.4500000000000011      -0.26470440636163634     
   8.5000000000000000      -0.26377649519518415     
   8.5500000000000007      -0.26285125883432270     
   8.5999999999999996      -0.26192873165384811     
   8.6500000000000004      -0.26100894474608366     
   8.7000000000000011      -0.26009192616006266     
   8.7500000000000000      -0.25917770112352900     
   8.8000000000000007      -0.25826629224898134     
   8.8499999999999996      -0.25735771972490168     
   8.9000000000000004      -0.25645200149322833     
   8.9500000000000011      -0.25554915341405754     
   9.0000000000000000      -0.25464918941848763     
   9.0500000000000007      -0.25375212165045830     
   9.0999999999999996      -0.25285796059836951     
   9.1500000000000004      -0.25196671521721781     
   9.2000000000000011      -0.25107839304192736     
   9.2500000000000000      -0.25019300029250985     
   9.3000000000000007      -0.24931054197164002     
   9.3499999999999996      -0.24843102195519037     
   9.4000000000000004      -0.24755444307623323     
   9.4500000000000011      -0.24668080720297864     
   9.5000000000000000      -0.24581011531108471     
   9.5500000000000007      -0.24494236755074592     
   9.6000000000000014      -0.24407756330893388     
   9.6500000000000004      -0.24321570126714087     
   9.7000000000000011      -0.24235677945494957     
   9.7500000000000000      -0.24150079529972943     
   9.8000000000000007      -0.24064774567273889     
   9.8500000000000014      -0.23979762693189247     
   9.9000000000000004      -0.23895043496143276     
   9.9500000000000011      -0.23810616520873162     
   10.000000000000000      -0.23726481271842545     
   10.050000000000001      -0.23642637216407872     
   10.100000000000001      -0.23559083787755325     
   10.150000000000000      -0.23475820387624799     
   10.200000000000001      -0.23392846388836511     
   10.250000000000000      -0.23310161137634169     
   10.300000000000001      -0.23227763955858213     
   10.350000000000001      -0.23145654142961219     
   10.400000000000000      -0.23063830977876934     
   10.450000000000001      -0.22982293720753527     
   10.500000000000000      -0.22901041614560724     
   10.550000000000001      -0.22820073886580158     
   10.600000000000001      -0.22739389749787081     
   10.650000000000000      -0.22658988404131555     
   10.700000000000001      -0.22578869037726207     
   10.750000000000000      -0.22499030827947336     
   10.800000000000001      -0.22419472942455687     
   10.850000000000001      -0.22340194540142588     
   10.900000000000000      -0.22261194772006945     
   10.950000000000001      -0.22182472781968046     
   11.000000000000000      -0.22104027707618784     
   11.050000000000001      -0.22025858680923652     
   11.100000000000001      -0.21947964828865449     
   11.150000000000000      -0.21870345274044509     
   11.200000000000001      -0.21792999135233698     
   11.250000000000000      -0.21715925527892566     
   11.300000000000001      -0.21639123564643531     
   11.350000000000001      -0.21562592355712759     
   11.400000000000000      -0.21486331009338450     
   11.450000000000001      -0.21410338632148779     
   11.500000000000000      -0.21334614329511678     
   11.550000000000001      -0.21259157205858614     
   11.600000000000001      -0.21183966364984022     
   11.650000000000000      -0.21109040910322424     
   11.700000000000001      -0.21034379945204684     
   11.750000000000000      -0.20959982573094885     
   11.800000000000001      -0.20885847897809331     
   11.850000000000001      -0.20811975023718934     
   11.900000000000000      -0.20738363055936135     
   11.950000000000001      -0.20665011100487571     
   12.000000000000000      -0.20591918264473408     
   12.050000000000001      -0.20519083656214462     
   12.100000000000001      -0.20446506385387783     
   12.150000000000000      -0.20374185563151748     
   12.200000000000001      -0.20302120302261292     
   12.250000000000000      -0.20230309717174044     
   12.300000000000001      -0.20158752924147977     
   12.350000000000001      -0.20087449041331276     
   12.400000000000000      -0.20016397188844914     
   12.450000000000001      -0.19945596488858475     
   12.500000000000000      -0.19875046065659735     
   12.550000000000001      -0.19804745045718489     
   12.600000000000001      -0.19734692557744929     
   12.650000000000000      -0.19664887732743064     
   12.700000000000001      -0.19595329704059616     
   12.750000000000000      -0.19526017607428431     
   12.800000000000001      -0.19456950581011145     
   12.850000000000001      -0.19388127765433977     
   12.900000000000000      -0.19319548303821218     
   12.950000000000001      -0.19251211341825542     
   13.000000000000000      -0.19183116027655323     
   13.050000000000001      -0.19115261512099332     
   13.100000000000001      -0.19047646948548808     
   13.150000000000000      -0.18980271493017273     
   13.200000000000001      -0.18913134304158144     
   13.250000000000000      -0.18846234543280346     
   13.300000000000001      -0.18779571374362097     
   13.350000000000001      -0.18713143964062906     
   13.400000000000000      -0.18646951481734042     
   13.450000000000001      -0.18580993099427504     
   13.500000000000000      -0.18515267991903608     
   13.550000000000001      -0.18449775336637350     
   13.600000000000001      -0.18384514313823516     
   13.650000000000000      -0.18319484106380809     
   13.700000000000001      -0.18254683899954913     
   13.750000000000000      -0.18190112882920609     
   13.800000000000001      -0.18125770246383119     
   13.850000000000001      -0.18061655184178527     
   13.900000000000000      -0.17997766892873587     
   13.950000000000001      -0.17934104571764783     
   14.000000000000000      -0.17870667422876768     
   14.050000000000001      -0.17807454650960261     
   14.100000000000001      -0.17744465463489345     
   14.150000000000000      -0.17681699070658330     
   14.200000000000001      -0.17619154685378144     
   14.250000000000000      -0.17556831523272268     
   14.300000000000001      -0.17494728802672332     
   14.350000000000001      -0.17432845744613329     
   14.400000000000000      -0.17371181572828481     
   14.450000000000001      -0.17309735513743843     
   14.500000000000000      -0.17248506796472607     
   14.550000000000001      -0.17187494652809146     
   14.600000000000001      -0.17126698317222819     
   14.650000000000000      -0.17066117026851574     
   14.700000000000001      -0.17005750021495367     
   14.750000000000000      -0.16945596543609323     
   14.800000000000001      -0.16885655838296848     
   14.850000000000001      -0.16825927153302483     
   14.900000000000000      -0.16766409739004687     
   14.950000000000001      -0.16707102848408462     
   15.000000000000000      -0.16648005737137875     
   15.050000000000001      -0.16589117663428468     
   15.100000000000001      -0.16530437888119590     
   15.150000000000000      -0.16471965674646610     
   15.200000000000001      -0.16413700289033106     
   15.250000000000000      -0.16355640999882914     
   15.300000000000001      -0.16297787078372208     
   15.350000000000001      -0.16240137798241400     
   15.400000000000000      -0.16182692435787138     
   15.450000000000001      -0.16125450269854133     
   15.500000000000000      -0.16068410581827022     
   15.550000000000001      -0.16011572655622178     
   15.600000000000001      -0.15954935777679491     
   15.650000000000000      -0.15898499236954097     
   15.700000000000001      -0.15842262324908166     
   15.750000000000000      -0.15786224335502569     
   15.800000000000001      -0.15730384565188629     
   15.850000000000001      -0.15674742312899781     
   15.900000000000000      -0.15619296880043293     
   15.950000000000001      -0.15564047570491921     
   16.000000000000000      -0.15508993690575607     
   16.050000000000001      -0.15454134549073173     
   16.100000000000001      -0.15399469457203990     
   16.150000000000002      -0.15344997728619666     
   16.199999999999999      -0.15290718679395759     
   16.250000000000000      -0.15236631628023470     
   16.300000000000001      -0.15182735895401347     
   16.350000000000001      -0.15129030804827015     
   16.400000000000002      -0.15075515681988938     
   16.449999999999999      -0.15022189854958112     
   16.500000000000000      -0.14969052654179893     
   16.550000000000001      -0.14916103412465712     
   16.600000000000001      -0.14863341464984919     
   16.650000000000002      -0.14810766149256574     
   16.699999999999999      -0.14758376805141282     
   16.750000000000000      -0.14706172774833037     
   16.800000000000001      -0.14654153402851092     
   16.850000000000001      -0.14602318036031842     
   16.900000000000002      -0.14550666023520745     
   16.949999999999999      -0.14499196716764240     
   17.000000000000000      -0.14447909469501716     
   17.050000000000001      -0.14396803637757435     
   17.100000000000001      -0.14345878579832605     
   17.150000000000002      -0.14295133656297329     
   17.199999999999999      -0.14244568229982682     
   17.250000000000000      -0.14194181665972777     
   17.300000000000001      -0.14143973331596840     
   17.350000000000001      -0.14093942596421308     
   17.400000000000002      -0.14044088832241985     
   17.449999999999999      -0.13994411413076213     
   17.500000000000000      -0.13944909715155032     
   17.550000000000001      -0.13895583116915414     
   17.600000000000001      -0.13846430998992459     
   17.650000000000002      -0.13797452744211697     
   17.699999999999999      -0.13748647737581335     
   17.750000000000000      -0.13700015366284604     
   17.800000000000001      -0.13651555019672049     
   17.850000000000001      -0.13603266089253921     
   17.900000000000002      -0.13555147968692538     
   17.949999999999999      -0.13507200053794718     
   18.000000000000000      -0.13459421742504205     
   18.050000000000001      -0.13411812434894110     
   18.100000000000001      -0.13364371533159422     
   18.150000000000002      -0.13317098441609501     
   18.199999999999999      -0.13269992566660624     
   18.250000000000000      -0.13223053316828540     
   18.300000000000001      -0.13176280102721072     
   18.350000000000001      -0.13129672337030698     
   18.400000000000002      -0.13083229434527216     
   18.449999999999999      -0.13036950812050402     
   18.500000000000000      -0.12990835888502678     
   18.550000000000001      -0.12944884084841846     
   18.600000000000001      -0.12899094824073817     
   18.650000000000002      -0.12853467531245377     
   18.699999999999999      -0.12808001633436980     
   18.750000000000000      -0.12762696559755540     
   18.800000000000001      -0.12717551741327288     
   18.850000000000001      -0.12672566611290642     
   18.900000000000002      -0.12627740604789073     
   18.949999999999999      -0.12583073158964014     
   19.000000000000000      -0.12538563712947837     
   19.050000000000001      -0.12494211707856773     
   19.100000000000001      -0.12450016586783914     
   19.150000000000002      -0.12405977794792233     
   19.200000000000003      -0.12362094778907595     
   19.250000000000000      -0.12318366988111838     
   19.300000000000001      -0.12274793873335853     
   19.350000000000001      -0.12231374887452692     
   19.400000000000002      -0.12188109485270693     
   19.450000000000003      -0.12144997123526648     
   19.500000000000000      -0.12102037260878971     
   19.550000000000001      -0.12059229357900916     
   19.600000000000001      -0.12016572877073799     
   19.650000000000002      -0.11974067282780253     
   19.700000000000003      -0.11931712041297494     
   19.750000000000000      -0.11889506620790635     
   19.800000000000001      -0.11847450491306004     
   19.850000000000001      -0.11805543124764491     
   19.900000000000002      -0.11763783994954914     
   19.950000000000003      -0.11722172577527420     
   20.000000000000000      -0.11680708349986890     
   20.050000000000001      -0.11639390791686398     
   20.100000000000001      -0.11598219383820663     
   20.150000000000002      -0.11557193609419528     
   20.200000000000003      -0.11516312953341484     
   20.250000000000000      -0.11475576902267201     
   20.300000000000001      -0.11434984944693068     
   20.350000000000001      -0.11394536570924786     
   20.400000000000002      -0.11354231273070968     
   20.450000000000003      -0.11314068545036753     
   20.500000000000000      -0.11274047882517453     
   20.550000000000001      -0.11234168782992235     
   20.600000000000001      -0.11194430745717794     
   20.650000000000002      -0.11154833271722073     
   20.700000000000003      -0.11115375863798002     
   20.750000000000000      -0.11076058026497249     
   20.800000000000001      -0.11036879266124004     
   20.850000000000001      -0.10997839090728774     
   20.900000000000002      -0.10958937010102214     
   20.950000000000003      -0.10920172535768968     
   21.000000000000000      -0.10881545180981532     
   21.050000000000001      -0.10843054460714148     
   21.100000000000001      -0.10804699891656711     
   21.150000000000002      -0.10766480992208698     
   21.200000000000003      -0.10728397282473127     
   21.250000000000000      -0.10690448284250538     
   21.300000000000001      -0.10652633521032963     
   21.350000000000001      -0.10614952517997969     
   21.400000000000002      -0.10577404802002681     
   21.450000000000003      -0.10539989901577845     
   21.500000000000000      -0.10502707346921912     
   21.550000000000001      -0.10465556669895139     
   21.600000000000001      -0.10428537404013702     
   21.650000000000002      -0.10391649084443852     
   21.700000000000003      -0.10354891247996068     
   21.750000000000000      -0.10318263433119239     
   21.800000000000001      -0.10281765179894878     
   21.850000000000001      -0.10245396030031347     
   21.900000000000002      -0.10209155526858092     
   21.950000000000003      -0.10173043215319916     
   22.000000000000000      -0.10137058641971265     
   22.050000000000001      -0.10101201354970539     
   22.100000000000001      -0.10065470904074407     
   22.150000000000002      -0.10029866840632159     
   22.200000000000003       -9.9943887175800772E-002
   22.250000000000000       -9.9590360894358132E-002
   22.300000000000001       -9.9238085122928074E-002
   22.350000000000001       -9.8887055438146965E-002
   22.400000000000002       -9.8537267432297820E-002
   22.450000000000003       -9.8188716713254756E-002
   22.500000000000000       -9.7841398904427931E-002
   22.550000000000001       -9.7495309644708622E-002
   22.600000000000001       -9.7150444588414403E-002
   22.650000000000002       -9.6806799405234567E-002
   22.700000000000003       -9.6464369780175849E-002
   22.750000000000000       -9.6123151413508134E-002
   22.800000000000001       -9.5783140020710533E-002
   22.850000000000001       -9.5444331332417587E-002
   22.900000000000002       -9.5106721094365604E-002
   22.950000000000003       -9.4770305067339300E-002
   23.000000000000000       -9.4435079027118521E-002
   23.050000000000001       -9.4101038764425285E-002
   23.100000000000001       -9.3768180084870742E-002
   23.150000000000002       -9.3436498808902729E-002
   23.200000000000003       -9.3105990771753161E-002
   23.250000000000000       -9.2776651823385820E-002
   23.300000000000001       -9.2448477828444120E-002
   23.350000000000001       -9.2121464666199332E-002
   23.400000000000002       -9.1795608230498676E-002
   23.450000000000003       -9.1470904429713937E-002
   23.500000000000000       -9.1147349186689916E-002
   23.550000000000001       -9.0824938438693367E-002
   23.600000000000001       -9.0503668137361951E-002
   23.650000000000002       -9.0183534248653385E-002
   23.700000000000003       -8.9864532752794782E-002
   23.750000000000000       -8.9546659644232154E-002
   23.800000000000001       -8.9229910931580211E-002
   23.850000000000001       -8.8914282637572131E-002
   23.900000000000002       -8.8599770799009672E-002
   23.950000000000003       -8.8286371466713406E-002
   24.000000000000000       -8.7974080705473190E-002
   24.050000000000001       -8.7662894593998592E-002
   24.100000000000001       -8.7352809224869848E-002
   24.150000000000002       -8.7043820704488684E-002
   24.200000000000003       -8.6735925153029428E-002
   24.250000000000000       -8.6429118704390337E-002
   24.300000000000001       -8.6123397506145047E-002
   24.350000000000001       -8.5818757719494085E-002
   24.400000000000002       -8.5515195519216811E-002
   24.450000000000003       -8.5212707093623358E-002
   24.500000000000000       -8.4911288644506741E-002
   24.550000000000001       -8.4610936387095145E-002
   24.600000000000001       -8.4311646550004490E-002
   24.650000000000002       -8.4013415375190956E-002
   24.700000000000003       -8.3716239117903851E-002
   24.750000000000000       -8.3420114046638655E-002
   24.800000000000001       -8.3125036443090050E-002
   24.850000000000001       -8.2831002602105325E-002
   24.900000000000002       -8.2538008831637810E-002
   24.950000000000003       -8.2246051452700461E-002
   25.000000000000000       -8.1955126799319739E-002
   25.050000000000001       -8.1665231218489634E-002
   25.100000000000001       -8.1376361070125636E-002
   25.150000000000002       -8.1088512727019141E-002
   25.200000000000003       -8.0801682574791894E-002
   25.250000000000000       -8.0515867011850567E-002
   25.300000000000001       -8.0231062449341625E-002
   25.350000000000001       -7.9947265311106117E-002
   25.400000000000002       -7.9664472033634928E-002
   25.450000000000003       -7.9382679066023865E-002
   25.500000000000000       -7.9101882869929224E-002
   25.550000000000001       -7.8822079919523294E-002
   25.600000000000001       -7.8543266701450121E-002
   25.650000000000002       -7.8265439714781268E-002
   25.700000000000003       -7.7988595470972005E-002
   25.750000000000000       -7.7712730493817481E-002
   25.800000000000001       -7.7437841319408965E-002
   25.850000000000001       -7.7163924496090511E-002
   25.900000000000002       -7.6890976584415502E-002
   25.950000000000003       -7.6618994157103465E-002
   26.000000000000000       -7.6347973798997090E-002
   26.050000000000001       -7.6077912107019349E-002
   26.100000000000001       -7.5808805690130696E-002
   26.150000000000002       -7.5540651169286557E-002
   26.200000000000003       -7.5273445177394899E-002
   26.250000000000000       -7.5007184359273837E-002
   26.300000000000001       -7.4741865371609706E-002
   26.350000000000001       -7.4477484882914904E-002
   26.400000000000002       -7.4214039573486185E-002
   26.450000000000003       -7.3951526135362822E-002
   26.500000000000000       -7.3689941272285203E-002
   26.550000000000001       -7.3429281699653487E-002
   26.600000000000001       -7.3169544144486162E-002
   26.650000000000002       -7.2910725345379124E-002
   26.700000000000003       -7.2652822052464663E-002
   26.750000000000000       -7.2395831027370600E-002
   26.800000000000001       -7.2139749043179713E-002
   26.850000000000001       -7.1884572884389236E-002
   26.900000000000002       -7.1630299346870360E-002
   26.950000000000003       -7.1376925237828084E-002
   27.000000000000000       -7.1124447375761152E-002
   27.050000000000001       -7.0872862590422026E-002
   27.100000000000001       -7.0622167722777157E-002
   27.150000000000002       -7.0372359624967268E-002
   27.200000000000003       -7.0123435160267769E-002
   27.250000000000000       -6.9875391203049544E-002
   27.300000000000001       -6.9628224638739591E-002
   27.350000000000001       -6.9381932363781873E-002
   27.400000000000002       -6.9136511285598418E-002
   27.450000000000003       -6.8891958322550489E-002
   27.500000000000000       -6.8648270403899855E-002
   27.550000000000001       -6.8405444469770246E-002
   27.600000000000001       -6.8163477471108888E-002
   27.650000000000002       -6.7922366369648338E-002
   27.700000000000003       -6.7682108137868194E-002
   27.750000000000000       -6.7442699758957170E-002
   27.800000000000001       -6.7204138226775220E-002
   27.850000000000001       -6.6966420545815697E-002
   27.900000000000002       -6.6729543731167865E-002
   27.950000000000003       -6.6493504808479348E-002
   28.000000000000000       -6.6258300813918675E-002
   28.050000000000001       -6.6023928794138390E-002
   28.100000000000001       -6.5790385806237570E-002
   28.150000000000002       -6.5557668917725187E-002
   28.200000000000003       -6.5325775206483042E-002
   28.250000000000000       -6.5094701760729318E-002
   28.300000000000001       -6.4864445678981780E-002
   28.350000000000001       -6.4635004070021554E-002
   28.400000000000002       -6.4406374052856638E-002
   28.450000000000003       -6.4178552756685908E-002
   28.500000000000000       -6.3951537320862839E-002
   28.550000000000001       -6.3725324894859867E-002
   28.600000000000001       -6.3499912638232348E-002
   28.650000000000002       -6.3275297720583046E-002
   28.700000000000003       -6.3051477321526508E-002
   28.750000000000000       -6.2828448630653691E-002
   28.800000000000001       -6.2606208847496694E-002
   28.850000000000001       -6.2384755181493522E-002
   28.900000000000002       -6.2164084851953100E-002
   28.950000000000003       -6.1944195088020362E-002
   29.000000000000000       -6.1725083128641417E-002
   29.050000000000001       -6.1506746222528955E-002
   29.100000000000001       -6.1289181628127597E-002
   29.150000000000002       -6.1072386613579548E-002
   29.200000000000003       -6.0856358456690282E-002
   29.250000000000000       -6.0641094444894357E-002
   29.300000000000001       -6.0426591875221293E-002
   29.350000000000001       -6.0212848054261740E-002
   29.400000000000002       -5.9999860298133548E-002
   29.450000000000003       -5.9787625932448206E-002
   29.500000000000000       -5.9576142292277104E-002
   29.550000000000001       -5.9365406722118173E-002
   29.600000000000001       -5.9155416575862520E-002
   29.650000000000002       -5.8946169216761185E-002
   29.700000000000003       -5.8737662017392028E-002
   29.750000000000000       -5.8529892359626773E-002
   29.800000000000001       -5.8322857634598123E-002
   29.850000000000001       -5.8116555242666949E-002
   29.900000000000002       -5.7910982593389705E-002
   29.950000000000003       -5.7706137105485909E-002
   30.000000000000000       -5.7502016206805687E-002
   30.050000000000001       -5.7298617334297523E-002
   30.100000000000001       -5.7095937933976007E-002
   30.150000000000002       -5.6893975460889819E-002
   30.200000000000003       -5.6692727379089786E-002
   30.250000000000000       -5.6492191161596969E-002
   30.300000000000001       -5.6292364290371044E-002
   30.350000000000001       -5.6093244256278575E-002
   30.400000000000002       -5.5894828559061548E-002
   30.450000000000003       -5.5697114707306018E-002
   30.500000000000000       -5.5500100218410738E-002
   30.550000000000001       -5.5303782618556091E-002
   30.600000000000001       -5.5108159442672923E-002
   30.650000000000002       -5.4913228234411679E-002
   30.700000000000003       -5.4718986546111500E-002
   30.750000000000000       -5.4525431938769520E-002
   30.800000000000001       -5.4332561982010225E-002
   30.850000000000001       -5.4140374254054928E-002
   30.900000000000002       -5.3948866341691402E-002
   30.950000000000003       -5.3758035840243537E-002
   31.000000000000000       -5.3567880353541139E-002
   31.050000000000001       -5.3378397493889881E-002
   31.100000000000001       -5.3189584882041299E-002
   31.150000000000002       -5.3001440147162911E-002
   31.200000000000003       -5.2813960926808477E-002
   31.250000000000000       -5.2627144866888277E-002
   31.300000000000001       -5.2440989621639636E-002
   31.350000000000001       -5.2255492853597402E-002
   31.400000000000002       -5.2070652233564593E-002
   31.450000000000003       -5.1886465440583215E-002
   31.500000000000000       -5.1702930161905074E-002
   31.550000000000001       -5.1520044092962687E-002
   31.600000000000001       -5.1337804937340449E-002
   31.650000000000002       -5.1156210406745728E-002
   31.700000000000003       -5.0975258220980153E-002
   31.750000000000000       -5.0794946107910958E-002
   31.800000000000001       -5.0615271803442524E-002
   31.850000000000001       -5.0436233051487860E-002
   31.900000000000002       -5.0257827603940319E-002
   31.950000000000003       -5.0080053220645362E-002
   32.000000000000000       -4.9902907669372436E-002
   32.050000000000004       -4.9726388725786955E-002
   32.100000000000001       -4.9550494173422312E-002
   32.149999999999999       -4.9375221803652128E-002
   32.200000000000003       -4.9200569415662476E-002
   32.250000000000000       -4.9026534816424258E-002
   32.300000000000004       -4.8853115820665663E-002
   32.350000000000001       -4.8680310250844704E-002
   32.399999999999999       -4.8508115937121912E-002
   32.450000000000003       -4.8336530717333119E-002
   32.500000000000000       -4.8165552436962182E-002
   32.550000000000004       -4.7995178949114092E-002
   32.600000000000001       -4.7825408114487891E-002
   32.649999999999999       -4.7656237801349879E-002
   32.700000000000003       -4.7487665885506861E-002
   32.750000000000000       -4.7319690250279364E-002
   32.800000000000004       -4.7152308786475201E-002
   32.850000000000001       -4.6985519392362875E-002
   32.899999999999999       -4.6819319973645260E-002
   32.950000000000003       -4.6653708443433278E-002
   33.000000000000000       -4.6488682722219662E-002
   33.050000000000004       -4.6324240737852906E-002
   33.100000000000001       -4.6160380425511224E-002
   33.149999999999999       -4.5997099727676599E-002
   33.200000000000003       -4.5834396594108977E-002
   33.250000000000000       -4.5672268981820495E-002
   33.300000000000004       -4.5510714855049858E-002
   33.350000000000001       -4.5349732185236760E-002
   33.399999999999999       -4.5189318950996406E-002
   33.450000000000003       -4.5029473138094155E-002
   33.500000000000000       -4.4870192739420181E-002
   33.550000000000004       -4.4711475754964349E-002
   33.600000000000001       -4.4553320191791007E-002
   33.649999999999999       -4.4395724064014062E-002
   33.700000000000003       -4.4238685392771961E-002
   33.750000000000000       -4.4082202206202854E-002
   33.800000000000004       -4.3926272539419900E-002
   33.850000000000001       -4.3770894434486514E-002
   33.899999999999999       -4.3616065940391850E-002
   33.950000000000003       -4.3461785113026265E-002
   34.000000000000000       -4.3308050015156870E-002
   34.050000000000004       -4.3154858716403274E-002
   34.100000000000001       -4.3002209293213349E-002
   34.149999999999999       -4.2850099828839000E-002
   34.200000000000003       -4.2698528413312210E-002
   34.250000000000000       -4.2547493143420906E-002
   34.300000000000004       -4.2396992122685211E-002
   34.350000000000001       -4.2247023461333522E-002
   34.399999999999999       -4.2097585276278868E-002
   34.450000000000003       -4.1948675691095220E-002
   34.500000000000000       -4.1800292835993888E-002
   34.550000000000004       -4.1652434847800165E-002
   34.600000000000001       -4.1505099869929771E-002
   34.649999999999999       -4.1358286052365661E-002
   34.700000000000003       -4.1211991551634776E-002
   34.750000000000000       -4.1066214530784857E-002
   34.800000000000004       -4.0920953159361416E-002
   34.850000000000001       -4.0776205613384700E-002
   34.899999999999999       -4.0631970075326859E-002
   34.950000000000003       -4.0488244734089088E-002
   35.000000000000000       -4.0345027784978865E-002
   35.050000000000004       -4.0202317429687336E-002
   35.100000000000001       -4.0060111876266673E-002
   35.149999999999999       -3.9918409339107667E-002
   35.200000000000003       -3.9777208038917232E-002
   35.250000000000000       -3.9636506202696022E-002
   35.300000000000004       -3.9496302063716321E-002
   35.350000000000001       -3.9356593861499693E-002
   35.399999999999999       -3.9217379841794998E-002
   35.450000000000003       -3.9078658256556313E-002
   35.500000000000000       -3.8940427363920935E-002
   35.550000000000004       -3.8802685428187648E-002
   35.600000000000001       -3.8665430719794738E-002
   35.649999999999999       -3.8528661515298469E-002
   35.700000000000003       -3.8392376097351334E-002
   35.750000000000000       -3.8256572754680446E-002
   35.800000000000004       -3.8121249782066213E-002
   35.850000000000001       -3.7986405480320729E-002
   35.899999999999999       -3.7852038156266588E-002
   35.950000000000003       -3.7718146122715603E-002
   36.000000000000000       -3.7584727698447493E-002
   36.050000000000004       -3.7451781208188976E-002
   36.100000000000001       -3.7319304982592567E-002
   36.149999999999999       -3.7187297358215667E-002
   36.200000000000003       -3.7055756677499760E-002
   36.250000000000000       -3.6924681288749407E-002
   36.300000000000004       -3.6794069546111752E-002
   36.350000000000001       -3.6663919809555606E-002
   36.399999999999999       -3.6534230444851060E-002
   36.450000000000003       -3.6404999823548882E-002
   36.500000000000000       -3.6276226322960015E-002
   36.550000000000004       -3.6147908326135285E-002
   36.600000000000001       -3.6020044221845078E-002
   36.649999999999999       -3.5892632404559074E-002
   36.700000000000003       -3.5765671274426133E-002
   36.750000000000000       -3.5639159237254164E-002
   36.800000000000004       -3.5513094704490156E-002
   36.850000000000001       -3.5387476093200171E-002
   36.899999999999999       -3.5262301826049516E-002
   36.950000000000003       -3.5137570331282932E-002
   37.000000000000000       -3.5013280042704840E-002
   37.050000000000004       -3.4889429399659680E-002
   37.100000000000001       -3.4766016847012297E-002
   37.149999999999999       -3.4643040835128480E-002
   37.200000000000003       -3.4520499819855437E-002
   37.250000000000000       -3.4398392262502388E-002
   37.300000000000004       -3.4276716629821347E-002
   37.350000000000001       -3.4155471393987766E-002
   37.399999999999999       -3.4034655032581393E-002
   37.450000000000003       -3.3914266028567182E-002
   37.500000000000000       -3.3794302870276183E-002
   37.550000000000004       -3.3674764051386613E-002
   37.600000000000001       -3.3555648070904907E-002
   37.649999999999999       -3.3436953433146899E-002
   37.700000000000003       -3.3318678647719036E-002
   37.750000000000000       -3.3200822229499619E-002
   37.800000000000004       -3.3083382698620240E-002
   37.850000000000001       -3.2966358580447115E-002
   37.899999999999999       -3.2849748405562630E-002
   37.950000000000003       -3.2733550709746838E-002
   38.000000000000000       -3.2617764033959128E-002
   38.050000000000004       -3.2502386924319879E-002
   38.100000000000001       -3.2387417932092169E-002
   38.149999999999999       -3.2272855613663644E-002
   38.200000000000003       -3.2158698530528371E-002
   38.250000000000000       -3.2044945249268729E-002
   38.300000000000004       -3.1931594341537500E-002
   38.350000000000001       -3.1818644384039835E-002
   38.400000000000006       -3.1706093958515480E-002
   38.450000000000003       -3.1593941651720886E-002
   38.500000000000000       -3.1482186055411511E-002
   38.550000000000004       -3.1370825766324120E-002
   38.600000000000001       -3.1259859386159154E-002
   38.650000000000006       -3.1149285521563191E-002
   38.700000000000003       -3.1039102784111473E-002
   38.750000000000000       -3.0929309790290401E-002
   38.800000000000004       -3.0819905161480244E-002
   38.850000000000001       -3.0710887523937778E-002
   38.900000000000006       -3.0602255508779038E-002
   38.950000000000003       -3.0494007751962142E-002
   39.000000000000000       -3.0386142894270184E-002
   39.050000000000004       -3.0278659581294116E-002
   39.100000000000001       -3.0171556463415784E-002
   39.150000000000006       -3.0064832195790973E-002
   39.200000000000003       -2.9958485438332499E-002
   39.250000000000000       -2.9852514855693416E-002
   39.300000000000004       -2.9746919117250230E-002
   39.350000000000001       -2.9641696897086161E-002
   39.400000000000006       -2.9536846873974575E-002
   39.450000000000003       -2.9432367731362298E-002
   39.500000000000000       -2.9328258157353151E-002
   39.550000000000004       -2.9224516844691472E-002
   39.600000000000001       -2.9121142490745648E-002
   39.650000000000006       -2.9018133797491838E-002
   39.700000000000003       -2.8915489471497614E-002
   39.750000000000000       -2.8813208223905720E-002
   39.800000000000004       -2.8711288770417946E-002
   39.850000000000001       -2.8609729831278921E-002
   39.900000000000006       -2.8508530131260122E-002
   39.950000000000003       -2.8407688399643798E-002
   40.000000000000000       -2.8307203370207062E-002
   40.050000000000004       -2.8207073781205964E-002
   40.100000000000001       -2.8107298375359652E-002
   40.150000000000006       -2.8007875899834597E-002
   40.200000000000003       -2.7908805106228823E-002
   40.250000000000000       -2.7810084750556300E-002
   40.300000000000004       -2.7711713593231258E-002
   40.350000000000001       -2.7613690399052662E-002
   40.400000000000006       -2.7516013937188694E-002
   40.450000000000003       -2.7418682981161256E-002
   40.500000000000000       -2.7321696308830662E-002
   40.550000000000004       -2.7225052702380220E-002
   40.600000000000001       -2.7128750948300910E-002
   40.650000000000006       -2.7032789837376271E-002
   40.700000000000003       -2.6937168164667062E-002
   40.750000000000000       -2.6841884729496265E-002
   40.800000000000004       -2.6746938335433942E-002
   40.850000000000001       -2.6652327790282215E-002
   40.900000000000006       -2.6558051906060309E-002
   40.950000000000003       -2.6464109498989620E-002
   41.000000000000000       -2.6370499389478889E-002
   41.050000000000004       -2.6277220402109346E-002
   41.100000000000001       -2.6184271365619963E-002
   41.150000000000006       -2.6091651112892768E-002
   41.200000000000003       -2.5999358480938158E-002
   41.250000000000000       -2.5907392310880323E-002
   41.300000000000004       -2.5815751447942691E-002
   41.350000000000001       -2.5724434741433398E-002
   41.400000000000006       -2.5633441044730882E-002
   41.450000000000003       -2.5542769215269455E-002
   41.500000000000000       -2.5452418114524967E-002
   41.550000000000004       -2.5362386608000526E-002
   41.600000000000001       -2.5272673565212199E-002
   41.650000000000006       -2.5183277859674918E-002
   41.700000000000003       -2.5094198368888199E-002
   41.750000000000000       -2.5005433974322165E-002
   41.800000000000004       -2.4916983561403462E-002
   41.850000000000001       -2.4828846019501215E-002
   41.900000000000006       -2.4741020241913173E-002
   41.950000000000003       -2.4653505125851734E-002
   42.000000000000000       -2.4566299572430138E-002
   42.050000000000004       -2.4479402486648660E-002
   42.100000000000001       -2.4392812777380861E-002
   42.150000000000006       -2.4306529357359889E-002
   42.200000000000003       -2.4220551143164813E-002
   42.250000000000000       -2.4134877055207043E-002
   42.300000000000004       -2.4049506017716760E-002
   42.350000000000001       -2.3964436958729393E-002
   42.400000000000006       -2.3879668810072207E-002
   42.450000000000003       -2.3795200507350824E-002
   42.500000000000000       -2.3711030989935915E-002
   42.550000000000004       -2.3627159200949856E-002
   42.600000000000001       -2.3543584087253443E-002
   42.650000000000006       -2.3460304599432720E-002
   42.700000000000003       -2.3377319691785730E-002
   42.750000000000000       -2.3294628322309458E-002
   42.800000000000004       -2.3212229452686684E-002
   42.850000000000001       -2.3130122048272989E-002
   42.900000000000006       -2.3048305078083749E-002
   42.950000000000003       -2.2966777514781163E-002
   43.000000000000000       -2.2885538334661421E-002
   43.050000000000004       -2.2804586517641768E-002
   43.100000000000001       -2.2723921047247752E-002
   43.150000000000006       -2.2643540910600449E-002
   43.200000000000003       -2.2563445098403717E-002
   43.250000000000000       -2.2483632604931567E-002
   43.300000000000004       -2.2404102428015497E-002
   43.350000000000001       -2.2324853569031928E-002
   43.400000000000006       -2.2245885032889667E-002
   43.450000000000003       -2.2167195828017388E-002
   43.500000000000000       -2.2088784966351218E-002
   43.550000000000004       -2.2010651463322300E-002
   43.600000000000001       -2.1932794337844442E-002
   43.650000000000006       -2.1855212612301795E-002
   43.700000000000003       -2.1777905312536580E-002
   43.750000000000000       -2.1700871467836860E-002
   43.800000000000004       -2.1624110110924352E-002
   43.850000000000001       -2.1547620277942249E-002
   43.900000000000006       -2.1471401008443171E-002
   43.950000000000003       -2.1395451345377063E-002
   44.000000000000000       -2.1319770335079206E-002
   44.050000000000004       -2.1244357027258232E-002
   44.100000000000001       -2.1169210474984164E-002
   44.150000000000006       -2.1094329734676575E-002
   44.200000000000003       -2.1019713866092696E-002
   44.250000000000000       -2.0945361932315651E-002
   44.300000000000004       -2.0871272999742656E-002
   44.350000000000001       -2.0797446138073321E-002
   44.400000000000006       -2.0723880420297960E-002
   44.450000000000003       -2.0650574922685926E-002
   44.500000000000000       -2.0577528724774075E-002
   44.550000000000004       -2.0504740909355144E-002
   44.600000000000001       -2.0432210562466253E-002
   44.650000000000006       -2.0359936773377451E-002
   44.700000000000003       -2.0287918634580262E-002
   44.750000000000000       -2.0216155241776283E-002
   44.800000000000004       -2.0144645693865853E-002
   44.850000000000001       -2.0073389092936704E-002
   44.900000000000006       -2.0002384544252735E-002
   44.950000000000003       -1.9931631156242705E-002
   45.000000000000000       -1.9861128040489128E-002
   45.050000000000004       -1.9790874311717041E-002
   45.100000000000001       -1.9720869087782929E-002
   45.150000000000006       -1.9651111489663625E-002
   45.200000000000003       -1.9581600641445297E-002
   45.250000000000000       -1.9512335670312436E-002
   45.300000000000004       -1.9443315706536908E-002
   45.350000000000001       -1.9374539883466994E-002
   45.400000000000006       -1.9306007337516563E-002
   45.450000000000003       -1.9237717208154190E-002
   45.500000000000000       -1.9169668637892354E-002
   45.550000000000004       -1.9101860772276710E-002
   45.600000000000001       -1.9034292759875296E-002
   45.650000000000006       -1.8966963752267904E-002
   45.700000000000003       -1.8899872904035369E-002
   45.750000000000000       -1.8833019372749005E-002
   45.800000000000004       -1.8766402318960002E-002
   45.850000000000001       -1.8700020906188872E-002
   45.900000000000006       -1.8633874300914989E-002
   45.950000000000003       -1.8567961672566077E-002
   46.000000000000000       -1.8502282193507798E-002
   46.050000000000004       -1.8436835039033376E-002
   46.100000000000001       -1.8371619387353218E-002
   46.150000000000006       -1.8306634419584602E-002
   46.200000000000003       -1.8241879319741406E-002
   46.250000000000000       -1.8177353274723838E-002
   46.300000000000004       -1.8113055474308269E-002
   46.350000000000001       -1.8048985111136995E-002
   46.400000000000006       -1.7985141380708166E-002
   46.450000000000003       -1.7921523481365633E-002
   46.500000000000000       -1.7858130614288918E-002
   46.550000000000004       -1.7794961983483175E-002
   46.600000000000001       -1.7732016795769155E-002
   46.650000000000006       -1.7669294260773329E-002
   46.700000000000003       -1.7606793590917866E-002
   46.750000000000000       -1.7544514001410834E-002
   46.800000000000004       -1.7482454710236288E-002
   46.850000000000001       -1.7420614938144459E-002
   46.900000000000006       -1.7358993908641981E-002
   46.950000000000003       -1.7297590847982148E-002
   47.000000000000000       -1.7236404985155173E-002
   47.050000000000004       -1.7175435551878546E-002
   47.100000000000001       -1.7114681782587335E-002
   47.150000000000006       -1.7054142914424607E-002
   47.200000000000003       -1.6993818187231849E-002
   47.250000000000000       -1.6933706843539419E-002
   47.300000000000004       -1.6873808128557030E-002
   47.350000000000001       -1.6814121290164265E-002
   47.400000000000006       -1.6754645578901162E-002
   47.450000000000003       -1.6695380247958760E-002
   47.500000000000000       -1.6636324553169778E-002
   47.550000000000004       -1.6577477752999212E-002
   47.600000000000001       -1.6518839108535060E-002
   47.650000000000006       -1.6460407883479047E-002
   47.700000000000003       -1.6402183344137341E-002
   47.750000000000000       -1.6344164759411396E-002
   47.800000000000004       -1.6286351400788723E-002
   47.850000000000001       -1.6228742542333769E-002
   47.900000000000006       -1.6171337460678795E-002
   47.950000000000003       -1.6114135435014779E-002
   48.000000000000000       -1.6057135747082410E-002
   48.050000000000004       -1.6000337681163008E-002
   48.100000000000001       -1.5943740524069577E-002
   48.150000000000006       -1.5887343565137848E-002
   48.200000000000003       -1.5831146096217330E-002
   48.250000000000000       -1.5775147411662450E-002
   48.300000000000004       -1.5719346808323681E-002
   48.350000000000001       -1.5663743585538702E-002
   48.400000000000006       -1.5608337045123610E-002
   48.450000000000003       -1.5553126491364155E-002
   48.500000000000000       -1.5498111231006991E-002
   48.550000000000004       -1.5443290573250994E-002
   48.600000000000001       -1.5388663829738559E-002
   48.650000000000006       -1.5334230314546985E-002
   48.700000000000003       -1.5279989344179845E-002
   48.750000000000000       -1.5225940237558406E-002
   48.800000000000004       -1.5172082316013087E-002
   48.850000000000001       -1.5118414903274917E-002
   48.900000000000006       -1.5064937325467069E-002
   48.950000000000003       -1.5011648911096374E-002
   49.000000000000000       -1.4958548991044910E-002
   49.050000000000004       -1.4905636898561584E-002
   49.100000000000001       -1.4852911969253771E-002
   49.150000000000006       -1.4800373541078968E-002
   49.200000000000003       -1.4748020954336475E-002
   49.250000000000000       -1.4695853551659116E-002
   49.300000000000004       -1.4643870678004994E-002
   49.350000000000001       -1.4592071680649254E-002
   49.400000000000006       -1.4540455909175885E-002
   49.450000000000003       -1.4489022715469565E-002
   49.500000000000000       -1.4437771453707513E-002
   49.550000000000004       -1.4386701480351384E-002
   49.600000000000001       -1.4335812154139186E-002
   49.650000000000006       -1.4285102836077233E-002
   49.700000000000003       -1.4234572889432112E-002
   49.750000000000000       -1.4184221679722702E-002
   49.800000000000004       -1.4134048574712193E-002
   49.850000000000001       -1.4084052944400157E-002
   49.900000000000006       -1.4034234161014628E-002
   49.950000000000003       -1.3984591599004231E-002
   50.000000000000000       -1.3935124635030318E-002
   50.050000000000004       -1.3885832647959145E-002
   50.100000000000001       -1.3836715018854071E-002
   50.150000000000006       -1.3787771130967788E-002
   50.200000000000003       -1.3739000369734571E-002
   50.250000000000000       -1.3690402122762577E-002
   50.300000000000004       -1.3641975779826144E-002
   50.350000000000001       -1.3593720732858106E-002
   50.400000000000006       -1.3545636375942215E-002
   50.450000000000003       -1.3497722105305469E-002
   50.500000000000000       -1.3449977319310583E-002
   50.550000000000004       -1.3402401418448406E-002
   50.600000000000001       -1.3354993805330388E-002
   50.650000000000006       -1.3307753884681105E-002
   50.700000000000003       -1.3260681063330761E-002
   50.750000000000000       -1.3213774750207749E-002
   50.800000000000004       -1.3167034356331236E-002
   50.850000000000001       -1.3120459294803750E-002
   50.900000000000006       -1.3074048980803825E-002
   50.950000000000003       -1.3027802831578660E-002
   51.000000000000000       -1.2981720266436783E-002
   51.050000000000004       -1.2935800706740781E-002
   51.100000000000001       -1.2890043575900019E-002
   51.150000000000006       -1.2844448299363409E-002
   51.200000000000003       -1.2799014304612187E-002
   51.250000000000000       -1.2753741021152738E-002
   51.300000000000004       -1.2708627880509426E-002
   51.350000000000001       -1.2663674316217439E-002
   51.400000000000006       -1.2618879763815706E-002
   51.450000000000003       -1.2574243660839793E-002
   51.500000000000000       -1.2529765446814832E-002
   51.550000000000004       -1.2485444563248503E-002
   51.600000000000001       -1.2441280453624007E-002
   51.650000000000006       -1.2397272563393090E-002
   51.700000000000003       -1.2353420339969058E-002
   51.750000000000000       -1.2309723232719868E-002
   51.800000000000004       -1.2266180692961195E-002
   51.850000000000001       -1.2222792173949535E-002
   51.900000000000006       -1.2179557130875374E-002
   51.950000000000003       -1.2136475020856295E-002
   52.000000000000000       -1.2093545302930215E-002
   52.050000000000004       -1.2050767438048561E-002
   52.100000000000001       -1.2008140889069499E-002
   52.150000000000006       -1.1965665120751211E-002
   52.200000000000003       -1.1923339599745156E-002
   52.250000000000000       -1.1881163794589377E-002
   52.300000000000004       -1.1839137175701835E-002
   52.350000000000001       -1.1797259215373749E-002
   52.400000000000006       -1.1755529387762979E-002
   52.450000000000003       -1.1713947168887413E-002
   52.500000000000000       -1.1672512036618402E-002
   52.550000000000004       -1.1631223470674188E-002
   52.600000000000001       -1.1590080952613380E-002
   52.650000000000006       -1.1549083965828450E-002
   52.700000000000003       -1.1508231995539218E-002
   52.750000000000000       -1.1467524528786436E-002
   52.800000000000004       -1.1426961054425302E-002
   52.850000000000001       -1.1386541063119064E-002
   52.900000000000006       -1.1346264047332624E-002
   52.950000000000003       -1.1306129501326158E-002
   53.000000000000000       -1.1266136921148766E-002
   53.050000000000004       -1.1226285804632157E-002
   53.100000000000001       -1.1186575651384324E-002
   53.150000000000006       -1.1147005962783271E-002
   53.200000000000003       -1.1107576241970760E-002
   53.250000000000000       -1.1068285993846049E-002
   53.300000000000004       -1.1029134725059704E-002
   53.350000000000001       -1.0990121944007388E-002
   53.400000000000006       -1.0951247160823683E-002
   53.450000000000003       -1.0912509887375953E-002
   53.500000000000000       -1.0873909637258206E-002
   53.550000000000004       -1.0835445925784983E-002
   53.600000000000001       -1.0797118269985289E-002
   53.650000000000006       -1.0758926188596508E-002
   53.700000000000003       -1.0720869202058373E-002
   53.750000000000000       -1.0682946832506932E-002
   53.800000000000004       -1.0645158603768572E-002
   53.850000000000001       -1.0607504041354009E-002
   53.900000000000006       -1.0569982672452353E-002
   53.950000000000003       -1.0532594025925164E-002
   54.000000000000000       -1.0495337632300528E-002
   54.050000000000004       -1.0458213023767184E-002
   54.100000000000001       -1.0421219734168612E-002
   54.150000000000006       -1.0384357298997223E-002
   54.200000000000003       -1.0347625255388501E-002
   54.250000000000000       -1.0311023142115197E-002
   54.300000000000004       -1.0274550499581531E-002
   54.350000000000001       -1.0238206869817433E-002
   54.400000000000006       -1.0201991796472789E-002
   54.450000000000003       -1.0165904824811695E-002
   54.500000000000000       -1.0129945501706780E-002
   54.550000000000004       -1.0094113375633481E-002
   54.600000000000001       -1.0058407996664399E-002
   54.650000000000006       -1.0022828916463633E-002
   54.700000000000003       -9.9873756882811592E-003
   54.750000000000000       -9.9520478669472192E-003
   54.800000000000004       -9.9168450088667308E-003
   54.850000000000001       -9.8817666720137209E-003
   54.900000000000006       -9.8468124159257694E-003
   54.950000000000003       -9.8119818016984758E-003
   55.000000000000000       -9.7772743919799544E-003
   55.050000000000004       -9.7426897509653530E-003
   55.100000000000001       -9.7082274443913465E-003
   55.150000000000006       -9.6738870395307354E-003
   55.200000000000003       -9.6396681051869586E-003
   55.250000000000000       -9.6055702116887177E-003
   55.300000000000004       -9.5715929308845659E-003
   55.350000000000001       -9.5377358361375328E-003
   55.400000000000006       -9.5039985023197618E-003
   55.450000000000003       -9.4703805058071935E-003
   55.500000000000000       -9.4368814244742156E-003
   55.550000000000004       -9.4035008376883965E-003
   55.600000000000001       -9.3702383263051681E-003
   55.650000000000006       -9.3370934726625943E-003
   55.700000000000003       -9.3040658605761002E-003
   55.750000000000000       -9.2711550753332705E-003
   55.800000000000004       -9.2383607036886257E-003
   55.850000000000001       -9.2056823338584354E-003
   55.900000000000006       -9.1731195555155541E-003
   55.950000000000003       -9.1406719597842603E-003
   56.000000000000000       -9.1083391392351321E-003
   56.050000000000004       -9.0761206878799249E-003
   56.100000000000001       -9.0440162011664708E-003
   56.150000000000006       -9.0120252759736136E-003
   56.200000000000003       -8.9801475106061259E-003
   56.250000000000000       -8.9483825047896749E-003
   56.300000000000004       -8.9167298596658055E-003
   56.350000000000001       -8.8851891777869223E-003
   56.400000000000006       -8.8537600631112962E-003
   56.450000000000003       -8.8224421209980950E-003
   56.500000000000000       -8.7912349582024360E-003
   56.550000000000004       -8.7601381828704382E-003
   56.600000000000001       -8.7291514045343011E-003
   56.650000000000006       -8.6982742341074094E-003
   56.700000000000003       -8.6675062838794427E-003
   56.750000000000000       -8.6368471675115025E-003
   56.800000000000004       -8.6062965000312727E-003
   56.850000000000001       -8.5758538978281847E-003
   56.900000000000006       -8.5455189786485808E-003
   56.950000000000003       -8.5152913615909407E-003
   57.000000000000000       -8.4851706671010847E-003
   57.050000000000004       -8.4551565169674135E-003
   57.100000000000001       -8.4252485343161484E-003
   57.150000000000006       -8.3954463436066041E-003
   57.200000000000003       -8.3657495706264892E-003
   57.250000000000000       -8.3361578424871827E-003
   57.300000000000004       -8.3066707876190693E-003
   57.350000000000001       -8.2772880357668624E-003
   57.400000000000006       -8.2480092179849657E-003
   57.450000000000003       -8.2188339666328276E-003
   57.500000000000000       -8.1897619153703406E-003
   57.550000000000004       -8.1607926991532301E-003
   57.600000000000001       -8.1319259542284635E-003
   57.650000000000006       -8.1031613181297094E-003
   57.700000000000003       -8.0744984296727551E-003
   57.750000000000000       -8.0459369289509943E-003
   57.800000000000004       -8.0174764573309014E-003
   57.850000000000001       -7.9891166574475141E-003
   57.900000000000006       -7.9608571731999752E-003
   57.950000000000003       -7.9326976497470329E-003
   58.000000000000000       -7.9046377335026015E-003
   58.050000000000004       -7.8766770721313151E-003
   58.100000000000001       -7.8488153145441011E-003
   58.150000000000006       -7.8210521108937822E-003
   58.200000000000003       -7.7933871125706747E-003
   58.250000000000000       -7.7658199721982180E-003
   58.300000000000004       -7.7383503436286001E-003
   58.350000000000001       -7.7109778819384267E-003
   58.400000000000006       -7.6837022434243767E-003
   58.450000000000003       -7.6565230855988953E-003
   58.500000000000000       -7.6294400671858987E-003
   58.550000000000004       -7.6024528481164703E-003
   58.600000000000001       -7.5755610895246045E-003
   58.650000000000006       -7.5487644537429524E-003
   58.700000000000003       -7.5220626042985734E-003
   58.750000000000000       -7.4954552059087187E-003
   58.800000000000004       -7.4689419244766200E-003
   58.850000000000001       -7.4425224270872822E-003
   58.900000000000006       -7.4161963820033221E-003
   58.950000000000003       -7.3899634586607884E-003
   59.000000000000000       -7.3638233276650186E-003
   59.050000000000004       -7.3377756607865031E-003
   59.100000000000001       -7.3118201309567577E-003
   59.150000000000006       -7.2859564122642207E-003
   59.200000000000003       -7.2601841799501627E-003
   59.250000000000000       -7.2345031104046054E-003
   59.300000000000004       -7.2089128811622591E-003
   59.350000000000001       -7.1834131708984695E-003
   59.400000000000006       -7.1580036594251946E-003
   59.450000000000003       -7.1326840276869693E-003
   59.500000000000000       -7.1074539577569160E-003
   59.550000000000004       -7.0823131328327351E-003
   59.600000000000001       -7.0572612372327374E-003
   59.650000000000006       -7.0322979563918805E-003
   59.700000000000003       -7.0074229768578127E-003
   59.750000000000000       -6.9826359862869419E-003
   59.800000000000004       -6.9579366734405165E-003
   59.850000000000001       -6.9333247281807052E-003
   59.900000000000006       -6.9087998414667211E-003
   59.950000000000003       -6.8843617053509229E-003
   60.000000000000000       -6.8600100129749602E-003
   60.050000000000004       -6.8357444585659200E-003
   60.100000000000001       -6.8115647374324744E-003
   60.150000000000006       -6.7874705459610735E-003
   60.200000000000003       -6.7634615816121171E-003
   60.250000000000000       -6.7395375429161681E-003
   60.300000000000004       -6.7156981294701542E-003
   60.350000000000001       -6.6919430419336099E-003
   60.400000000000006       -6.6682719820249101E-003
   60.450000000000003       -6.6446846525175206E-003
   60.500000000000000       -6.6211807572362788E-003
   60.550000000000004       -6.5977600010536626E-003
   60.600000000000001       -6.5744220898860855E-003
   60.650000000000006       -6.5511667306902156E-003
   60.700000000000003       -6.5279936314592817E-003
   60.750000000000000       -6.5049025012194166E-003
   60.800000000000004       -6.4818930500259945E-003
   60.850000000000001       -6.4589649889600018E-003
   60.900000000000006       -6.4361180301243980E-003
   60.950000000000003       -6.4133518866405113E-003
   61.000000000000000       -6.3906662726444232E-003
   61.050000000000004       -6.3680609032833952E-003
   61.100000000000001       -6.3455354947122766E-003
   61.150000000000006       -6.3230897640899507E-003
   61.200000000000003       -6.3007234295757771E-003
   61.250000000000000       -6.2784362103260579E-003
   61.300000000000004       -6.2562278264905119E-003
   61.350000000000001       -6.2340979992087505E-003
   61.400000000000006       -6.2120464506067886E-003
   61.450000000000003       -6.1900729037935483E-003
   61.500000000000000       -6.1681770828573837E-003
   61.550000000000004       -6.1463587128626181E-003
   61.600000000000001       -6.1246175198460904E-003
   61.650000000000006       -6.1029532308137166E-003
   61.700000000000003       -6.0813655737370527E-003
   61.750000000000000       -6.0598542775498945E-003
   61.800000000000004       -6.0384190721448662E-003
   61.850000000000001       -6.0170596883700233E-003
   61.900000000000006       -5.9957758580254849E-003
   61.950000000000003       -5.9745673138600517E-003
   62.000000000000000       -5.9534337895678635E-003
   62.050000000000004       -5.9323750197850505E-003
   62.100000000000001       -5.9113907400863966E-003
   62.150000000000006       -5.8904806869820260E-003
   62.200000000000003       -5.8696445979140909E-003
   62.250000000000000       -5.8488822112534779E-003
   62.300000000000004       -5.8281932662965158E-003
   62.350000000000001       -5.8075775032617140E-003
   62.400000000000006       -5.7870346632864847E-003
   62.450000000000003       -5.7665644884239073E-003
   62.500000000000000       -5.7461667216394821E-003
   62.550000000000004       -5.7258411068079025E-003
   62.600000000000001       -5.7055873887098428E-003
   62.650000000000006       -5.6854053130287506E-003
   62.700000000000003       -5.6652946263476512E-003
   62.750000000000000       -5.6452550761459724E-003
   62.800000000000004       -5.6252864107963702E-003
   62.850000000000001       -5.6053883795615621E-003
   62.900000000000006       -5.5855607325911941E-003
   62.950000000000003       -5.5658032209186890E-003
   63.000000000000000       -5.5461155964581284E-003
   63.050000000000004       -5.5264976120011355E-003
   63.100000000000001       -5.5069490212137692E-003
   63.150000000000006       -5.4874695786334346E-003
   63.200000000000003       -5.4680590396657966E-003
   63.250000000000000       -5.4487171605817133E-003
   63.300000000000004       -5.4294436985141701E-003
   63.350000000000001       -5.4102384114552366E-003
   63.400000000000006       -5.3911010582530219E-003
   63.450000000000003       -5.3720313986086506E-003
   63.500000000000000       -5.3530291930732410E-003
   63.550000000000004       -5.3340942030449074E-003
   63.600000000000001       -5.3152261907657506E-003
   63.650000000000006       -5.2964249193188833E-003
   63.700000000000003       -5.2776901526254538E-003
   63.750000000000000       -5.2590216554416784E-003
   63.800000000000004       -5.2404191933558882E-003
   63.850000000000001       -5.2218825327855862E-003
   63.900000000000006       -5.2034114409745163E-003
   63.950000000000003       -5.1850056859897358E-003
   64.000000000000000       -5.1666650367187096E-003
   64.049999999999997       -5.1483892628664020E-003
   64.100000000000009       -5.1301781349523921E-003
   64.150000000000006       -5.1120314243079824E-003
   64.200000000000003       -5.0939489030733393E-003
   64.250000000000000       -5.0759303441946201E-003
   64.299999999999997       -5.0579755214211330E-003
   64.350000000000009       -5.0400842093024888E-003
   64.400000000000006       -5.0222561831857688E-003
   64.450000000000003       -5.0044912192127129E-003
   64.500000000000000       -4.9867890943168991E-003
   64.549999999999997       -4.9691495862209476E-003
   64.600000000000009       -4.9515724734337302E-003
   64.650000000000006       -4.9340575352475862E-003
   64.700000000000003       -4.9166045517355511E-003
   64.750000000000000       -4.8992133037486013E-003
   64.799999999999997       -4.8818835729128925E-003
   64.850000000000009       -4.8646151416270296E-003
   64.900000000000006       -4.8474077930593168E-003
   64.950000000000003       -4.8302613111450539E-003
   65.000000000000000       -4.8131754805838117E-003
   65.049999999999997       -4.7961500868367356E-003
   65.100000000000009       -4.7791849161238423E-003
   65.150000000000006       -4.7622797554213465E-003
   65.200000000000003       -4.7454343924589783E-003
   65.250000000000000       -4.7286486157173211E-003
   65.299999999999997       -4.7119222144251533E-003
   65.350000000000009       -4.6952549785568079E-003
   65.400000000000006       -4.6786466988295245E-003
   65.450000000000003       -4.6620971667008316E-003
   65.500000000000000       -4.6456061743659237E-003
   65.549999999999997       -4.6291735147550497E-003
   65.600000000000009       -4.6127989815309203E-003
   65.650000000000006       -4.5964823690861070E-003
   65.700000000000003       -4.5802234725404699E-003
   65.750000000000000       -4.5640220877385786E-003
   65.799999999999997       -4.5478780112471490E-003
   65.850000000000009       -4.5317910403525003E-003
   65.900000000000006       -4.5157609730579855E-003
   65.950000000000003       -4.4997876080814826E-003
   66.000000000000000       -4.4838707448528496E-003
   66.049999999999997       -4.4680101835114080E-003
   66.100000000000009       -4.4522057249034401E-003
   66.150000000000006       -4.4364571705796819E-003
   66.200000000000003       -4.4207643227928339E-003
   66.250000000000000       -4.4051269844950780E-003
   66.299999999999997       -4.3895449593356036E-003
   66.350000000000009       -4.3740180516581434E-003
   66.400000000000006       -4.3585460664985112E-003
   66.450000000000003       -4.3431288095821582E-003
   66.500000000000000       -4.3277660873217326E-003
   66.549999999999997       -4.3124577068146533E-003
   66.600000000000009       -4.2972034758406779E-003
   66.650000000000006       -4.2820032028594952E-003
   66.700000000000003       -4.2668566970083220E-003
   66.750000000000000       -4.2517637680995011E-003
   66.799999999999997       -4.2367242266181208E-003
   66.850000000000009       -4.2217378837196276E-003
   66.900000000000006       -4.2068045512274575E-003
   66.950000000000003       -4.1919240416306734E-003
   67.000000000000000       -4.1770961680816145E-003
   67.049999999999997       -4.1623207443935405E-003
   67.100000000000009       -4.1475975850383054E-003
   67.150000000000006       -4.1329265051440163E-003
   67.200000000000003       -4.1183073204927234E-003
   67.250000000000000       -4.1037398475180994E-003
   67.299999999999997       -4.0892239033031366E-003
   67.350000000000009       -4.0747593055778485E-003
   67.400000000000006       -4.0603458727169863E-003
   67.450000000000003       -4.0459834237377493E-003
   67.500000000000000       -4.0316717782975233E-003
   67.549999999999997       -4.0174107566916068E-003
   67.600000000000009       -4.0032001798509650E-003
   67.650000000000006       -3.9890398693399635E-003
   67.700000000000003       -3.9749296473541480E-003
   67.750000000000000       -3.9608693367179969E-003
   67.799999999999997       -3.9468587608827059E-003
   67.850000000000009       -3.9328977439239687E-003
   67.900000000000006       -3.9189861105397607E-003
   67.950000000000003       -3.9051236860481518E-003
   68.000000000000000       -3.8913102963850990E-003
   68.049999999999997       -3.8775457681022689E-003
   68.100000000000009       -3.8638299283648607E-003
   68.150000000000006       -3.8501626049494272E-003
   68.200000000000003       -3.8365436262417230E-003
   68.250000000000000       -3.8229728212345443E-003
   68.299999999999997       -3.8094500195255806E-003
   68.350000000000009       -3.7959750513152776E-003
   68.400000000000006       -3.7825477474047017E-003
   68.450000000000003       -3.7691679391934213E-003
   68.500000000000000       -3.7558354586773842E-003
   68.549999999999997       -3.7425501384468103E-003
   68.600000000000009       -3.7293118116840905E-003
   68.650000000000006       -3.7161203121616874E-003
   68.700000000000003       -3.7029754742400568E-003
   68.750000000000000       -3.6898771328655595E-003
   68.799999999999997       -3.6768251235683915E-003
   68.850000000000009       -3.6638192824605220E-003
   68.900000000000006       -3.6508594462336288E-003
   68.950000000000003       -3.6379454521570549E-003
   69.000000000000000       -3.6250771380757604E-003
   69.049999999999997       -3.6122543424082893E-003
   69.100000000000009       -3.5994769041447381E-003
   69.150000000000006       -3.5867446628447337E-003
   69.200000000000003       -3.5740574586354238E-003
   69.250000000000000       -3.5614151322094626E-003
   69.299999999999997       -3.5488175248230168E-003
   69.350000000000009       -3.5362644782937678E-003
   69.400000000000006       -3.5237558349989271E-003
   69.450000000000003       -3.5112914378732582E-003
   69.500000000000000       -3.4988711304070994E-003
   69.549999999999997       -3.4864947566444074E-003
   69.600000000000009       -3.4741621611807925E-003
   69.650000000000006       -3.4618731891615656E-003
   69.700000000000003       -3.4496276862798015E-003
   69.750000000000000       -3.4374254987743938E-003
   69.799999999999997       -3.4252664734281280E-003
   69.850000000000009       -3.4131504575657585E-003
   69.900000000000006       -3.4010772990520871E-003
   69.950000000000003       -3.3890468462900582E-003
   70.000000000000000       -3.3770589482188498E-003
   70.049999999999997       -3.3651134543119816E-003
   70.100000000000009       -3.3532102145754227E-003
   70.150000000000006       -3.3413490795457046E-003
   70.200000000000003       -3.3295299002880537E-003
   70.250000000000000       -3.3177525283945137E-003
   70.299999999999997       -3.3060168159820802E-003
   70.350000000000009       -3.2943226156908543E-003
   70.400000000000006       -3.2826697806821780E-003
   70.450000000000003       -3.2710581646368045E-003
   70.500000000000000       -3.2594876217530494E-003
   70.549999999999997       -3.2479580067449700E-003
   70.600000000000009       -3.2364691748405310E-003
   70.650000000000006       -3.2250209817797954E-003
   70.700000000000003       -3.2136132838131055E-003
   70.750000000000000       -3.2022459376992852E-003
   70.799999999999997       -3.1909188007038384E-003
   70.850000000000009       -3.1796317305971531E-003
   70.900000000000006       -3.1683845856527205E-003
   70.950000000000003       -3.1571772246453533E-003
   71.000000000000000       -3.1460095068494122E-003
   71.049999999999997       -3.1348812920370416E-003
   71.100000000000009       -3.1237924404764039E-003
   71.150000000000006       -3.1127428129299273E-003
   71.200000000000003       -3.1017322706525601E-003
   71.250000000000000       -3.0907606753900248E-003
   71.299999999999997       -3.0798278893770840E-003
   71.350000000000009       -3.0689337753358093E-003
   71.400000000000006       -3.0580781964738577E-003
   71.450000000000003       -3.0472610164827578E-003
   71.500000000000000       -3.0364820995361923E-003
   71.549999999999997       -3.0257413102882953E-003
   71.600000000000009       -3.0150385138719552E-003
   71.650000000000006       -3.0043735758971150E-003
   71.700000000000003       -2.9937463624490914E-003
   71.750000000000000       -2.9831567400868883E-003
   71.799999999999997       -2.9726045758415266E-003
   71.850000000000009       -2.9620897372143679E-003
   71.900000000000006       -2.9516120921754567E-003
   71.950000000000003       -2.9411715091618592E-003
   72.000000000000000       -2.9307678570760129E-003
   72.049999999999997       -2.9204010052840800E-003
   72.100000000000009       -2.9100708236143055E-003
   72.150000000000006       -2.8997771823553843E-003
   72.200000000000003       -2.8895199522548341E-003
   72.250000000000000       -2.8792990045173688E-003
   72.299999999999997       -2.8691142108032840E-003
   72.350000000000009       -2.8589654432268465E-003
   72.400000000000006       -2.8488525743546817E-003
   72.450000000000003       -2.8387754772041815E-003
   72.500000000000000       -2.8287340252419078E-003
   72.549999999999997       -2.8187280923820013E-003
   72.600000000000009       -2.8087575529846002E-003
   72.650000000000006       -2.7988222818542598E-003
   72.700000000000003       -2.7889221542383852E-003
   72.750000000000000       -2.7790570458256615E-003
   72.799999999999997       -2.7692268327444937E-003
   72.850000000000009       -2.7594313915614522E-003
   72.900000000000006       -2.7496705992797188E-003
   72.950000000000003       -2.7399443333375496E-003
   73.000000000000000       -2.7302524716067301E-003
   73.049999999999997       -2.7205948923910437E-003
   73.100000000000009       -2.7109714744247438E-003
   73.150000000000006       -2.7013820968710286E-003
   73.200000000000003       -2.6918266393205275E-003
   73.250000000000000       -2.6823049817897892E-003
   73.299999999999997       -2.6728170047197715E-003
   73.350000000000009       -2.6633625889743440E-003
   73.400000000000006       -2.6539416158387875E-003
   73.450000000000003       -2.6445539670183096E-003
   73.500000000000000       -2.6351995246365529E-003
   73.549999999999997       -2.6258781712341201E-003
   73.600000000000009       -2.6165897897670962E-003
   73.650000000000006       -2.6073342636055777E-003
   73.700000000000003       -2.5981114765322123E-003
   73.750000000000000       -2.5889213127407366E-003
   73.799999999999997       -2.5797636568345213E-003
   73.850000000000009       -2.5706383938251267E-003
   73.900000000000006       -2.5615454091308513E-003
   73.950000000000003       -2.5524845885753016E-003
   74.000000000000000       -2.5434558183859523E-003
   74.049999999999997       -2.5344589851927202E-003
   74.100000000000009       -2.5254939760265402E-003
   74.150000000000006       -2.5165606783179436E-003
   74.200000000000003       -2.5076589798956536E-003
   74.250000000000000       -2.4987887689851673E-003
   74.299999999999997       -2.4899499342073569E-003
   74.350000000000009       -2.4811423645770682E-003
   74.400000000000006       -2.4723659495017327E-003
   74.450000000000003       -2.4636205787799703E-003
   74.500000000000000       -2.4549061426002157E-003
   74.549999999999997       -2.4462225315393313E-003
   74.600000000000009       -2.4375696365612366E-003
   74.650000000000006       -2.4289473490155386E-003
   74.700000000000003       -2.4203555606361689E-003
   74.750000000000000       -2.4117941635400219E-003
   74.799999999999997       -2.4032630502256016E-003
   74.850000000000009       -2.3947621135716711E-003
   74.900000000000006       -2.3862912468359068E-003
   74.950000000000003       -2.3778503436535621E-003
   75.000000000000000       -2.3694392980361258E-003
   75.049999999999997       -2.3610580043699971E-003
   75.100000000000009       -2.3527063574151539E-003
   75.150000000000006       -2.3443842523038355E-003
   75.200000000000003       -2.3360915845392245E-003
   75.250000000000000       -2.3278282499941353E-003
   75.299999999999997       -2.3195941449097044E-003
   75.350000000000009       -2.3113891658940898E-003
   75.400000000000006       -2.3032132099211730E-003
   75.450000000000003       -2.2950661743292630E-003
   75.500000000000000       -2.2869479568198088E-003
   75.549999999999997       -2.2788584554561155E-003
   75.600000000000009       -2.2707975686620629E-003
   75.650000000000006       -2.2627651952208299E-003
   75.700000000000003       -2.2547612342736266E-003
   75.750000000000000       -2.2467855853184238E-003
   75.799999999999997       -2.2388381482086931E-003
   75.850000000000009       -2.2309188231521499E-003
   75.900000000000006       -2.2230275107094984E-003
   75.950000000000003       -2.2151641117931845E-003
   76.000000000000000       -2.2073285276661531E-003
   76.049999999999997       -2.1995206599406043E-003
   76.100000000000009       -2.1917404105767616E-003
   76.150000000000006       -2.1839876818816380E-003
   76.200000000000003       -2.1762623765078123E-003
   76.250000000000000       -2.1685643974522057E-003
   76.299999999999997       -2.1608936480548607E-003
   76.350000000000009       -2.1532500319977332E-003
   76.400000000000006       -2.1456334533034769E-003
   76.450000000000003       -2.1380438163342425E-003
   76.500000000000000       -2.1304810257904761E-003
   76.549999999999997       -2.1229449867097216E-003
   76.600000000000009       -2.1154356044654288E-003
   76.650000000000006       -2.1079527847657638E-003
   76.700000000000003       -2.1004964336524272E-003
   76.750000000000000       -2.0930664574994730E-003
   76.800000000000011       -2.0856627630121355E-003
   76.850000000000009       -2.0782852572256505E-003
   76.900000000000006       -2.0709338475040982E-003
   76.950000000000003       -2.0636084415392320E-003
   77.000000000000000       -2.0563089473493250E-003
   77.050000000000011       -2.0490352732780116E-003
   77.100000000000009       -2.0417873279931350E-003
   77.150000000000006       -2.0345650204856062E-003
   77.200000000000003       -2.0273682600682563E-003
   77.250000000000000       -2.0201969563746996E-003
   77.300000000000011       -2.0130510193581996E-003
   77.350000000000009       -2.0059303592905352E-003
   77.400000000000006       -1.9988348867608784E-003
   77.450000000000003       -1.9917645126746679E-003
   77.500000000000000       -1.9847191482524930E-003
   77.550000000000011       -1.9776987050289779E-003
   77.600000000000009       -1.9707030948516698E-003
   77.650000000000006       -1.9637322298799325E-003
   77.700000000000003       -1.9567860225838444E-003
   77.750000000000000       -1.9498643857431004E-003
   77.800000000000011       -1.9429672324459140E-003
   77.850000000000009       -1.9360944760879266E-003
   77.900000000000006       -1.9292460303711218E-003
   77.950000000000003       -1.9224218093027402E-003
   78.000000000000000       -1.9156217271941996E-003
   78.050000000000011       -1.9088456986600204E-003
   78.100000000000009       -1.9020936386167520E-003
   78.150000000000006       -1.8953654622819050E-003
   78.200000000000003       -1.8886610851728872E-003
   78.250000000000000       -1.8819804231059425E-003
   78.300000000000011       -1.8753233921950927E-003
   78.350000000000009       -1.8686899088510853E-003
   78.400000000000006       -1.8620798897803434E-003
   78.450000000000003       -1.8554932519839209E-003
   78.500000000000000       -1.8489299127564590E-003
   78.550000000000011       -1.8423897896851491E-003
   78.600000000000009       -1.8358728006486952E-003
   78.650000000000006       -1.8293788638162861E-003
   78.700000000000003       -1.8229078976465661E-003
   78.750000000000000       -1.8164598208866118E-003
   78.800000000000011       -1.8100345525709114E-003
   78.850000000000009       -1.8036320120203473E-003
   78.900000000000006       -1.7972521188411848E-003
   78.950000000000003       -1.7908947929240623E-003
   79.000000000000000       -1.7845599544429832E-003
   79.050000000000011       -1.7782475238543175E-003
   79.100000000000009       -1.7719574218957978E-003
   79.150000000000006       -1.7656895695855300E-003
   79.200000000000003       -1.7594438882209960E-003
   79.250000000000000       -1.7532202993780694E-003
   79.300000000000011       -1.7470187249100293E-003
   79.350000000000009       -1.7408390869465781E-003
   79.400000000000006       -1.7346813078928667E-003
   79.450000000000003       -1.7285453104285157E-003
   79.500000000000000       -1.7224310175066489E-003
   79.550000000000011       -1.7163383523529237E-003
   79.600000000000009       -1.7102672384645664E-003
   79.650000000000006       -1.7042175996094132E-003
   79.700000000000003       -1.6981893598249523E-003
   79.750000000000000       -1.6921824434173701E-003
   79.800000000000011       -1.6861967749606016E-003
   79.850000000000009       -1.6802322792953805E-003
   79.900000000000006       -1.6742888815282982E-003
   79.950000000000003       -1.6683665070308642E-003
