   9.99999978E-03   226.37439491284852     
   1.99999996E-02   225.51659684984924     
   2.99999993E-02   224.66354886401106     
   3.99999991E-02   223.81520669699455     
   5.00000007E-02   222.97152673598603     
   5.99999987E-02   222.13246600089192     
   7.00000003E-02   221.29798213185015     
   7.99999982E-02   220.46803337704918     
   9.00000036E-02   219.64257858084667     
  0.100000001       218.82157717217686     
  0.109999999       218.00498915324113     
  0.119999997       217.19277508847009     
  0.129999995       216.38489609375338     
  0.140000001       215.58131382592580     
  0.150000006       214.78199047250416     
  0.159999996       213.98688874166837     
  0.170000002       213.19597185247872     
  0.180000007       212.40920352532154     
  0.189999998       211.62654797258142     
  0.200000003       210.84796988952732     
  0.209999993       210.07343444541161     
  0.219999999       209.30290727477421     
  0.230000004       208.53635446894620     
  0.239999995       207.77374256774692     
  0.250000000       207.01503855137165     
  0.259999990       206.26020983246067     
  0.270000011       205.50922424834954     
  0.280000001       204.76205005349095     
  0.289999992       204.01865591204842     
  0.300000012       203.27901089065207     
  0.310000002       202.54308445131684     
  0.319999993       201.81084644451596     
  0.330000013       201.08226710240643     
  0.340000004       200.35731703220284     
  0.349999994       199.63596720969551     
  0.360000014       198.91818897290804     
  0.370000005       198.20395401589337     
  0.379999995       197.49323438266129     
  0.389999986       196.78600246123716     
  0.400000006       196.08223097784651     
  0.409999996       195.38189299122320     
  0.419999987       194.68496188703725     
  0.430000007       193.99141137244101     
  0.439999998       193.30121547072793     
  0.449999988       192.61434851610386     
  0.460000008       191.93078514856680     
  0.469999999       191.25050030889187     
  0.479999989       190.57346923372017     
  0.490000010       189.89966745074841     
  0.500000000       189.22907077401578     
  0.509999990       188.56165529928850     
  0.519999981       187.89739739953586     
  0.529999971       187.23627372049884     
  0.540000021       186.57826117634775     
  0.550000012       185.92333694542569     
  0.560000002       185.27147846607838     
  0.569999993       184.62266343256539     
  0.579999983       183.97686979105319     
  0.589999974       183.33407573568675     
  0.600000024       182.69425970473793     
  0.610000014       182.05740037683006     
  0.620000005       181.42347666723472     
  0.629999995       180.79246772424122     
  0.639999986       180.16435292559652     
  0.649999976       179.53911187501205     
  0.660000026       178.91672439873926     
  0.670000017       178.29717054221001     
  0.680000007       177.68043056674009     
  0.689999998       177.06648494629587     
  0.699999988       176.45531436432225     
  0.709999979       175.84689971062949     
  0.720000029       175.24122207833886     
  0.730000019       174.63826276088540     
  0.740000010       174.03800324907579     
  0.750000000       173.44042522820124     
  0.759999990       172.84551057520380     
  0.769999981       172.25324135589400     
  0.779999971       171.66359982222028     
  0.790000021       171.07656840958768     
  0.800000012       170.49212973422556     
  0.810000002       169.91026659060327     
  0.819999993       169.33096194889148     
  0.829999983       168.75419895247063     
  0.839999974       168.17996091548227     
  0.850000024       167.60823132042597     
  0.860000014       167.03899381579765     
  0.870000005       166.47223221377024     
  0.879999995       165.90793048791545     
  0.889999986       165.34607277096481     
  0.899999976       164.78664335261152     
  0.910000026       164.22962667734944     
  0.920000017       163.67500734234980     
  0.930000007       163.12277009537553     
  0.939999998       162.57289983273057     
  0.949999988       162.02538159724591     
  0.959999979       161.48020057629850     
  0.970000029       160.93734209986567     
  0.980000019       160.39679163861172     
  0.990000010       159.85853480200745     
   1.00000000       159.32255733648117     
   1.00999999       158.78884512360153     
   1.01999998       158.25738417829032     
   1.02999997       157.72816064706532     
   1.03999996       157.20116080631291     
   1.04999995       156.67637106058893     
   1.05999994       156.15377794094843     
   1.07000005       155.63336810330176     
   1.08000004       155.11512832679915     
   1.09000003       154.59904551224125     
   1.10000002       154.08510668051537     
   1.11000001       153.57329897105791     
   1.12000000       153.06360964034093     
   1.13000000       152.55602606038423     
   1.13999999       152.05053571729073     
   1.14999998       151.54712620980590     
   1.15999997       151.04578524789960     
   1.16999996       150.54650065137201     
   1.17999995       150.04926034847961     
   1.19000006       149.55405237458558     
   1.20000005       149.06086487082945     
   1.21000004       148.56968608281844     
   1.22000003       148.08050435934047     
   1.23000002       147.59330815109544     
   1.24000001       147.10808600944770     
   1.25000000       146.62482658519781     
   1.25999999       146.14351862737260     
   1.26999998       145.66415098203544     
   1.27999997       145.18671259111292     
   1.28999996       144.71119249124138     
   1.29999995       144.23757981263023     
   1.30999994       143.76586377794283     
   1.32000005       143.29603370119415     
   1.33000004       142.82807898666607     
   1.34000003       142.36198912783780     
   1.35000002       141.89775370633387     
   1.36000001       141.43536239088658     
   1.37000000       140.97480493631519     
   1.38000000       140.51607118251994     
   1.38999999       140.05915105349052     
   1.39999998       139.60403455633025     
   1.40999997       139.15071178029410     
   1.41999996       138.69917289584129     
   1.42999995       138.24940815370138     
   1.44000006       137.80140788395477     
   1.45000005       137.35516249512582     
   1.46000004       136.91066247328990     
   1.47000003       136.46789838119346     
   1.48000002       136.02686085738591     
   1.49000001       135.58754061536558     
   1.50000000       135.14992844273667     
   1.50999999       134.71401520037904     
   1.51999998       134.27979182162991     
   1.52999997       133.84724931147642     
   1.53999996       133.41637874576102     
   1.54999995       132.98717127039745     
   1.55999994       132.55961810059733     
   1.57000005       132.13371052010882     
   1.58000004       131.70943988046511     
   1.59000003       131.28679760024389     
   1.60000002       130.86577516433675     
   1.61000001       130.44636412322961     
   1.62000000       130.02855609229249     
   1.63000000       129.61234275107907     
   1.63999999       129.19771584263651     
   1.64999998       128.78466717282427     
   1.65999997       128.37318860964263     
   1.66999996       127.96327208257063     
   1.67999995       127.55490958191201     
   1.69000006       127.14809315815151     
   1.70000005       126.74281492131902     
   1.71000004       126.33906704036265     
   1.72000003       125.93684174253009     
   1.73000002       125.53613131275860     
   1.74000001       125.13692809307292     
   1.75000000       124.73922448199181     
   1.75999999       124.34301293394152     
   1.76999998       123.94828595867794     
   1.77999997       123.55503612071649     
   1.78999996       123.16325603876895     
   1.79999995       122.77293838518791     
   1.80999994       122.38407588541935     
   1.82000005       121.99666131746091     
   1.83000004       121.61068751132898     
   1.84000003       121.22614734853138     
   1.85000002       120.84303376154753     
   1.86000001       120.46133973331548     
   1.87000000       120.08105829672552     
   1.88000000       119.70218253411981     
   1.88999999       119.32470557679942     
   1.89999998       118.94862060453680     
   1.90999997       118.57392084509550     
   1.91999996       118.20059957375457     
   1.92999995       117.82865011284076     
   1.94000006       117.45806583126533     
   1.95000005       117.08884014406759     
   1.96000004       116.72096651196364     
   1.97000003       116.35443844090099     
   1.98000002       115.98924948161913     
   1.99000001       115.62539322921508     
   2.00000000       115.26286332271482     
   2.00999999       114.90165344464967     
   2.01999998       114.54175732063862     
   2.02999997       114.18316871897466     
   2.03999996       113.82588145021792     
   2.04999995       113.46988936679203     
   2.05999994       113.11518636258693     
   2.06999993       112.76176637256555     
   2.07999992       112.40962337237620     
   2.08999991       112.05875137796885     
   2.09999990       111.70914444521647     
   2.10999990       111.36079666954112     
   2.11999989       111.01370218554462     
   2.13000011       110.66785516664316     
   2.14000010       110.32324982470683     
   2.15000010       109.97988040970320     
   2.16000009       109.63774120934566     
   2.17000008       109.29682654874532     
   2.18000007       108.95713079006754     
   2.19000006       108.61864833219217     
   2.20000005       108.28137361037824     
   2.21000004       107.94530109593255     
   2.22000003       107.61042529588174     
   2.23000002       107.27674075264892     
   2.24000001       106.94424204373333     
   2.25000000       106.61292378139461     
   2.25999999       106.28278061234006     
   2.26999998       105.95380721741583     
   2.27999997       105.62599831130174     
   2.28999996       105.29934864220971     
   2.29999995       104.97385299158560     
   2.30999994       104.64950617381393     
   2.31999993       104.32630303592744     
   2.32999992       104.00423845731839     
   2.33999991       103.68330734945427     
   2.34999990       103.36350465559615     
   2.35999990       103.04482535052064     
   2.36999989       102.72726444024481     
   2.38000011       102.41081696175415     
   2.39000010       102.09547798273394     
   2.40000010       101.78124260130332     
   2.41000009       101.46810594575251     
   2.42000008       101.15606317428295     
   2.43000007       100.84510947475056     
   2.44000006       100.53524006441131     
   2.45000005       100.22645018967050     
   2.46000004       99.918735125833848     
   2.47000003       99.612090176862196     
   2.48000002       99.306510675128507     
   2.49000001       99.001991981177412     
   2.50000000       98.698529483487746     
   2.50999999       98.396118598237749     
   2.51999998       98.094754769072324     
   2.52999997       97.794433466873613     
   2.53999996       97.495150189532907     
   2.54999995       97.196900461726742     
   2.55999994       96.899679834693771     
   2.56999993       96.603483886014800     
   2.57999992       96.308308219395542     
   2.58999991       96.014148464451097     
   2.59999990       95.721000276492731     
   2.60999990       95.428859336317885     
   2.61999989       95.137721350000831     
   2.63000011       94.847582048687286     
   2.64000010       94.558437188390002     
   2.65000010       94.270282549786955     
   2.66000009       93.983113938021859     
   2.67000008       93.696927182506315     
   2.68000007       93.411718136724588     
   2.69000006       93.127482678040124     
   2.70000005       92.844216707503975     
   2.71000004       92.561916149665635     
   2.72000003       92.280576952385474     
   2.73000002       92.000195086649541     
   2.74000001       91.720766546385732     
   2.75000000       91.442287348282292     
   2.75999999       91.164753531608369     
   2.76999998       90.888161158035643     
   2.77999997       90.612506311462880     
   2.78999996       90.337785097840992     
   2.79999995       90.063993645001332     
   2.80999994       89.791128102484706     
   2.81999993       89.519184641372220     
   2.82999992       89.248159454118650     
   2.83999991       88.978048754386407     
   2.84999990       88.708848776881979     
   2.85999990       88.440555777193978     
   2.86999989       88.173166031631993     
   2.88000011       87.906675837068263     
   2.89000010       87.641081510780396     
   2.90000010       87.376379390295227     
   2.91000009       87.112565833234953     
   2.92000008       86.849637217164471     
   2.93000007       86.587589939440278     
   2.94000006       86.326420417060703     
   2.95000005       86.066125086518198     
   2.96000004       85.806700403652229     
   2.97000003       85.548142843504337     
   2.98000002       85.290448900174397     
   2.99000001       85.033615086678083     
   3.00000000       84.777637934806194     
   3.00999999       84.522513994984692     
   3.01999998       84.268239836136729     
   3.02999997       84.014812045545924     
   3.03999996       83.762227228720548     
   3.04999995       83.510482009259306     
   3.05999994       83.259573028718705     
   3.06999993       83.009496946481221     
   3.07999992       82.760250439624755     
   3.08999991       82.511830202793860     
   3.09999990       82.264232948071694     
   3.10999990       82.017455404853351     
   3.11999989       81.771494319720460     
   3.13000011       81.526346456316915     
   3.14000010       81.282008595225889     
   3.15000010       81.038477533847754     
   3.16000009       80.795750086279554     
   3.17000008       80.553823083195198     
   3.18000007       80.312693371727235     
   3.19000006       80.072357815349193     
   3.20000005       79.832813293759529     
   3.21000004       79.594056702766466     
   3.22000003       79.356084954173710     
   3.23000002       79.118894975667629     
   3.24000001       78.882483710705117     
   3.25000000       78.646848118402787     
   3.25999999       78.411985173426899     
   3.26999998       78.177891865884661     
   3.27999997       77.944565201216193     
   3.28999996       77.712002200087625     
   3.29999995       77.480199898285193     
   3.30999994       77.249155346610436     
   3.31999993       77.018865610776032     
   3.32999992       76.789327771302709     
   3.33999991       76.560538923417482     
   3.34999990       76.332496176952034     
   3.35999990       76.105196656242782     
   3.36999989       75.878637500031402     
   3.38000011       75.652815861366349     
   3.39000010       75.427728907505355     
   3.40000010       75.203373819818850     
   3.41000009       74.979747793693818     
   3.42000008       74.756848038439145     
   3.43000007       74.534671777191349     
   3.44000006       74.313216246821341     
   3.45000005       74.092478697841926     
   3.46000004       73.872456394316430     
   3.47000003       73.653146613767461     
   3.48000002       73.434546647087103     
   3.49000001       73.216653798447808     
   3.50000000       72.999465385214023     
   3.50999999       72.782978737853909     
   3.51999998       72.567191199853511     
   3.52999997       72.352100127629427     
   3.53999996       72.137702890444515     
   3.54999995       71.923996870322540     
   3.55999994       71.710979461964556     
   3.56999993       71.498648072665659     
   3.57999992       71.287000122232612     
   3.58999991       71.076033042902111     
   3.59999990       70.865744279259545     
   3.60999990       70.656131288159045     
   3.61999989       70.447191538643281     
   3.63000011       70.238922511865155     
   3.64000010       70.031321701008864     
   3.65000010       69.824386611212859     
   3.66000009       69.618114759492343     
   3.67000008       69.412503674663498     
   3.68000007       69.207550897267296     
   3.69000006       69.003253979494843     
   3.70000005       68.799610485112908     
   3.71000004       68.596617989389998     
   3.72000003       68.394274079023546     
   3.73000002       68.192576352066951     
   3.74000001       67.991522417858121     
   3.75000000       67.791109896947660     
   3.75999999       67.591336421028629     
   3.76999998       67.392199632866038     
   3.77999997       67.193697186227510     
   3.78999996       66.995826745814128     
   3.79999995       66.798585987192297     
   3.80999994       66.601972596725602     
   3.81999993       66.405984271507677     
   3.82999992       66.210618719295454     
   3.83999991       66.015873658442970     
   3.84999990       65.821746817835717     
   3.85999990       65.628235936825760     
   3.86999989       65.435338765166549     
   3.88000011       65.243053062949656     
   3.89000010       65.051376600540650     
   3.90000010       64.860307158516449     
   3.91000009       64.669842527602597     
   3.92000008       64.479980508611362     
   3.93000007       64.290718912380171     
   3.94000006       64.102055559710763     
   3.95000005       63.913988281308491     
   3.96000004       63.726514917722419     
   3.97000003       63.539633319285628     
   3.98000002       63.353341346056354     
   3.99000001       63.167636867759178     
   4.00000000       62.982517763727095     
   4.01000023       62.797981922843618     
   4.01999998       62.614027243485680     
   4.03000021       62.430651633466866     
   4.03999996       62.247853009981142     
   4.05000019       62.065629299546764     
   4.05999994       61.883978437951136     
   4.07000017       61.702898370195548     
   4.07999992       61.522387050440813     
   4.09000015       61.342442441952983     
   4.09999990       61.163062517049589     
   4.11000013       60.984245257046545     
   4.11999989       60.805988652205116     
   4.13000011       60.628290701679255     
   4.13999987       60.451149413463916     
   4.15000010       60.274562804343113     
   4.15999985       60.098528899838620     
   4.17000008       59.923045734159345     
   4.17999983       59.748111350150459     
   4.19000006       59.573723799243702     
   4.19999981       59.399881141407327     
   4.21000004       59.226581445096890     
   4.21999979       59.053822787206315     
   4.23000002       58.881603253019343     
   4.23999977       58.709920936161033     
   4.25000000       58.538773938550335     
   4.26000023       58.368160370352093     
   4.26999998       58.198078349930420     
   4.28000021       58.028526003801453     
   4.28999996       57.859501466587275     
   4.30000019       57.691002880969478     
   4.30999994       57.523028397643856     
   4.32000017       57.355576175274528     
   4.32999992       57.188644380449354     
   4.34000015       57.022231187634787     
   4.34999990       56.856334779131807     
   4.36000013       56.690953345031531     
   4.36999989       56.526085083171893     
   4.38000011       56.361728199093776     
   4.38999987       56.197880905998289     
   4.40000010       56.034541424703789     
   4.40999985       55.871707983603422     
   4.42000008       55.709378818623129     
   4.42999983       55.547552173179561     
   4.44000006       55.386226298138780     
   4.44999981       55.225399451774855     
   4.46000004       55.065069899729046     
   4.46999979       54.905235914968983     
   4.48000002       54.745895777748558     
   4.48999977       54.587047775567797     
   4.50000000       54.428690203133009     
   4.51000023       54.270821362317378     
   4.51999998       54.113439562121712     
   4.53000021       53.956543118635700     
   4.53999996       53.800130354999133     
   4.55000019       53.644199601363567     
   4.55999994       53.488749194854265     
   4.57000017       53.333777479532387     
   4.57999992       53.179282806357556     
   4.59000015       53.025263533150294     
   4.59999990       52.871718024555399     
   4.61000013       52.718644652004869     
   4.61999989       52.566041793681705     
   4.63000011       52.413907834483318     
   4.63999987       52.262241165986019     
   4.65000010       52.111040186408893     
   4.65999985       51.960303300578516     
   4.67000008       51.810028919893739     
   4.67999983       51.660215462290644     
   4.69000006       51.510861352207868     
   4.69999981       51.361965020552113     
   4.71000004       51.213524904663885     
   4.71999979       51.065539448283403     
   4.73000002       50.918007101517020     
   4.73999977       50.770926320803412     
   4.75000000       50.624295568880584     
   4.76000023       50.478113314752441     
   4.76999998       50.332378033656290     
   4.78000021       50.187088207029916     
   4.78999996       50.042242322479311     
   4.80000019       49.897838873746537     
   4.80999994       49.753876360677594     
   4.82000017       49.610353289190911     
   4.82999992       49.467268171245621     
   4.84000015       49.324619524810352     
   4.84999990       49.182405873831996     
   4.86000013       49.040625748205009     
   4.86999989       48.899277683740635     
   4.88000011       48.758360222136353     
   4.88999987       48.617871910945730     
   4.90000010       48.477811303548279     
   4.90999985       48.338176959119650     
   4.92000008       48.198967442601827     
   4.92999983       48.060181324673941     
   4.94000006       47.921817181722673     
   4.94999981       47.783873595813319     
   4.96000004       47.646349154661074     
   4.96999979       47.509242451602034     
   4.98000002       47.372552085564919     
   4.98999977       47.236276661042666     
   5.00000000       47.100414788064278     
   5.01000023       46.964965082167119     
   5.01999998       46.829926164368757     
   5.03000021       46.695296661139722     
   5.03999996       46.561075204375918     
   5.05000019       46.427260431371749     
   5.05999994       46.293850984792392     
   5.07000017       46.160845512647818     
   5.07999992       46.028242668265399     
   5.09000015       45.896041110263774     
   5.09999990       45.764239502526380     
   5.11000013       45.632836514175281     
   5.11999989       45.501830819545297     
   5.13000011       45.371221098157939     
   5.13999987       45.241006034696071     
   5.15000010       45.111184318978005     
   5.15999985       44.981754645932554     
   5.17000008       44.852715715573666     
   5.17999983       44.724066232975446     
   5.19000006       44.595804908247260     
   5.19999981       44.467930456509094     
   5.21000004       44.340441597867141     
   5.21999979       44.213337057389111     
   5.23000002       44.086615565080280     
   5.23999977       43.960275855859422     
   5.25000000       43.834316669534644     
   5.26000023       43.708736750779885     
   5.26999998       43.583534849111231     
   5.28000021       43.458709718863275     
   5.28999996       43.334260119166046     
   5.30000019       43.210184813921757     
   5.30999994       43.086482571781609     
   5.32000017       42.963152166123230     
   5.32999992       42.840192375027492     
   5.34000015       42.717601981256458     
   5.34999990       42.595379772230459     
   5.36000013       42.473524540005968     
   5.36999989       42.352035081253426     
   5.38000011       42.230910197235254     
   5.38999987       42.110148693783707     
   5.40000010       41.989749381279402     
   5.40999985       41.869711074629464     
   5.42000008       41.750032593246132     
   5.42999983       41.630712761025357     
   5.44000006       41.511750406325561     
   5.44999981       41.393144361946540     
   5.46000004       41.274893465108420     
   5.46999979       41.156996557430944     
   5.48000002       41.039452484912566     
   5.48999977       40.922260097909991     
   5.50000000       40.805418251117651     
   5.51000023       40.688925803547292     
   5.51999998       40.572781618507918     
   5.53000021       40.456984563585422     
   5.53999996       40.341533510622973     
   5.55000019       40.226427335700691     
   5.55999994       40.111664919116343     
   5.57000017       39.997245145365461     
   5.57999992       39.883166903121833     
   5.59000015       39.769429085218221     
   5.59999990       39.656030588627075     
   5.61000013       39.542970314441320     
   5.61999989       39.430247167855327     
   5.63000011       39.317860058145961     
   5.63999987       39.205807898653802     
   5.65000010       39.094089606764470     
   5.65999985       38.982704103889866     
   5.67000008       38.871650315449884     
   5.67999983       38.760927170853947     
   5.69000006       38.650533603482721     
   5.69999981       38.540468550669900     
   5.71000004       38.430730953684289     
   5.71999979       38.321319757711841     
   5.73000002       38.212233911837615     
   5.73999977       38.103472369028289     
   5.75000000       37.995034086114337     
   5.76000023       37.886918023772608     
   5.76999998       37.779123146508887     
   5.78000021       37.671648422640402     
   5.78999996       37.564492824278922     
   5.80000019       37.457655327313233     
   5.80999994       37.351134911392514     
   5.82000017       37.244930559908980     
   5.82999992       37.139041259981383     
   5.84000015       37.033466002438153     
   5.84999990       36.928203781800754     
   5.86000013       36.823253596267136     
   5.86999989       36.718614447695195     
   5.88000011       36.614285341586680     
   5.88999987       36.510265287070659     
   5.90000010       36.406553296887488     
   5.90999985       36.303148387372630     
   5.92000008       36.200049578440812     
   5.92999983       36.097255893570001     
   5.94000006       35.994766359785650     
   5.94999981       35.892580007644980     
   5.96000004       35.790695871221402     
   5.96999979       35.689112988088802     
   5.98000002       35.587830399306334     
   5.98999977       35.486847149402905     
   6.00000000       35.386162286361845     
   6.01000023       35.285774861605944     
   6.01999998       35.185683929981991     
   6.03000021       35.085888549746166     
   6.03999996       34.986387782548768     
   6.05000019       34.887180693419459     
   6.05999994       34.788266350752615     
   6.07000017       34.689643826292460     
   6.07999992       34.591312195118491     
   6.09000015       34.493270535631098     
   6.09999990       34.395517929536950     
   6.11000013       34.298053461834634     
   6.11999989       34.200876220800502     
   6.13000011       34.103985297974283     
   6.13999987       34.007379788145158     
   6.15000010       33.911058789337503     
   6.15999985       33.815021402796994     
   6.17000008       33.719266732976749     
   6.17999983       33.623793887523497     
   6.19000006       33.528601977263754     
   6.19999981       33.433690116190157     
   6.21000004       33.339057421448018     
   6.21999979       33.244703013321597     
   6.23000002       33.150626015220716     
   6.23999977       33.056825553667537     
   6.25000000       32.963300758282962     
   6.26000023       32.870050761773676     
   6.26999998       32.777074699918764     
   6.28000021       32.684371711556828     
   6.28999996       32.591940938572833     
   6.30000019       32.499781525885098     
   6.30999994       32.407892621432616     
   6.32000017       32.316273376162066     
   6.32999992       32.224922944015105     
   6.34000015       32.133840481915840     
   6.34999990       32.043025149757909     
   6.36000013       31.952476110392279     
   6.36999989       31.862192529614578     
   6.38000011       31.772173576152746     
   6.38999987       31.682418421654592     
   6.40000010       31.592926240675737     
   6.40999985       31.503696210667169     
   6.42000008       31.414727511963239     
   6.42999983       31.326019327769583     
   6.44000006       31.237570844150969     
   6.44999981       31.149381250019427     
   6.46000004       31.061449737122526     
   6.46999979       30.973775500031145     
   6.48000002       30.886357736128094     
   6.48999977       30.799195645596235     
   6.50000000       30.712288431406865     
   6.51000023       30.625635299307998     
   6.51999998       30.539235457813106     
   6.53000021       30.453088118189498     
   6.53999996       30.367192494446833     
   6.55000019       30.281547803325992     
   6.55999994       30.196153264287556     
   6.57000017       30.111008099500850     
   6.57999992       30.026111533832474     
   6.59000015       29.941462794835431     
   6.59999990       29.857061112737924     
   6.61000013       29.772905720432444     
   6.61999989       29.688995853464764     
   6.63000011       29.605330750023132     
   6.63999987       29.521909650927363     
   6.65000010       29.438731799618129     
   6.65999985       29.355796442146222     
   6.67000008       29.273102827161800     
   6.67999983       29.190650205903996     
   6.69000006       29.108437832190138     
   6.69999981       29.026464962405292     
   6.71000004       28.944730855491972     
   6.71999979       28.863234772939542     
   6.73000002       28.781975978774064     
   6.73999977       28.700953739547764     
   6.75000000       28.620167324329074     
   6.76000023       28.539616004692213     
   6.76999998       28.459299054707252     
   6.78000021       28.379215750929806     
   6.78999996       28.299365372391197     
   6.80000019       28.219747200588412     
   6.80999994       28.140360519474143     
   6.82000017       28.061204615446851     
   6.82999992       27.982278777341090     
   6.84000015       27.903582296417600     
   6.84999990       27.825114466353618     
   6.86000013       27.746874583233119     
   6.86999989       27.668861945537323     
   6.88000011       27.591075854134964     
   6.88999987       27.513515612272784     
   6.90000010       27.436180525566126     
   6.90999985       27.359069901989336     
   6.92000008       27.282183051866475     
   6.92999983       27.205519287861982     
   6.94000006       27.129077924971163     
   6.94999981       27.052858280511263     
   6.96000004       26.976859674111896     
   6.96999979       26.901081427706128     
   6.98000002       26.825522865521222     
   6.98999977       26.750183314069613     
   7.00000000       26.675062102139837     
   7.01000023       26.600158560787559     
   7.01999998       26.525472023326589     
   7.03000021       26.451001825320034     
   7.03999996       26.376747304571328     
   7.05000019       26.302707801115606     
   7.05999994       26.228882657210669     
   7.07000017       26.155271217328458     
   7.07999992       26.081872828146295     
   7.09000015       26.008686838538196     
   7.09999990       25.935712599566298     
   7.11000013       25.862949464472294     
   7.11999989       25.790396788668911     
   7.13000011       25.718053929731354     
   7.13999987       25.645920247389032     
   7.15000010       25.573995103516960     
   7.15999985       25.502277862127514     
   7.17000008       25.430767889362031     
   7.17999983       25.359464553482688     
   7.19000006       25.288367224864004     
   7.19999981       25.217475275984878     
   7.21000004       25.146788081420254     
   7.21999979       25.076305017833104     
   7.23000002       25.006025463966292     
   7.23999977       24.935948800634520     
   7.25000000       24.866074410716351     
   7.26000023       24.796401679146143     
   7.26999998       24.726929992906339     
   7.28000021       24.657658741019276     
   7.28999996       24.588587314539527     
   7.30000019       24.519715106545988     
   7.30999994       24.451041512134200     
   7.32000017       24.382565928408393     
   7.32999992       24.314287754474019     
   7.34000015       24.246206391429915     
   7.34999990       24.178321242360674     
   7.36000013       24.110631712329162     
   7.36999989       24.043137208368719     
   7.38000011       23.975837139475960     
   7.38999987       23.908730916602835     
   7.40000010       23.841817952649631     
   7.40999985       23.775097662457203     
   7.42000008       23.708569462799716     
   7.42999983       23.642232772377312     
   7.44000006       23.576087011808699     
   7.44999981       23.510131603623933     
   7.46000004       23.444365972257071     
   7.46999979       23.378789544039076     
   7.48000002       23.313401747190497     
   7.48999977       23.248202011814396     
   7.50000000       23.183189769889179     
   7.51000023       23.118364455261499     
   7.51999998       23.053725503639289     
   7.53000021       22.989272352584543     
   7.53999996       22.925004441506555     
   7.55000019       22.860921211654784     
   7.55999994       22.797022106111971     
   7.57000017       22.733306569787281     
   7.57999992       22.669774049409355     
   7.59000015       22.606423993519545     
   7.59999990       22.543255852465087     
   7.61000013       22.480269078392347     
   7.61999989       22.417463125239959     
   7.63000011       22.354837448732379     
   7.63999987       22.292391506372830     
   7.65000010       22.230124757436990     
   7.65999985       22.168036662966117     
   7.67000008       22.106126685760710     
   7.67999983       22.044394290373646     
   7.69000006       21.982838943103953     
   7.69999981       21.921460111990068     
   7.71000004       21.860257266803476     
   7.71999979       21.799229879042212     
   7.73000002       21.738377421924575     
   7.73999977       21.677699370382534     
   7.75000000       21.617195201055502     
   7.76000023       21.556864392284016     
   7.76999998       21.496706424103383     
   7.78000021       21.436720778237412     
   7.78999996       21.376906938092201     
   7.80000019       21.317264388749845     
   7.80999994       21.257792616962352     
   7.82000017       21.198491111145433     
   7.82999992       21.139359361372282     
   7.84000015       21.080396859367610     
   7.84999990       21.021603098501490     
   7.86000013       20.962977573783299     
   7.86999989       20.904519781855718     
   7.88000011       20.846229220988704     
   7.88999987       20.788105391073522     
   7.90000010       20.730147793616801     
   7.90999985       20.672355931734611     
   7.92000008       20.614729310146622     
   7.92999983       20.557267435170083     
   7.94000006       20.499969814714181     
   7.94999981       20.442835958274067     
   7.96000004       20.385865376925082     
   7.96999979       20.329057583317127     
   7.98000002       20.272412091668677     
   7.98999977       20.215928417761308     
   8.00000000       20.159606078933866     
   8.01000023       20.103444594076805     
   8.02000046       20.047443483626612     
   8.02999973       19.991602269560158     
   8.03999996       19.935920475389029     
   8.05000019       19.880397626154078     
   8.06000042       19.825033248419810     
   8.06999969       19.769826870268854     
   8.07999992       19.714778021296524     
   8.09000015       19.659886232605228     
   8.10000038       19.605151036799239     
   8.10999966       19.550571967978943     
   8.11999989       19.496148561735744     
   8.13000011       19.441880355146537     
   8.14000034       19.387766886768368     
   8.14999962       19.333807696633048     
   8.15999985       19.280002326241970     
   8.17000008       19.226350318560726     
   8.18000031       19.172851218013829     
   8.18999958       19.119504570479585     
   8.19999981       19.066309923284674     
   8.21000004       19.013266825199196     
   8.22000027       18.960374826431266     
   8.22999954       18.907633478622046     
   8.23999977       18.855042334840473     
   8.25000000       18.802600949578181     
   8.26000023       18.750308878744526     
   8.27000046       18.698165679661347     
   8.27999973       18.646170911058054     
   8.28999996       18.594324133066507     
   8.30000019       18.542624907216080     
   8.31000042       18.491072796428689     
   8.31999969       18.439667365013737     
   8.32999992       18.388408178663290     
   8.34000015       18.337294804447076     
   8.35000038       18.286326810807591     
   8.35999966       18.235503767555336     
   8.36999989       18.184825245863784     
   8.38000011       18.134290818264642     
   8.39000034       18.083900058643032     
   8.39999962       18.033652542232712     
   8.40999985       17.983547845611220     
   8.42000008       17.933585546695234     
   8.43000031       17.883765224735679     
   8.43999958       17.834086460313181     
   8.44999981       17.784548835333275     
   8.46000004       17.735151933021722     
   8.47000027       17.685895337919888     
   8.47999954       17.636778635880116     
   8.48999977       17.587801414061026     
   8.50000000       17.538963260923019     
   8.51000023       17.490263766223610     
   8.52000046       17.441702521012928     
   8.52999973       17.393279117629156     
   8.53999996       17.344993149693941     
   8.55000019       17.296844212108077     
   8.56000042       17.248831901046731     
   8.56999969       17.200955813955215     
   8.57999992       17.153215549544459     
   8.59000015       17.105610707786553     
   8.60000038       17.058140889910348     
   8.60999966       17.010805698397050     
   8.61999989       16.963604736975892     
   8.63000011       16.916537610619720     
   8.64000034       16.869603925540709     
   8.64999962       16.822803289185938     
   8.65999985       16.776135310233194     
   8.67000008       16.729599598586610     
   8.68000031       16.683195765372478     
   8.68999958       16.636923422934878     
   8.69999981       16.590782184831482     
   8.71000004       16.544771665829447     
   8.72000027       16.498891481901065     
   8.72999954       16.453141250219630     
   8.73999977       16.407520589155300     
   8.75000000       16.362029118270900     
   8.76000023       16.316666458317830     
   8.77000046       16.271432231231909     
   8.77999973       16.226326060129303     
   8.78999996       16.181347569302446     
   8.80000019       16.136496384215924     
   8.81000042       16.091772131502481     
   8.81999969       16.047174438958972     
   8.82999992       16.002702935542278     
   8.84000015       15.958357251365420     
   8.85000038       15.914137017693504     
   8.85999966       15.870041866939735     
   8.86999989       15.826071432661488     
   8.88000011       15.782225349556347     
   8.89000034       15.738503253458285     
   8.89999962       15.694904781333594     
   8.90999985       15.651429571277109     
   8.92000008       15.608077262508278     
   8.93000031       15.564847495367328     
   8.93999958       15.521739911311460     
   8.94999981       15.478754152910904     
   8.96000004       15.435889863845222     
   8.97000027       15.393146688899430     
   8.97999954       15.350524273960279     
   8.98999977       15.308022266012426     
   9.00000000       15.265640313134705     
   9.01000023       15.223378064496419     
   9.02000046       15.181235170353551     
   9.02999973       15.139211282045121     
   9.03999996       15.097306051989406     
   9.05000019       15.055519133680402     
   9.06000042       15.013850181683980     
   9.06999969       14.972298851634399     
   9.07999992       14.930864800230550     
   9.09000015       14.889547685232376     
   9.10000038       14.848347165457286     
   9.10999966       14.807262900776520     
   9.11999989       14.766294552111633     
   9.13000011       14.725441781430870     
   9.14000034       14.684704251745579     
   9.14999962       14.644081627106774     
   9.15999985       14.603573572601595     
   9.17000008       14.563179754349672     
   9.18000031       14.522899839499813     
   9.18999958       14.482733496226372     
   9.19999981       14.442680393725825     
   9.21000004       14.402740202213412     
   9.22000027       14.362912592919509     
   9.22999954       14.323197238086353     
   9.23999977       14.283593810964572     
   9.25000000       14.244101985809769     
   9.26000023       14.204721437879144     
   9.27000046       14.165451843428160     
   9.27999973       14.126292879707091     
   9.28999996       14.087244224957717     
   9.30000019       14.048305558410060     
   9.31000042       14.009476560278957     
   9.31999969       13.970756911760772     
   9.32999992       13.932146295030128     
   9.34000015       13.893644393236601     
   9.35000038       13.855250890501459     
   9.35999966       13.816965471914372     
   9.36999989       13.778787823530232     
   9.38000011       13.740717632365806     
   9.39000034       13.702754586396676     
   9.39999962       13.664898374553838     
   9.40999985       13.627148686720640     
   9.42000008       13.589505213729558     
   9.43000031       13.551967647359055     
   9.43999958       13.514535680330301     
   9.44999981       13.477209006304179     
   9.46000004       13.439987319878059     
   9.47000027       13.402870316582666     
   9.47999954       13.365857692879032     
   9.48999977       13.328949146155313     
   9.50000000       13.292144374723808     
   9.51000023       13.255443077817743     
   9.52000046       13.218844955588315     
   9.52999973       13.182349709101588     
   9.53999996       13.145957040335446     
   9.55000019       13.109666652176646     
   9.56000042       13.073478248417612     
   9.56999969       13.037391533753683     
   9.57999992       13.001406213779893     
   9.59000015       12.965521994988075     
   9.60000038       12.929738584763893     
   9.60999966       12.894055691383901     
   9.61999989       12.858473024012531     
   9.63000011       12.822990292699169     
   9.64000034       12.787607208375283     
   9.64999962       12.752323482851386     
   9.65999985       12.717138828814303     
   9.67000008       12.682052959824107     
   9.68000031       12.647065590311307     
   9.68999958       12.612176435573978     
   9.69999981       12.577385211774889     
   9.71000004       12.542691635938661     
   9.72000027       12.508095425948870     
   9.72999954       12.473596300545305     
   9.73999977       12.439193979321065     
   9.75000000       12.404888182719796     
   9.76000023       12.370678632032911     
   9.77000046       12.336565049396691     
   9.77999973       12.302547157789649     
   9.78999996       12.268624681029687     
   9.80000019       12.234797343771296     
   9.81000042       12.201064871502920     
   9.81999969       12.167426990544111     
   9.82999992       12.133883428042875     
   9.84000015       12.100433911972912     
   9.85000038       12.067078171130921     
   9.85999966       12.033815935133928     
   9.86999989       12.000646934416521     
   9.88000011       11.967570900228308     
   9.89000034       11.934587564631085     
   9.89999962       11.901696660496302     
   9.90999985       11.868897921502388     
   9.92000008       11.836191082132059     
   9.93000031       11.803575877669795     
   9.93999958       11.771052044199100     
   9.94999981       11.738619318599959     
   9.96000004       11.706277438546270     
   9.97000027       11.674026142503184     
   9.97999954       11.641865169724548     
   9.98999977       11.609794260250384     
   10.0000000       11.577813154904238     
   10.0100002       11.545921595290732     
   10.0200005       11.514119323792903     
   10.0299997       11.482406083569806     
   10.0400000       11.450781618553888     
   10.0500002       11.419245673448479     
   10.0600004       11.387797993725341     
   10.0699997       11.356438325622172     
   10.0799999       11.325166416140027     
   10.0900002       11.293982013040967     
   10.1000004       11.262884864845466     
   10.1099997       11.231874720830103     
   10.1199999       11.200951331024937     
   10.1300001       11.170114446211199     
   10.1400003       11.139363817918770     
   10.1499996       11.108699198423871     
   10.1599998       11.078120340746498     
   10.1700001       11.047626998648122     
   10.1800003       11.017218926629297     
   10.1899996       10.986895879927188     
   10.1999998       10.956657614513270     
   10.2100000       10.926503887090901     
   10.2200003       10.896434455093013     
   10.2299995       10.866449076679713     
   10.2399998       10.836547510735960     
   10.2500000       10.806729516869234     
   10.2600002       10.776994855407160     
   10.2700005       10.747343287395255     
   10.2799997       10.717774574594555     
   10.2900000       10.688288479479381     
   10.3000002       10.658884765234978     
   10.3100004       10.629563195755235     
   10.3199997       10.600323535640463     
   10.3299999       10.571165550195058     
   10.3400002       10.542089005425268     
   10.3500004       10.513093668036950     
   10.3599997       10.484179305433301     
   10.3699999       10.455345685712629     
   10.3800001       10.426592577666128     
   10.3900003       10.397919750775667     
   10.3999996       10.369326975211512     
   10.4099998       10.340814021830223     
   10.4200001       10.312380662172375     
   10.4300003       10.284026668460401     
   10.4399996       10.255751813596371     
   10.4499998       10.227555871159925     
   10.4600000       10.199438615405937     
   10.4700003       10.171399821262524     
   10.4799995       10.143439264328769     
   10.4899998       10.115556720872668     
   10.5000000       10.087751967828908     
   10.5100002       10.060024782796823     
   10.5200005       10.032374944038214     
   10.5299997       10.004802230475258     
   10.5400000       9.9773064216884073     
   10.5500002       9.9498872979142696     
   10.5600004       9.9225446400435562     
   10.5699997       9.8952782296189490     
   10.5799999       9.8680878488330492     
   10.5900002       9.8409732805263115     
   10.6000004       9.8139343081849955     
   10.6099997       9.7869707159390877     
   10.6199999       9.7600822885602270     
   10.6300001       9.7332688114597534     
   10.6400003       9.7065300706865845     
   10.6499996       9.6798658529252535     
   10.6599998       9.6532759454938564     
   10.6700001       9.6267601363420372     
   10.6800003       9.6003182140489987     
   10.6899996       9.5739499678215463     
   10.6999998       9.5476551874920013     
   10.7100000       9.5214336635163050     
   10.7200003       9.4952851869719943     
   10.7299995       9.4692095495562771     
   10.7399998       9.4432065435839920     
   10.7500000       9.4172759619857676     
   10.7600002       9.3914175983059760     
   10.7700005       9.3656312467007989     
   10.7799997       9.3399167019364011     
   10.7900000       9.3142737593868521     
   10.8000002       9.2887022150323020     
   10.8100004       9.2632018654570203     
   10.8199997       9.2377725078475645     
   10.8299999       9.2124139399907552     
   10.8400002       9.1871259602719011     
   10.8500004       9.1619083676728383     
   10.8599997       9.1367609617700669     
   10.8699999       9.1116835427328962     
   10.8800001       9.0866759113215778     
   10.8900003       9.0617378688853805     
   10.8999996       9.0368692173608292     
   10.9099998       9.0120697592697976     
   10.9200001       8.9873392977176660     
   10.9300003       8.9626776363915166     
   10.9399996       8.9380845795582946     
   10.9499998       8.9135599320629400     
   10.9600000       8.8891034993266551     
   10.9700003       8.8647150873450222     
   10.9799995       8.8403945026862427     
   10.9899998       8.8161415524892828     
   11.0000000       8.7919560444621876     
   11.0100002       8.7678377868801949     
   11.0200005       8.7437865885839603     
   11.0299997       8.7198022589778645     
   11.0400000       8.6958846080281802     
   11.0500002       8.6720334462613398     
   11.0600004       8.6482485847621504     
   11.0699997       8.6245298351720923     
   11.0799999       8.6008770096875029     
   11.0900002       8.5772899210579325     
   11.1000004       8.5537683825843622     
   11.1099997       8.5303122081174614     
   11.1199999       8.5069212120559143     
   11.1300001       8.4835952093446796     
   11.1400003       8.4603340154732809     
   11.1499996       8.4371374464741447     
   11.1599998       8.4140053189208377     
   11.1700001       8.3909374499264384     
   11.1800003       8.3679336571418510     
   11.1899996       8.3449937587540486     
   11.1999998       8.3221175734845225     
   11.2100000       8.2993049205875220     
   11.2200003       8.2765556198484411     
   11.2299995       8.2538694915821242     
   11.2399998       8.2312463566312832     
   11.2500000       8.2086860363647833     
   11.2600002       8.1861883526760160     
   11.2700005       8.1637531279813462     
   11.2799997       8.1413801852183703     
   11.2900000       8.1190693478443841     
   11.3000002       8.0968204398346995     
   11.3100004       8.0746332856810916     
   11.3199997       8.0525077103901861     
   11.3299999       8.0304435394818050     
   11.3400002       8.0084405989874465     
   11.3500004       7.9864987154486284     
   11.3599997       7.9646177159153844     
   11.3699999       7.9427974279446012     
   11.3800001       7.9210376795985296     
   11.3900003       7.8993382994431283     
   11.3999996       7.8776991165465926     
   11.4099998       7.8561199604777210     
   11.4200001       7.8346006613044077     
   11.4300003       7.8131410495921347     
   11.4399996       7.7917409564023119     
   11.4499998       7.7704002132908583     
   11.4600000       7.7491186523066258     
   11.4700003       7.7278961059898714     
   11.4799995       7.7067324073707644     
   11.4899998       7.6856273899677952     
   11.5000000       7.6645808877863955     
   11.5100002       7.6435927353173225     
   11.5200005       7.6226627675352061     
   11.5299997       7.6017908198970181     
   11.5400000       7.5809767283406613     
   11.5500002       7.5602203292834238     
   11.5600004       7.5395214596205014     
   11.5699997       7.5188799567235360     
   11.5799999       7.4982956584391278     
   11.5900002       7.4777684030874347     
   11.6000004       7.4572980294606523     
   11.6099997       7.4368843768215198     
   11.6199999       7.4165272849020196     
   11.6300001       7.3962265939017771     
   11.6400003       7.3759821444866764     
   11.6499996       7.3557937777874747     
   11.6599998       7.3356613353983198     
   11.6700001       7.3155846593752916     
   11.6800003       7.2955635922350606     
   11.6899996       7.2755979769534642     
   11.6999998       7.2556876569640085     
   11.7100000       7.2358324761565536     
   11.7200003       7.2160322788758808     
   11.7299995       7.1962869099202811     
   11.7399998       7.1765962145402113     
   11.7500000       7.1569600384368286     
   11.7600002       7.1373782277606699     
   11.7700005       7.1178506291102766     
   11.7799997       7.0983770895307625     
   11.7900000       7.0789574565124980     
   11.8000002       7.0595915779897309     
   11.8100004       7.0402793023392540     
   11.8199997       7.0210204783789543     
   11.8299999       7.0018149553665889     
   11.8400002       6.9826625829983469     
   11.8500004       6.9635632114075525     
   11.8599997       6.9445166911633152     
   11.8699999       6.9255228732691743     
   11.8800001       6.9065816091618411     
   11.8900003       6.8876927507097445     
   11.8999996       6.8688561502118750     
   11.9099998       6.8500716603963347     
   11.9200001       6.8313391344191050     
   11.9300003       6.8126584258626952     
   11.9399996       6.7940293887348702     
   11.9499998       6.7754518774673320     
   11.9600000       6.7569257469144306     
   11.9700003       6.7384508523518853     
   11.9799995       6.7200270494754957     
   11.9899998       6.7016541943998558     
   12.0000000       6.6833321436570783     
   12.0100002       6.6650607541954967     
   12.0200005       6.6468398833784814     
   12.0299997       6.6286693889830488     
   12.0400000       6.6105491291987191     
   12.0500002       6.5924789626261910     
   12.0600004       6.5744587482761325     
   12.0699997       6.5564883455678533     
   12.0799999       6.5385676143281994     
   12.0900002       6.5206964147901827     
   12.1000004       6.5028746075917851     
   12.1099997       6.4851020537747921     
   12.1199999       6.4673786147834695     
   12.1300001       6.4497041524633767     
   12.1400003       6.4320785290602061     
   12.1499996       6.4145016072184653     
   12.1599998       6.3969732499803387     
   12.1700001       6.3794933207844613     
   12.1800003       6.3620616834647148     
   12.1899996       6.3446782022490096     
   12.1999998       6.3273427417581045     
   12.2100000       6.3100551670044434     
   12.2200003       6.2928153433909548     
   12.2299995       6.2756231367097977     
   12.2399998       6.2584784131412778     
   12.2500000       6.2413810392526390     
   12.2600002       6.2243308819968668     
   12.2700005       6.2073278087115611     
   12.2799997       6.1903716871177341     
   12.2900000       6.1734623853186639     
   12.3000002       6.1565997717987484     
   12.3100004       6.1397837154223573     
   12.3199997       6.1230140854326347     
   12.3299999       6.1062907514504365     
   12.3400002       6.0896135834730893     
   12.3500004       6.0729824518733375     
   12.3599997       6.0563972273981790     
   12.3699999       6.0398577811676928     
   12.3800001       6.0233639846740079     
   12.3900003       6.0069157097800652     
   12.3999996       5.9905128287186065     
   12.4099998       5.9741552140909748     
   12.4200001       5.9578427388660540     
   12.4300003       5.9415752763791119     
   12.4399996       5.9253527003307687     
   12.4499998       5.9091748847858021     
   12.4600000       5.8930417041721510     
   12.4700003       5.8769530332797322     
   12.4799995       5.8609087472593790     
   12.4899998       5.8449087216218096     
   12.5000000       5.8289528322364266     
   12.5100002       5.8130409553303766     
   12.5200005       5.7971729674873371     
   12.5299997       5.7813487456465715     
   12.5400000       5.7655681671017271     
   12.5500002       5.7498311094999046     
   12.5600004       5.7341374508404854     
   12.5699997       5.7184870694741186     
   12.5799999       5.7028798441016839     
   12.5900002       5.6873156537731999     
   12.6000004       5.6717943778868030     
   12.6099997       5.6563158961876612     
   12.6199999       5.6408800887670134     
   12.6300001       5.6254868360610155     
   12.6400003       5.6101360188498122     
   12.6499996       5.5948275182564480     
   12.6599998       5.5795612157458541     
   12.6700001       5.5643369931237849     
   12.6800003       5.5491547325358912     
   12.6899996       5.5340143164665871     
   12.6999998       5.5189156277380844     
   12.7100000       5.5038585495094399     
   12.7200003       5.4888429652754063     
   12.7299995       5.4738687588655770     
   12.7399998       5.4589358144432660     
   12.7500000       5.4440440165045825     
   12.7600002       5.4291932498773967     
   12.7700005       5.4143833997203785     
   12.7799997       5.3996143515219419     
   12.7900000       5.3848859910993578     
   12.8000002       5.3701982045976759     
   12.8100004       5.3555508784888000     
   12.8199997       5.3409438995704912     
   12.8299999       5.3263771549653978     
   12.8400002       5.3118505321200820     
   12.8500004       5.2973639188040531     
   12.8599997       5.2829172031088216     
   12.8699999       5.2685102734468678     
   12.8800001       5.2541430185507894     
   12.8900003       5.2398153274722681     
   12.8999996       5.2255270895811226     
   12.9099998       5.2112781945644135     
   12.9200001       5.1970685324253996     
   12.9300003       5.1828979934827348     
   12.9399996       5.1687664683693644     
   12.9499998       5.1546738480317353     
   12.9600000       5.1406200237287392     
   12.9700003       5.1266048870308669     
   12.9799995       5.1126283298192536     
   12.9899998       5.0986902442847528     
   13.0000000       5.0847905229269772     
   13.0100002       5.0709290585534541     
   13.0200005       5.0571057442786227     
   13.0299997       5.0433204735230168     
   13.0400000       5.0295731400122730     
   13.0500002       5.0158636377762287     
   13.0600004       5.0021914047833409     
   13.0699997       4.9885572276141934     
   13.0799999       4.9749605654958238     
   13.0900002       4.9614013136575155     
   13.1000004       4.9478793676282873     
   13.1099997       4.9343946232359723     
   13.1199999       4.9209469766063538     
   13.1300001       4.9075363241622521     
   13.1400003       4.8941625626226752     
   13.1499996       4.8808255890018994     
   13.1599998       4.8675253006086123     
   13.1700001       4.8542615950450632     
   13.1800003       4.8410343702061178     
   13.1899996       4.8278435242784701     
   13.1999998       4.8146889557397321     
   13.2100000       4.8015705633575640     
   13.2200003       4.7884882461888383     
   13.2299995       4.7754419035787592     
   13.2399998       4.7624314351600203     
   13.2500000       4.7494567408519588     
   13.2600002       4.7365177208596743     
   13.2700005       4.7236142756732091     
   13.2799997       4.7107463060666905     
   13.2900000       4.6979137130974928     
   13.3000002       4.6851163981054027     
   13.3100004       4.6723542627117611     
   13.3199997       4.6596272088186552     
   13.3299999       4.6469351386080753     
   13.3400002       4.6342779545410728     
   13.3500004       4.6216555593569524     
   13.3599997       4.6090678560724418     
   13.3699999       4.5965147479808710     
   13.3800001       4.5839961386513322     
   13.3900003       4.5715119319279234     
   13.3999996       4.5590620319288488     
   13.4099998       4.5466463430456852     
   13.4200001       4.5342647699425189     
   13.4300003       4.5219172175551758     
   13.4399996       4.5096035910904062     
   13.4499998       4.4973237960250678     
   13.4600000       4.4850777381053462     
   13.4700003       4.4728653233459559     
   13.4799995       4.4606864580293450     
   13.4899998       4.4485410487049002     
   13.5000000       4.4364290021881541     
   13.5100002       4.4243502255600244     
   13.5200005       4.4123046261659917     
   13.5299997       4.4002921116153626     
   13.5400000       4.3883125897804316     
   13.5500002       4.3763659687957812     
   13.5600004       4.3644521570574435     
   13.5699997       4.3525710632221477     
   13.5799999       4.3407225962065743     
   13.5900002       4.3289066651865546     
   13.6000004       4.3171231795963356     
   13.6099997       4.3053720491277883     
   13.6199999       4.2936531837296794     
   13.6300001       4.2819664936068849     
   13.6400003       4.2703118892196663     
   13.6499996       4.2586892812828854     
   13.6599998       4.2470985807652823     
   13.6700001       4.2355396988887160     
   13.6800003       4.2240125471274039     
   13.6899996       4.2125170372072116     
   13.6999998       4.2010530811048854     
   13.7100000       4.1896205910473308     
   13.7200003       4.1782194795108580     
   13.7299995       4.1668496592204676     
   13.7399998       4.1555110431490982     
   13.7500000       4.1442035445169267     
   13.7600002       4.1329270767906205     
   13.7700005       4.1216815536825973     
   13.7799997       4.1104668891503389     
   13.7900000       4.0992829973956590     
   13.8000002       4.0881297928639624     
   13.8100004       4.0770071902435534     
   13.8199997       4.0659151044649251     
   13.8299999       4.0548534507000227     
   13.8400002       4.0438221443615641     
   13.8500004       4.0328211011023170     
   13.8599997       4.0218502368143882     
   13.8699999       4.0109094676285340     
   13.8800001       3.9999987099134602     
   13.8900003       3.9891178802751170     
   13.8999996       3.9782668955559957     
   13.9099998       3.9674456728344540     
   13.9200001       3.9566541294240167     
   13.9300003       3.9458921828726701     
   13.9399996       3.9351597509622169     
   13.9499998       3.9244567517075217     
   13.9600000       3.9137831033559074     
   13.9700003       3.9031387243864084     
   13.9799995       3.8925235335091388     
   13.9899998       3.8819374496645751     
   14.0000000       3.8713803920229157     
   14.0100002       3.8608522799833964     
   14.0200005       3.8503530331736107     
   14.0299997       3.8398825714488516     
   14.0400000       3.8294408148914396     
   14.0500002       3.8190276838100541     
   14.0600004       3.8086430987390960     
   14.0699997       3.7982869804380019     
   14.0799999       3.7879592498905788     
   14.0900002       3.7776598283043765     
   14.1000004       3.7673886371100207     
   14.1099997       3.7571455979605481     
   14.1199999       3.7469306327307716     
   14.1300001       3.7367436635166329     
   14.1400003       3.7265846126345501     
   14.1499996       3.7164534026207612     
   14.1599998       3.7063499562307158     
   14.1700001       3.6962741964383978     
   14.1800003       3.6862260464357073     
   14.1899996       3.6762054296318323     
   14.1999998       3.6662122696525885     
   14.2100000       3.6562464903398117     
   14.2200003       3.6463080157507006     
   14.2299995       3.6363967701572220     
   14.2399998       3.6265126780454504     
   14.2500000       3.6166556641149898     
   14.2600002       3.6068256532782752     
   14.2700005       3.5970225706600334     
   14.2799997       3.5872463415966167     
   14.2900000       3.5774968916353953     
   14.3000002       3.5677741465341386     
   14.3100004       3.5580780322604291     
   14.3199997       3.5484084749909948     
   14.3299999       3.5387654011111658     
   14.3400002       3.5291487372142170     
   14.3500004       3.5195584101007915     
   14.3599997       3.5099943467782686     
   14.3699999       3.5004564744602082     
   14.3800001       3.4909447205656776     
   14.3900003       3.4814590127187452     
   14.3999996       3.4719992787477967     
   14.4099998       3.4625654466850020     
   14.4200001       3.4531574447656750     
   14.4300003       3.4437752014277452     
   14.4399996       3.4344186453110881     
   14.4499998       3.4250877052570097     
   14.4600000       3.4157823103076113     
   14.4700003       3.4065023897052376     
   14.4799995       3.3972478728918767     
   14.4899998       3.3880186895085806     
   14.5000000       3.3788147693948987     
   14.5100002       3.3696360425882874     
   14.5200005       3.3604824393235440     
   14.5299997       3.3513538900322342     
   14.5400000       3.3422503253421012     
   14.5500002       3.3331716760765238     
   14.5600004       3.3241178732539365     
   14.5699997       3.3150888480872625     
   14.5799999       3.3060845319833319     
   14.5900002       3.2971048565423602     
   14.6000004       3.2881497535573443     
   14.6099997       3.2792191550135348     
   14.6199999       3.2703129930878512     
   14.6300001       3.2614312001483499     
   14.6400003       3.2525737087536593     
   14.6499996       3.2437404516524198     
   14.6599998       3.2349313617827420     
   14.6700001       3.2261463722716517     
   14.6800003       3.2173854164345626     
   14.6899996       3.2086484277746976     
   14.6999998       3.1999353399825599     
   14.7100000       3.1912460869354047     
   14.7200003       3.1825806026966572     
   14.7299995       3.1739388215154385     
   14.7399998       3.1653206778259495     
   14.7500000       3.1567261062470102     
   14.7600002       3.1481550415814561     
   14.7700005       3.1396074188156695     
   14.7799997       3.1310831731189985     
   14.7900000       3.1225822398432475     
   14.8000002       3.1141045545221493     
   14.8100004       3.1056500528708497     
   14.8199997       3.0972186707853533     
   14.8299999       3.0888103443420230     
   14.8400002       3.0804250097970485     
   14.8500004       3.0720626035859406     
   14.8599997       3.0637230623229912     
   14.8699999       3.0554063228007737     
   14.8800001       3.0471123219896086     
   14.8900003       3.0388409970370858     
   14.8999996       3.0305922852675011     
   14.9099998       3.0223661241813979     
   14.9200001       3.0141624514549981     
   14.9300003       3.0059812049397778     
   14.9399996       2.9978223226618659     
   14.9499998       2.9896857428216150     
   14.9600000       2.9815714037930552     
   14.9700003       2.9734792441234137     
   14.9799995       2.9654092025326002     
   14.9899998       2.9573612179127258     
   15.0000000       2.9493352293275885     
