   0.0000000000000000        0.0000000000000000     
   1.0000000000000000E-002   1.7110379455852778E-004
   2.0000000000000000E-002   4.8403473095029529E-004
   2.9999999999999999E-002   8.8935355992383999E-004
   4.0000000000000001E-002   1.3694045926103183E-003
   5.0000000000000003E-002   1.9139617248967510E-003
   6.0000000000000005E-002   2.5160994216377195E-003
   7.0000000000000007E-002   3.1707053416159224E-003
   8.0000000000000002E-002   3.8737884496508361E-003
   8.9999999999999997E-002   4.6221062562095752E-003
   9.9999999999999992E-002   5.4129433752969289E-003
  0.10999999999999999        6.2439703713705677E-003
  0.11999999999999998        7.1131488363578819E-003
  0.12999999999999998        8.0186648025195404E-003
  0.13999999999999999        8.9588804052352540E-003
  0.14999999999999999        9.9322977840206796E-003
  0.16000000000000000        1.0937531471259997E-002
  0.17000000000000001        1.1973286838292085E-002
  0.18000000000000002        1.3038342972615123E-002
  0.19000000000000003        1.4131538867756928E-002
  0.20000000000000004        1.5251762138096410E-002
  0.21000000000000005        1.6397939692347759E-002
  0.22000000000000006        1.7569029951017012E-002
  0.23000000000000007        1.8764016299426547E-002
  0.24000000000000007        1.9981901543544133E-002
  0.25000000000000006        2.1221703190775845E-002
  0.26000000000000006        2.2482449418324495E-002
  0.27000000000000007        2.3763175621815416E-002
  0.28000000000000008        2.5062921459711889E-002
  0.29000000000000009        2.6380728326366468E-002
  0.30000000000000010        2.7715637199978226E-002
  0.31000000000000011        2.9066686822085852E-002
  0.32000000000000012        3.0432912173379782E-002
  0.33000000000000013        3.1813343216979817E-002
  0.34000000000000014        3.3207003885380199E-002
  0.35000000000000014        3.4612911291243768E-002
  0.36000000000000015        3.6030075145383061E-002
  0.37000000000000016        3.7457497367733614E-002
  0.38000000000000017        3.8894171879134985E-002
  0.39000000000000018        4.0339084563157636E-002
  0.40000000000000019        4.1791213388545759E-002
  0.41000000000000020        4.3249528683510619E-002
  0.42000000000000021        4.4712993553994190E-002
  0.43000000000000022        4.6180564438305823E-002
  0.44000000000000022        4.7651191790855356E-002
  0.45000000000000023        4.9123820887975102E-002
  0.46000000000000024        5.0597392748708225E-002
  0.47000000000000025        5.2070845163571355E-002
  0.48000000000000026        5.3543113824064452E-002
  0.49000000000000027        5.5013133545675802E-002
  0.50000000000000022        5.6479839576803269E-002
  0.51000000000000023        5.7942168985937216E-002
  0.52000000000000024        5.9399062119119245E-002
  0.53000000000000025        6.0849464119518436E-002
  0.54000000000000026        6.2292326500721432E-002
  0.55000000000000027        6.3726608765132725E-002
  0.56000000000000028        6.5151280058691433E-002
  0.57000000000000028        6.6565320852969179E-002
  0.58000000000000029        6.7967724645581290E-002
  0.59000000000000030        6.9357499669768882E-002
  0.60000000000000031        7.0733670604013726E-002
  0.61000000000000032        7.2095280272481979E-002
  0.62000000000000033        7.3441391327306205E-002
  0.63000000000000034        7.4771087903659508E-002
  0.64000000000000035        7.6083477238966024E-002
  0.65000000000000036        7.7377691247639588E-002
  0.66000000000000036        7.8652888043151542E-002
  0.67000000000000037        7.9908253399609802E-002
  0.68000000000000038        8.1143002145275422E-002
  0.69000000000000039        8.2356379481081307E-002
  0.70000000000000040        8.3547662217599072E-002
  0.71000000000000041        8.4716159924515547E-002
  0.72000000000000042        8.5861215987168379E-002
  0.73000000000000043        8.6982208565413346E-002
  0.74000000000000044        8.8078551450666689E-002
  0.75000000000000044        8.9149694817642955E-002
  0.76000000000000045        9.0195125868001977E-002
  0.77000000000000046        9.1214369363776443E-002
  0.78000000000000047        9.2206988049178665E-002
  0.79000000000000048        9.3172582960062866E-002
  0.80000000000000049        9.4110793620963834E-002
  0.81000000000000050        9.5021298130342713E-002
  0.82000000000000051        9.5903813135300275E-002
  0.83000000000000052        9.6758093697620798E-002
  0.84000000000000052        9.7583933053615401E-002
  0.85000000000000053        9.8381162270784556E-002
  0.86000000000000054        9.9149649804819828E-002
  0.87000000000000055        9.9889300960967625E-002
  0.88000000000000056       0.10060005726417964     
  0.89000000000000057       0.10128189574285092     
  0.90000000000000058       0.10193482813133871     
  0.91000000000000059       0.10255889999666690     
  0.92000000000000060       0.10315418979504384     
  0.93000000000000060       0.10372080786421752     
  0.94000000000000061       0.10425889535741634     
  0.95000000000000062       0.10476862312519275     
  0.96000000000000063       0.10525019055116884     
  0.97000000000000064       0.10570382434784145     
  0.98000000000000065       0.10612977731858861     
  0.99000000000000066       0.10652832709177122     
   1.0000000000000007       0.10689977483293356     
   1.0100000000000007       0.10724444394083042     
   1.0200000000000007       0.10756267873274492     
   1.0300000000000007       0.10785484312451206     
   1.0400000000000007       0.10812131931041631     
   1.0500000000000007       0.10836250644771094     
   1.0600000000000007       0.10857881935044951     
   1.0700000000000007       0.10877068719690620     
   1.0800000000000007       0.10893855225459040     
   1.0900000000000007       0.10908286862660134     
   1.1000000000000008       0.10920410102271971     
   1.1100000000000008       0.10930272355835674     
   1.1200000000000008       0.10937921858409334     
   1.1300000000000008       0.10943407554841450     
   1.1400000000000008       0.10946778989571010     
   1.1500000000000008       0.10948086200153288     
   1.1600000000000008       0.10947379614665889     
   1.1700000000000008       0.10944709953134095     
   1.1800000000000008       0.10940128133079745     
   1.1900000000000008       0.10933685179277768     
   1.2000000000000008       0.10925432137777728     
   1.2100000000000009       0.10915419994228293     
   1.2200000000000009       0.10903699596516790     
   1.2300000000000009       0.10890321581723844     
   1.2400000000000009       0.10875336307364918     
   1.2500000000000009       0.10858793786884241     
   1.2600000000000009       0.10840743629346208     
   1.2700000000000009       0.10821234983252979     
   1.2800000000000009       0.10800316484410089     
   1.2900000000000009       0.10778036207751367     
   1.3000000000000009       0.10754441623015558     
   1.3100000000000009       0.10729579554173913     
   1.3200000000000010       0.10703496142483337     
   1.3300000000000010       0.10676236813055287     
   1.3400000000000010       0.10647846244793803     
   1.3500000000000010       0.10618368343592659     
   1.3600000000000010       0.10587846218649014     
   1.3700000000000010       0.10556322161749358     
   1.3800000000000010       0.10523837629408901     
   1.3900000000000010       0.10490433227704005     
   1.4000000000000010       0.10456148699689821     
   1.4100000000000010       0.10421022915234456     
   1.4200000000000010       0.10385093863161711     
   1.4300000000000010       0.10348398645552062     
   1.4400000000000011       0.10310973474081650     
   1.4500000000000011       0.10272853668267933     
   1.4600000000000011       0.10234073655492908     
   1.4700000000000011       0.10194666972693817     
   1.4800000000000011       0.10154666269592566     
   1.4900000000000011       0.10114103313355775     
   1.5000000000000011       0.10073008994575117     
   1.5100000000000011       0.10031413334462921     
   1.5200000000000011        9.9893454931583164E-002
   1.5300000000000011        9.9468337790525746E-002
   1.5400000000000011        9.9039056590344690E-002
   1.5500000000000012        9.8605877695716895E-002
   1.5600000000000012        9.8169059285429669E-002
   1.5700000000000012        9.7728851477393824E-002
   1.5800000000000012        9.7285496459614818E-002
   1.5900000000000012        9.6839228626387330E-002
   1.6000000000000012        9.6390274719043545E-002
   1.6100000000000012        9.5938853970628180E-002
   1.6200000000000012        9.5485178253877284E-002
   1.6300000000000012        9.5029452231973607E-002
   1.6400000000000012        9.4571873511526960E-002
   1.6500000000000012        9.4112632797297743E-002
   1.6600000000000013        9.3651914048221374E-002
   1.6700000000000013        9.3189894634288631E-002
   1.6800000000000013        9.2726745493906193E-002
   1.6900000000000013        9.2262631291360281E-002
   1.7000000000000013        9.1797710574074695E-002
   1.7100000000000013        9.1332135929306363E-002
   1.7200000000000013        9.0866054140076688E-002
   1.7300000000000013        9.0399606339975846E-002
   1.7400000000000013        8.9932928166719828E-002
   1.7500000000000013        8.9466149914150361E-002
   1.7600000000000013        8.8999396682533594E-002
   1.7700000000000014        8.8532788527025869E-002
   1.7800000000000014        8.8066440604025686E-002
   1.7900000000000014        8.7600463315430616E-002
   1.8000000000000014        8.7134962450555631E-002
   1.8100000000000014        8.6670039325690174E-002
   1.8200000000000014        8.6205790921137879E-002
   1.8300000000000014        8.5742310015714571E-002
   1.8400000000000014        8.5279685318623205E-002
   1.8500000000000014        8.4818001598601048E-002
   1.8600000000000014        8.4357339810393825E-002
   1.8700000000000014        8.3897777218436595E-002
   1.8800000000000014        8.3439387517745101E-002
   1.8900000000000015        8.2982240952024361E-002
   1.9000000000000015        8.2526404428950748E-002
   1.9100000000000015        8.2071941632635176E-002
   1.9200000000000015        8.1618913133288909E-002
   1.9300000000000015        8.1167376494082524E-002
   1.9400000000000015        8.0717386375217970E-002
   1.9500000000000015        8.0268994635240926E-002
   1.9600000000000015        7.9822250429622751E-002
   1.9700000000000015        7.9377200306609094E-002
   1.9800000000000015        7.8933888300412217E-002
   1.9900000000000015        7.8492356021746354E-002
   2.0000000000000013        7.8052642745765594E-002
   2.0100000000000011        7.7614785497434613E-002
   2.0200000000000009        7.7178819134373883E-002
   2.0300000000000007        7.6744776427235761E-002
   2.0400000000000005        7.6312688137631535E-002
   2.0500000000000003        7.5882583093696707E-002
   2.0600000000000001        7.5454488263300118E-002
   2.0699999999999998        7.5028428824974791E-002
   2.0799999999999996        7.4604428236607775E-002
   2.0899999999999994        7.4182508301948377E-002
   2.0999999999999992        7.3762689234970411E-002
   2.1099999999999990        7.3344989722158360E-002
   2.1199999999999988        7.2929426982750026E-002
   2.1299999999999986        7.2516016827003857E-002
   2.1399999999999983        7.2104773712522455E-002
   2.1499999999999981        7.1695710798702933E-002
   2.1599999999999979        7.1288839999353398E-002
   2.1699999999999977        7.0884172033515214E-002
   2.1799999999999975        7.0481716474566636E-002
   2.1899999999999973        7.0081481797622913E-002
   2.1999999999999971        6.9683475425317165E-002
   2.2099999999999969        6.9287703771975295E-002
   2.2199999999999966        6.8894172286259353E-002
   2.2299999999999964        6.8502885492291013E-002
   2.2399999999999962        6.8113847029346808E-002
   2.2499999999999960        6.7727059690113722E-002
   2.2599999999999958        6.7342525457618152E-002
   2.2699999999999956        6.6960245540774843E-002
   2.2799999999999954        6.6580220408706453E-002
   2.2899999999999952        6.6202449823780429E-002
   2.2999999999999949        6.5826932873453967E-002
   2.3099999999999947        6.5453668000967968E-002
   2.3199999999999945        6.5082653034876203E-002
   2.3299999999999943        6.4713885217532546E-002
   2.3399999999999941        6.4347361232474531E-002
   2.3499999999999939        6.3983077230810481E-002
   2.3599999999999937        6.3621028856616829E-002
   2.3699999999999934        6.3261211271377252E-002
   2.3799999999999932        6.2903619177504491E-002
   2.3899999999999930        6.2548246840951435E-002
   2.3999999999999928        6.2195088112997288E-002
   2.4099999999999926        6.1844136451162372E-002
   2.4199999999999924        6.1495384939343908E-002
   2.4299999999999922        6.1148826307170744E-002
   2.4399999999999920        6.0804452948599194E-002
   2.4499999999999917        6.0462256939808098E-002
   2.4599999999999915        6.0122230056359055E-002
   2.4699999999999913        5.9784363789729039E-002
   2.4799999999999911        5.9448649363151453E-002
   2.4899999999999909        5.9115077746855038E-002
   2.4999999999999907        5.8783639672686225E-002
   2.5099999999999905        5.8454325648154074E-002
   2.5199999999999902        5.8127125969904034E-002
   2.5299999999999900        5.7802030736656893E-002
   2.5399999999999898        5.7479029861619776E-002
   2.5499999999999896        5.7158113084385218E-002
   2.5599999999999894        5.6839269982358734E-002
   2.5699999999999892        5.6522489981700161E-002
   2.5799999999999890        5.6207762367820824E-002
   2.5899999999999888        5.5895076295442256E-002
   2.5999999999999885        5.5584420798234016E-002
   2.6099999999999883        5.5275784798044882E-002
   2.6199999999999881        5.4969157113743956E-002
   2.6299999999999879        5.4664526469686517E-002
   2.6399999999999877        5.4361881503817565E-002
   2.6499999999999875        5.4061210775423169E-002
   2.6599999999999873        5.3762502772550610E-002
   2.6699999999999871        5.3465745919106578E-002
   2.6799999999999868        5.3170928581639972E-002
   2.6899999999999866        5.2878039075832724E-002
   2.6999999999999864        5.2587065672703104E-002
   2.7099999999999862        5.2297996604533201E-002
   2.7199999999999860        5.2010820070540392E-002
   2.7299999999999858        5.1725524242289628E-002
   2.7399999999999856        5.1442097268873777E-002
   2.7499999999999853        5.1160527281856730E-002
   2.7599999999999851        5.0880802400011610E-002
   2.7699999999999849        5.0602910733836132E-002
   2.7799999999999847        5.0326840389881146E-002
   2.7899999999999845        5.0052579474890529E-002
   2.7999999999999843        4.9780116099756799E-002
   2.8099999999999841        4.9509438383322522E-002
   2.8199999999999839        4.9240534456000240E-002
   2.8299999999999836        4.8973392463275513E-002
   2.8399999999999834        4.8708000569037645E-002
   2.8499999999999832        4.8444346958790102E-002
   2.8599999999999830        4.8182419842732783E-002
   2.8699999999999828        4.7922207458737397E-002
   2.8799999999999826        4.7663698075179839E-002
   2.8899999999999824        4.7406879993696943E-002
   2.8999999999999821        4.7151741551822224E-002
   2.9099999999999819        4.6898271125529335E-002
   2.9199999999999817        4.6646457131675582E-002
   2.9299999999999815        4.6396288030347468E-002
   2.9399999999999813        4.6147752327132120E-002
   2.9499999999999811        4.5900838575258146E-002
   2.9599999999999809        4.5655535377685047E-002
   2.9699999999999807        4.5411831389061547E-002
   2.9799999999999804        4.5169715317599196E-002
   2.9899999999999802        4.4929175926819415E-002
   2.9999999999999800        4.4690202037216242E-002
   3.0099999999999798        4.4452782527773620E-002
   3.0199999999999796        4.4216906337359779E-002
   3.0299999999999794        4.3982562465979549E-002
   3.0399999999999792        4.3749739975885084E-002
   3.0499999999999790        4.3518427992510239E-002
   3.0599999999999787        4.3288615705239772E-002
   3.0699999999999785        4.3060292367989111E-002
   3.0799999999999783        4.2833447299576111E-002
   3.0899999999999781        4.2608069883886407E-002
   3.0999999999999779        4.2384149569815899E-002
   3.1099999999999777        4.2161675870969133E-002
   3.1199999999999775        4.1940638365100133E-002
   3.1299999999999772        4.1721026693311222E-002
   3.1399999999999770        4.1502830558979728E-002
   3.1499999999999768        4.1286039726403018E-002
   3.1599999999999766        4.1070644019180765E-002
   3.1699999999999764        4.0856633318316272E-002
   3.1799999999999762        4.0643997560053588E-002
   3.1899999999999760        4.0432726733444259E-002
   3.1999999999999758        4.0222810877663946E-002
   3.2099999999999755        4.0014240079103612E-002
   3.2199999999999753        3.9807004468246365E-002
   3.2299999999999751        3.9601094216354341E-002
   3.2399999999999749        3.9396499532015697E-002
   3.2499999999999747        3.9193210657576631E-002
   3.2599999999999745        3.8991217865510464E-002
   3.2699999999999743        3.8790511454774704E-002
   3.2799999999999740        3.8591081747213089E-002
   3.2899999999999738        3.8392919084067889E-002
   3.2999999999999736        3.8196010172996397E-002
   3.3099999999999734        3.8000331835107121E-002
   3.3199999999999732        3.7805894903012810E-002
   3.3299999999999730        3.7612691055380149E-002
   3.3399999999999728        3.7420891178270480E-002
   3.3499999999999726        3.7230139442408890E-002
   3.3599999999999723        3.7040590907119871E-002
   3.3699999999999721        3.6852236572426686E-002
   3.3799999999999719        3.6665067488258075E-002
   3.3899999999999717        3.6479074754386526E-002
   3.3999999999999715        3.6294249520581169E-002
   3.4099999999999713        3.6110582987010913E-002
   3.4199999999999711        3.5928066404903258E-002
   3.4299999999999708        3.5746691077496687E-002
   3.4399999999999706        3.5566448361289159E-002
   3.4499999999999704        3.5387329667619441E-002
   3.4599999999999702        3.5209326464565642E-002
   3.4699999999999700        3.5032430279207320E-002
   3.4799999999999698        3.4856632700220512E-002
   3.4899999999999696        3.4681925380824763E-002
   3.4999999999999694        3.4508300042085341E-002
   3.5099999999999691        3.4335748476525638E-002
   3.5199999999999689        3.4164993903522373E-002
   3.5299999999999687        3.3994689570100829E-002
   3.5399999999999685        3.3825447734131223E-002
   3.5499999999999683        3.3657260923372657E-002
   3.5599999999999681        3.3489338301857671E-002
   3.5699999999999679        3.3323123102986574E-002
   3.5799999999999677        3.3157931159990606E-002
   3.5899999999999674        3.2993755001014383E-002
   3.5999999999999672        3.2830587224637338E-002
   3.6099999999999670        3.2668420500870751E-002
   3.6199999999999668        3.2507247572113790E-002
   3.6299999999999666        3.2347061254040917E-002
   3.6399999999999664        3.2187854436424114E-002
   3.6499999999999662        3.2029620083814075E-002
   3.6599999999999659        3.1872351236095671E-002
   3.6699999999999657        3.1716041008860246E-002
   3.6799999999999655        3.1560682593563365E-002
   3.6899999999999653        3.1406269257425595E-002
   3.6999999999999651        3.1252794343070663E-002
   3.7099999999999649        3.1100251267817271E-002
   3.7199999999999647        3.0948633522636236E-002
   3.7299999999999645        3.0797934670696161E-002
   3.7399999999999642        3.0649489425027682E-002
   3.7499999999999640        3.0500672508828524E-002
   3.7599999999999638        3.0352751910132758E-002
   3.7699999999999636        3.0205720595076924E-002
   3.7799999999999634        3.0059571563081769E-002
   3.7899999999999632        2.9913312850028538E-002
   3.7999999999999630        2.9768892115410547E-002
   3.8099999999999627        2.9625339334436826E-002
   3.8199999999999625        2.9482648375013285E-002
   3.8299999999999623        2.9340813151420640E-002
   3.8399999999999621        2.9199827622285589E-002
   3.8499999999999619        2.9059685788399493E-002
   3.8599999999999617        2.8920381690361430E-002
   3.8699999999999615        2.8781909406082214E-002
   3.8799999999999613        2.8644263048135672E-002
   3.8899999999999610        2.8507436760980727E-002
   3.8999999999999608        2.8371424718056142E-002
   3.9099999999999606        2.8236221118778340E-002
   3.9199999999999604        2.8101820185450800E-002
   3.9299999999999602        2.7968216160116036E-002
   3.9399999999999600        2.7835403301373695E-002
   3.9499999999999598        2.7703375881194967E-002
   3.9599999999999596        2.7572128181767082E-002
   3.9699999999999593        2.7441797456084376E-002
   3.9799999999999591        2.7312060236005326E-002
   3.9899999999999589        2.7183085631786324E-002
   3.9999999999999587        2.7054868739563594E-002
   4.0099999999999589        2.6927404769833199E-002
   4.0199999999999587        2.6800849067713409E-002
   4.0299999999999585        2.6674903268408261E-002
   4.0399999999999583        2.6549693697706354E-002
   4.0499999999999581        2.6425215064274036E-002
   4.0599999999999579        2.6301462104081630E-002
   4.0699999999999577        2.6178429579911976E-002
   4.0799999999999574        2.6056112281009063E-002
   4.0899999999999572        2.5934505022879528E-002
   4.0999999999999570        2.5813602647267491E-002
   4.1099999999999568        2.5693400022307963E-002
   4.1199999999999566        2.5573892042883649E-002
   4.1299999999999564        2.5455073631184801E-002
   4.1399999999999562        2.5336939737498808E-002
   4.1499999999999559        2.5219485341223008E-002
   4.1599999999999557        2.5102705452123016E-002
   4.1699999999999555        2.4986595111834504E-002
   4.1799999999999553        2.4871149395611747E-002
   4.1899999999999551        2.4756363414336274E-002
   4.1999999999999549        2.4642232316764424E-002
   4.2099999999999547        2.4529288663778355E-002
   4.2199999999999545        2.4416554465286178E-002
   4.2299999999999542        2.4304472569134913E-002
   4.2399999999999540        2.4193038864749449E-002
   4.2499999999999538        2.4082249245476584E-002
   4.2599999999999536        2.3971440921581169E-002
   4.2699999999999534        2.3861820977882729E-002
   4.2799999999999532        2.3752823421111548E-002
   4.2899999999999530        2.3644443953076785E-002
   4.2999999999999527        2.3536678317283212E-002
   4.3099999999999525        2.3429522299772802E-002
   4.3199999999999523        2.3322971729967560E-002
   4.3299999999999521        2.3217022481506276E-002
   4.3399999999999519        2.3111670473067475E-002
   4.3499999999999517        2.3006911669165728E-002
   4.3599999999999515        2.2902742080868031E-002
   4.3699999999999513        2.2799157766481580E-002
   4.3799999999999510        2.2696154832128196E-002
   4.3899999999999508        2.2593729432205722E-002
   4.3999999999999506        2.2491877769746184E-002
   4.4099999999999504        2.2390596096604008E-002
   4.4199999999999502        2.2289880713471193E-002
   4.4299999999999500        2.2189727969704080E-002
   4.4399999999999498        2.2090134262929974E-002
   4.4499999999999496        2.1992621130889827E-002
   4.4599999999999493        2.1894220007507445E-002
   4.4699999999999491        2.1796366165110090E-002
   4.4799999999999489        2.1699055484564404E-002
   4.4899999999999487        2.1602283849117172E-002
   4.4999999999999485        2.1506047146839617E-002
   4.5099999999999483        2.1409108868867557E-002
   4.5199999999999481        2.1313892341551836E-002
   4.5299999999999478        2.1219203103228869E-002
   4.5399999999999476        2.1125037728954174E-002
   4.5499999999999474        2.1031392821086781E-002
   4.5599999999999472        2.0938265008072797E-002
   4.5699999999999470        2.0845650943096636E-002
   4.5799999999999468        2.0753547302635154E-002
   4.5899999999999466        2.0661950784889277E-002
   4.5999999999999464        2.0570858108105040E-002
   4.6099999999999461        2.0480266008796377E-002
   4.6199999999999459        2.0390171239852362E-002
   4.6299999999999457        2.0300570568554208E-002
   4.6399999999999455        2.0211460774505245E-002
   4.6499999999999453        2.0122838647473728E-002
   4.6599999999999451        2.0034700985174465E-002
   4.6699999999999449        1.9947044590989338E-002
   4.6799999999999446        1.9859866271652128E-002
   4.6899999999999444        1.9773162834905281E-002
   4.6999999999999442        1.9687315954578725E-002
   4.7099999999999440        1.9601520105720634E-002
   4.7199999999999438        1.9516187251536601E-002
   4.7299999999999436        1.9431314579270820E-002
   4.7399999999999434        1.9346899346312976E-002
   4.7499999999999432        1.9262938882796919E-002
   4.7599999999999429        1.9179478154990753E-002
   4.7699999999999427        1.9096455681304456E-002
   4.7799999999999425        1.9013879992824841E-002
   4.7899999999999423        1.8931748098293108E-002
   4.7999999999999421        1.8850057016804631E-002
   4.8099999999999419        1.8768803777308864E-002
   4.8199999999999417        1.8687985418181202E-002
   4.8299999999999415        1.8607598986881892E-002
   4.8399999999999412        1.8527641539711703E-002
   4.8499999999999410        1.8448110141669850E-002
   4.8599999999999408        1.8369001866427884E-002
   4.8699999999999406        1.8290313796427152E-002
   4.8799999999999404        1.8212043023105452E-002
   4.8899999999999402        1.8134186647269269E-002
   4.8999999999999400        1.8056741779609781E-002
   4.9099999999999397        1.7979705541374603E-002
   4.9199999999999395        1.7903075065205394E-002
   4.9299999999999393        1.7826847496133329E-002
   4.9399999999999391        1.7751019992754316E-002
   4.9499999999999389        1.7675589728567791E-002
   4.9599999999999387        1.7600853587509624E-002
   4.9699999999999385        1.7526279110048261E-002
   4.9799999999999383        1.7452103015696094E-002
   4.9899999999999380        1.7378323151285995E-002
   4.9999999999999378        1.7304937372103809E-002
   5.0099999999999376        1.7231943537988584E-002
   5.0199999999999374        1.7158896930417548E-002
   5.0299999999999372        1.7086595394821571E-002
   5.0399999999999370        1.7014670881820061E-002
   5.0499999999999368        1.6943120950693877E-002
   5.0599999999999365        1.6871943183039306E-002
   5.0699999999999363        1.6801135183482863E-002
   5.0799999999999361        1.6730694580408732E-002
   5.0899999999999359        1.6660619026716152E-002
   5.0999999999999357        1.6590906200582949E-002
   5.1099999999999355        1.6521553806234823E-002
   5.1199999999999353        1.6452559574713189E-002
   5.1299999999999351        1.6383921264619468E-002
   5.1399999999999348        1.6315636662849645E-002
   5.1499999999999346        1.6247703585279633E-002
   5.1599999999999344        1.6180119877410234E-002
   5.1699999999999342        1.6112883414963960E-002
   5.1799999999999340        1.6045992104385759E-002
   5.1899999999999338        1.5979443883289712E-002
   5.1999999999999336        1.5913236720782938E-002
   5.2099999999999334        1.5847368617699635E-002
   5.2199999999999331        1.5783366363080607E-002
   5.2299999999999329        1.5718267731008068E-002
   5.2399999999999327        1.5653503381339907E-002
   5.2499999999999325        1.5589070948682940E-002
   5.2599999999999323        1.5524968057255843E-002
   5.2699999999999321        1.5461192321492272E-002
   5.2799999999999319        1.5397741346928742E-002
   5.2899999999999316        1.5333250100420286E-002
   5.2999999999999314        1.5270385048621028E-002
   5.3099999999999312        1.5207840078766608E-002
   5.3199999999999310        1.5145613304523568E-002
   5.3299999999999308        1.5083702856174531E-002
   5.3399999999999306        1.5022106879981288E-002
   5.3499999999999304        1.4960823537460085E-002
   5.3599999999999302        1.4899851004587251E-002
   5.3699999999999299        1.4839187470926069E-002
   5.3799999999999297        1.4778831138665172E-002
   5.3899999999999295        1.4718780221592280E-002
   5.3999999999999293        1.4659032943970177E-002
   5.4099999999999291        1.4599587539354690E-002
   5.4199999999999289        1.4540442249314122E-002
   5.4299999999999287        1.4481595322098436E-002
   5.4399999999999284        1.4423045011216575E-002
   5.4499999999999282        1.4364789573967775E-002
   5.4599999999999280        1.4306827269901432E-002
   5.4699999999999278        1.4249156359227237E-002
   5.4799999999999276        1.4191775101184998E-002
   5.4899999999999274        1.4135356570584252E-002
   5.4999999999999272        1.4078526196258080E-002
   5.5099999999999270        1.4021976800100045E-002
   5.5199999999999267        1.3965706728493305E-002
   5.5299999999999265        1.3909714367802646E-002
   5.5399999999999263        1.3853998146515473E-002
   5.5499999999999261        1.3798556537339923E-002
   5.5599999999999259        1.3743236608097398E-002
   5.5699999999999257        1.3688376984189532E-002
   5.5799999999999255        1.3633789108528041E-002
   5.5899999999999253        1.3579471302937192E-002
   5.5999999999999250        1.3525421891818878E-002
   5.6099999999999248        1.3471639201686720E-002
   5.6199999999999246        1.3418121560731796E-002
   5.6299999999999244        1.3364867298434127E-002
   5.6399999999999242        1.3311874745218158E-002
   5.6499999999999240        1.3259142232164125E-002
   5.6599999999999238        1.3206668090777494E-002
   5.6699999999999235        1.3154450652825861E-002
   5.6799999999999233        1.3102488250245993E-002
   5.6899999999999231        1.3050779215129864E-002
   5.6999999999999229        1.2999321879794653E-002
   5.7099999999999227        1.2948114576941814E-002
   5.7199999999999225        1.2897155639910708E-002
   5.7299999999999223        1.2846443403032901E-002
   5.7399999999999221        1.2795976202091552E-002
   5.7499999999999218        1.2745752374888182E-002
   5.7599999999999216        1.2695770261923471E-002
   5.7699999999999214        1.2646130750010594E-002
   5.7799999999999212        1.2596663670111360E-002
   5.7899999999999210        1.2547440155547545E-002
   5.7999999999999208        1.2498459105531339E-002
   5.8099999999999206        1.2449719430559072E-002
   5.8199999999999203        1.2401220050330833E-002
   5.8299999999999201        1.2352959891507521E-002
   5.8399999999999199        1.2304731922712957E-002
   5.8499999999999197        1.2256888726945775E-002
   5.8599999999999195        1.2209274593932225E-002
   5.8699999999999193        1.2161888122627354E-002
   5.8799999999999191        1.2114727923081835E-002
   5.8899999999999189        1.2067792616969459E-002
   5.8999999999999186        1.2021080838144609E-002
   5.9099999999999184        1.1974591233223048E-002
   5.9199999999999182        1.1928322462187075E-002
   5.9299999999999180        1.1882273199010449E-002
   5.9399999999999178        1.1836442132296419E-002
   5.9499999999999176        1.1790827965927961E-002
   5.9599999999999174        1.1745429419722305E-002
   5.9699999999999172        1.1700245230085074E-002
   5.9799999999999169        1.1655274150664833E-002
   5.9899999999999167        1.1610514952987150E-002
   5.9999999999999165        1.1565966427076142E-002
   6.0099999999999163        1.1521627382048687E-002
   6.0199999999999161        1.1477496646680536E-002
   6.0299999999999159        1.1433573069921285E-002
   6.0399999999999157        1.1389855521374195E-002
   6.0499999999999154        1.1346342891707942E-002
   6.0599999999999152        1.1304484045646887E-002
   6.0699999999999150        1.1261477609241070E-002
   6.0799999999999148        1.1218675272009242E-002
   6.0899999999999146        1.1176075688945642E-002
   6.0999999999999144        1.1133677502308424E-002
   6.1099999999999142        1.1091479341526229E-002
   6.1199999999999140        1.1049479823267181E-002
   6.1299999999999137        1.1006336499549437E-002
   6.1399999999999135        1.0964662144845460E-002
   6.1499999999999133        1.0923182807374652E-002
   6.1599999999999131        1.0881897446822723E-002
   6.1699999999999129        1.0840805033760224E-002
   6.1799999999999127        1.0799904549363410E-002
   6.1899999999999125        1.0759194985095900E-002
   6.1999999999999122        1.0718675342331459E-002
   6.2099999999999120        1.0678344631933328E-002
   6.2199999999999118        1.0638201873776426E-002
   6.2299999999999116        1.0598246096216415E-002
   6.2399999999999114        1.0558476335502947E-002
   6.2499999999999112        1.0518891635135990E-002
   6.2599999999999110        1.0479491045168420E-002
   6.2699999999999108        1.0440273621450905E-002
   6.2799999999999105        1.0401238424818089E-002
   6.2899999999999103        1.0362384520224088E-002
   6.2999999999999101        1.0323710975822877E-002
   6.3099999999999099        1.0285216861994344E-002
   6.3199999999999097        1.0246901250324231E-002
   6.3299999999999095        1.0208763212537225E-002
   6.3399999999999093        1.0170801819384458E-002
   6.3499999999999091        1.0133949046022911E-002
   6.3599999999999088        1.0096327464794760E-002
   6.3699999999999086        1.0058876158796019E-002
   6.3799999999999084        1.0021594141557153E-002
   6.3899999999999082        9.9844804487353722E-003
   6.3999999999999080        9.9475341396542613E-003
   6.4099999999999078        9.9107542988516630E-003
   6.4199999999999076        9.8741400376273977E-003
   6.4299999999999073        9.8373258459001599E-003
   6.4399999999999071        9.8010723096208820E-003
   6.4499999999999069        9.7649841343830195E-003
   6.4599999999999067        9.7290603837632723E-003
   6.4699999999999065        9.6933001207668776E-003
   6.4799999999999063        9.6577024074375600E-003
   6.4899999999999061        9.6222663044853232E-003
   6.4999999999999059        9.5869908709315475E-003
   6.5099999999999056        9.5518751637773160E-003
   6.5199999999999054        9.5169182376996231E-003
   6.5299999999999052        9.4821191447765768E-003
   6.5399999999999050        9.4474769342478594E-003
   6.5499999999999048        9.4129906523124848E-003
   6.5599999999999046        9.3786593419702378E-003
   6.5699999999999044        9.3444820429077063E-003
   6.5799999999999041        9.3104577914353524E-003
   6.5899999999999039        9.2765856204784329E-003
   6.5999999999999037        9.2428645596253876E-003
   6.6099999999999035        9.2092936352378418E-003
   6.6199999999999033        9.1758718706256535E-003
   6.6299999999999031        9.1425982862902051E-003
   6.6399999999999029        9.1094719002382391E-003
   6.6499999999999027        9.0765062004760366E-003
   6.6599999999999024        9.0436843806311496E-003
   6.6699999999999022        9.0110113574101772E-003
   6.6799999999999020        8.9784865823199986E-003
   6.6899999999999018        8.9461095175995368E-003
   6.6999999999999016        8.9138796351557886E-003
   6.7099999999999014        8.8817964153902161E-003
   6.7199999999999012        8.8498593459188021E-003
   6.7299999999999010        8.8180177925120673E-003
   6.7399999999999007        8.7863349682321540E-003
   6.7499999999999005        8.7547913797307031E-003
   6.7599999999999003        8.7233862141168125E-003
   6.7699999999999001        8.6921186636248517E-003
   6.7799999999998999        8.6609879259834377E-003
   6.7899999999998997        8.6299932048112711E-003
   6.7999999999998995        8.5991337100351332E-003
   6.8099999999998992        8.5684086583283983E-003
   6.8199999999998990        8.5378172735727769E-003
   6.8299999999998988        8.5073587873336354E-003
   6.8399999999998986        8.4770324393573619E-003
   6.8499999999998984        8.4468374780782372E-003
   6.8599999999998982        8.4167731611363358E-003
   6.8699999999998980        8.3868387559073998E-003
   6.8799999999998978        8.3570335400351605E-003
   6.8899999999998975        8.3273568019667302E-003
   6.8999999999998973        8.2978078414834584E-003
   6.9099999999998971        8.2683859702311728E-003
   6.9199999999998969        8.2390905122364418E-003
   6.9299999999998967        8.2099208044068908E-003
   6.9399999999998965        8.1808761970211651E-003
   6.9499999999998963        8.1530917639371352E-003
   6.9599999999998960        8.1243843155770785E-003
   6.9699999999998958        8.0958034751798229E-003
   6.9799999999998956        8.0673485044824855E-003
   6.9899999999998954        8.0390186546792190E-003
   6.9999999999998952        8.0108131659844418E-003
   7.0099999999998950        7.9827312672612234E-003
   7.0199999999998948        7.9547721757212662E-003
   7.0299999999998946        7.9269350967073170E-003
   7.0399999999998943        7.8979719202424848E-003
   7.0499999999998941        7.8703055208365590E-003
   7.0599999999998939        7.8427580448486699E-003
   7.0699999999998937        7.8153289191531736E-003
   7.0799999999998935        7.7880175780066993E-003
   7.0899999999998933        7.7608234629530804E-003
   7.0999999999998931        7.7337460227026207E-003
   7.1099999999998929        7.7067847129861818E-003
   7.1199999999998926        7.6799389963637969E-003
   7.1299999999998924        7.6532083420155009E-003
   7.1399999999998922        7.6265922254824805E-003
   7.1499999999998920        7.6000901283833893E-003
   7.1599999999998918        7.5737015380858853E-003
   7.1699999999998916        7.5474259473442473E-003
   7.1799999999998914        7.5212628538938175E-003
   7.1899999999998911        7.4952117600107331E-003
   7.1999999999998909        7.4692721720307706E-003
   7.2099999999998907        7.4434435998231713E-003
   7.2199999999998905        7.4177255562341213E-003
   7.2299999999998903        7.3921175564810827E-003
   7.2399999999998901        7.3666191175161847E-003
   7.2499999999998899        7.3412297573505385E-003
   7.2599999999998897        7.3170715726943916E-003
   7.2699999999998894        7.2919063850775730E-003
   7.2799999999998892        7.2668458546870998E-003
   7.2899999999998890        7.2418893594159333E-003
   7.2999999999998888        7.2170362870536131E-003
   7.3099999999998886        7.1922860362806850E-003
   7.3199999999998884        7.1676380176896679E-003
   7.3299999999998882        7.1430916548309922E-003
   7.3399999999998879        7.1186463852807415E-003
   7.3499999999998877        7.0943016617238640E-003
   7.3599999999998875        7.0694722492443702E-003
   7.3699999999998873        7.0453490596068293E-003
   7.3799999999998871        7.0213274373434713E-003
   7.3899999999998869        6.9974068635192330E-003
   7.3999999999998867        6.9735868179322752E-003
   7.4099999999998865        6.9498667788022881E-003
   7.4199999999998862        6.9262462224609139E-003
   7.4299999999998860        6.9027246230505658E-003
   7.4399999999998858        6.8793014522302116E-003
   7.4499999999998856        6.8559761788922185E-003
   7.4599999999998854        6.8327482688919274E-003
   7.4699999999998852        6.8096171847925272E-003
   7.4799999999998850        6.7865823856266792E-003
   7.4899999999998847        6.7636433266794558E-003
   7.4999999999998845        6.7407994592925263E-003
   7.5099999999998843        6.7180502306941441E-003
   7.5199999999998841        6.6953950838565743E-003
   7.5299999999998839        6.6728334573835212E-003
   7.5399999999998837        6.6503647854305181E-003
   7.5499999999998835        6.6279884976605166E-003
   7.5599999999998833        6.6057040192373899E-003
   7.5699999999998830        6.5835107708592513E-003
   7.5799999999998828        6.5614226984333146E-003
   7.5899999999998826        6.5394030468227740E-003
   7.5999999999998824        6.5174750599328000E-003
   7.6099999999998822        6.4956384537743581E-003
   7.6199999999998820        6.4738929542449827E-003
   7.6299999999998818        6.4522382967331917E-003
   7.6399999999998816        6.4306742256582464E-003
   7.6499999999998813        6.4092004939448523E-003
   7.6599999999998811        6.3878168624312247E-003
   7.6699999999998809        6.3665230992087807E-003
   7.6799999999998807        6.3453728889928092E-003
   7.6899999999998805        6.3242419449554884E-003
   7.6999999999998803        6.3031964343576701E-003
   7.7099999999998801        6.2822358755153344E-003
   7.7199999999998798        6.2613597885368246E-003
   7.7299999999998796        6.2405676955563111E-003
   7.7399999999998794        6.2198591209864651E-003
   7.7499999999998792        6.1992335917896192E-003
   7.7599999999998790        6.1786906377670411E-003
   7.7699999999998788        6.1582297918658302E-003
   7.7799999999998786        6.1378505905031119E-003
   7.7899999999998784        6.1175525739057997E-003
   7.7999999999998781        6.0973352864658256E-003
   7.8099999999998779        6.0771982771101168E-003
   7.8199999999998777        6.0571410996825680E-003
   7.8299999999998775        6.0371633133367453E-003
   7.8399999999998773        6.0172644829404355E-003
   7.8499999999998771        5.9974441794870478E-003
   7.8599999999998769        5.9777019805122757E-003
   7.8699999999998766        5.9580374705172851E-003
   7.8799999999998764        5.9384502413913440E-003
   7.8899999999998762        5.9189398928354772E-003
   7.8999999999998760        5.8995060327835872E-003
   7.9099999999998758        5.8809852889545912E-003
   7.9199999999998756        5.8617767002493906E-003
   7.9299999999998754        5.8426470107770714E-003
   7.9399999999998752        5.8235958264610871E-003
   7.9499999999998749        5.8046227458391410E-003
   7.9599999999998747        5.7857273596124588E-003
   7.9699999999998745        5.7669092502269726E-003
   7.9799999999998743        5.7481679914792080E-003
   7.9899999999998741        5.7295031481592977E-003
   7.9999999999998739        5.7109142757316086E-003
   8.0099999999998737        5.6913543483302163E-003
   8.0199999999998735        5.6728491533856954E-003
   8.0299999999998732        5.6544170543711969E-003
   8.0399999999998730        5.6360577293021498E-003
   8.0499999999998728        5.6177708613434699E-003
   8.0599999999998726        5.5995561388209767E-003
   8.0699999999998724        5.5814132552195247E-003
   8.0799999999998722        5.5633419091596159E-003
   8.0899999999998720        5.5453418043559660E-003
   8.0999999999998717        5.5274126495576436E-003
   8.1099999999998715        5.5095541584648444E-003
   8.1199999999998713        5.4917660496255974E-003
   8.1299999999998711        5.4740480463071929E-003
   8.1399999999998709        5.4563998763461404E-003
   8.1499999999998707        5.4388212719708052E-003
   8.1599999999998705        5.4213119695989912E-003
   8.1699999999998703        5.4038717096109743E-003
   8.1799999999998700        5.3865002360916261E-003
   8.1899999999998698        5.3691972965517441E-003
   8.1999999999998696        5.3519626416125895E-003
   8.2099999999998694        5.3347960246714864E-003
   8.2199999999998692        5.3176972015325265E-003
   8.2299999999998690        5.3006659300136628E-003
   8.2399999999998688        5.2849017900863850E-003
   8.2499999999998685        5.2680257028072932E-003
   8.2599999999998683        5.2512143101690612E-003
   8.2699999999998681        5.2344672178410469E-003
   8.2799999999998679        5.2177840351507934E-003
   8.2899999999998677        5.2011643756783646E-003
   8.2999999999998675        5.1846078578754624E-003
   8.3099999999998673        5.1681141057138315E-003
   8.3199999999998671        5.1516827493540817E-003
   8.3299999999998668        5.1353134258406621E-003
   8.3399999999998666        5.1190057798129679E-003
   8.3499999999998664        5.1019963239717653E-003
   8.3599999999998662        5.0858203889959626E-003
   8.3699999999998660        5.0697074966115779E-003
   8.3799999999998658        5.0536573634143867E-003
   8.3899999999998656        5.0376697050339651E-003
   8.3999999999998654        5.0217442358974195E-003
   8.4099999999998651        5.0058806689920951E-003
   8.4199999999998649        4.9900787156262338E-003
   8.4299999999998647        4.9743380851912031E-003
   8.4399999999998645        4.9586584849262844E-003
   8.4499999999998643        4.9430396196852603E-003
   8.4599999999998641        4.9274811917081277E-003
   8.4699999999998639        4.9119829003979234E-003
   8.4799999999998636        4.8965444421058234E-003
   8.4899999999998634        4.8811655099242259E-003
   8.4999999999998632        4.8658457934900911E-003
   8.5099999999998630        4.8505849788005526E-003
   8.5199999999998628        4.8353827480411022E-003
   8.5299999999998626        4.8202387794300406E-003
   8.5399999999998624        4.8051527470786047E-003
   8.5499999999998622        4.7901243208697975E-003
   8.5599999999998619        4.7751531663575847E-003
   8.5699999999998617        4.7602389446874957E-003
   8.5799999999998615        4.7454777004617282E-003
   8.5899999999998613        4.7306603323205802E-003
   8.5999999999998611        4.7158995544181858E-003
   8.6099999999998609        4.7011952145110964E-003
   8.6199999999998607        4.6865471681024444E-003
   8.6299999999998604        4.6719552783464555E-003
   8.6399999999998602        4.6574194159172237E-003
   8.6499999999998600        4.6429394588409440E-003
   8.6599999999998598        4.6285152922892923E-003
   8.6699999999998596        4.6141468083337918E-003
   8.6799999999998594        4.5998339056586256E-003
   8.6899999999998592        4.5856584199180225E-003
   8.6999999999998590        4.5714557857670837E-003
   8.7099999999998587        4.5573061787345780E-003
   8.7199999999998585        4.5432093085239255E-003
   8.7299999999998583        4.5291648848848958E-003
   8.7399999999998581        4.5151726177417263E-003
   8.7499999999998579        4.5012322173350891E-003
   8.7599999999998577        4.4873433943773897E-003
   8.7699999999998575        4.4735058602223049E-003
   8.7799999999998573        4.4597193270473623E-003
   8.7899999999998570        4.4459835080506559E-003
   8.7999999999998568        4.4322981176604936E-003
   8.8099999999998566        4.4186628717584730E-003
   8.8199999999998564        4.4050774879150238E-003
   8.8299999999998562        4.3915416856376531E-003
   8.8399999999998560        4.3780551866305804E-003
   8.8499999999998558        4.3646177150659183E-003
   8.8599999999998555        4.3512289978653081E-003
   8.8699999999998553        4.3378887649910772E-003
   8.8799999999998551        4.3245967497464611E-003
   8.8899999999998549        4.3113526890836869E-003
   8.8999999999998547        4.2981563239186367E-003
   8.9099999999998545        4.2850073994512832E-003
   8.9199999999998543        4.2719056654909179E-003
   8.9299999999998541        4.2593764698935725E-003
   8.9399999999998538        4.2464224618863709E-003
   8.9499999999998536        4.2335181539202788E-003
   8.9599999999998534        4.2206633474232112E-003
   8.9699999999998532        4.2078578394350273E-003
   8.9799999999998530        4.1951014222409979E-003
   8.9899999999998528        4.1823938830114361E-003
   8.9999999999998526        4.1697350034508255E-003
   9.0099999999998523        4.1571245594558106E-003
   9.0199999999998521        4.1445623207871912E-003
   9.0299999999998519        4.1320480507573342E-003
   9.0399999999998517        4.1187958266602088E-003
   9.0499999999998515        4.1063196226180602E-003
   9.0599999999998513        4.0938887365080893E-003
   9.0699999999998511        4.0815029809261189E-003
   9.0799999999998509        4.0691621720127767E-003
   9.0899999999998506        4.0568661295146040E-003
   9.0999999999998504        4.0446146768345062E-003
   9.1099999999998502        4.0324076410752337E-003
   9.1199999999998500        4.0202448530709421E-003
   9.1299999999998498        4.0081261474087040E-003
   9.1399999999998496        3.9960513624389717E-003
   9.1499999999998494        3.9840203402728598E-003
   9.1599999999998492        3.9720329267671469E-003
   9.1699999999998489        3.9600889714946474E-003
   9.1799999999998487        3.9481883277001275E-003
   9.1899999999998485        3.9363308522400581E-003
   9.1999999999998483        3.9245164055102255E-003
   9.2099999999998481        3.9127448513510332E-003
   9.2199999999998479        3.9010160569394195E-003
   9.2299999999998477        3.8893298926630238E-003
   9.2399999999998474        3.8776862319734344E-003
   9.2499999999998472        3.8660849512248009E-003
   9.2599999999998470        3.8545259294893463E-003
   9.2699999999998468        3.8430090483564262E-003
   9.2799999999998466        3.8326914649905843E-003
   9.2899999999998464        3.8212886577618744E-003
   9.2999999999998462        3.8099264260274667E-003
   9.3099999999998460        3.7986045181260474E-003
   9.3199999999998457        3.7873226827929481E-003
   9.3299999999998455        3.7760806694766480E-003
   9.3399999999998453        3.7648782286801969E-003
   9.3499999999998451        3.7537151123204623E-003
   9.3599999999998449        3.7425910741095405E-003
   9.3699999999998447        3.7315058699525037E-003
   9.3799999999998445        3.7204592583657365E-003
   9.3899999999998442        3.7094510009144364E-003
   9.3999999999998440        3.6976177086802311E-003
   9.4099999999998438        3.6866825693570452E-003
   9.4199999999998436        3.6757869786590747E-003
   9.4299999999998434        3.6649307852739568E-003
   9.4399999999998432        3.6541138374853550E-003
   9.4499999999998430        3.6433359830058657E-003
   9.4599999999998428        3.6325970688087465E-003
   9.4699999999998425        3.6218969409533243E-003
   9.4799999999998423        3.6112354444099879E-003
   9.4899999999998421        3.6006124228817127E-003
   9.4999999999998419        3.5900277186241810E-003
   9.5099999999998417        3.5794811722665663E-003
   9.5199999999998415        3.5689726226295830E-003
   9.5299999999998413        3.5585019065466064E-003
   9.5399999999998411        3.5480688586842979E-003
   9.5499999999998408        3.5376733113678754E-003
   9.5599999999998406        3.5273150944074155E-003
   9.5699999999998404        3.5169940349290335E-003
   9.5799999999998402        3.5067099572123695E-003
   9.5899999999998400        3.4964626825316602E-003
   9.5999999999998398        3.4862520290066092E-003
   9.6099999999998396        3.4760778114591947E-003
   9.6199999999998393        3.4659398412810174E-003
   9.6299999999998391        3.4558379263104075E-003
   9.6399999999998389        3.4459939911843196E-003
   9.6499999999998387        3.4359457534688287E-003
   9.6599999999998385        3.4259326903791636E-003
   9.6699999999998383        3.4159547103795626E-003
   9.6799999999998381        3.4060117275101784E-003
   9.6899999999998379        3.3961036614286741E-003
   9.6999999999998376        3.3862304374338088E-003
   9.7099999999998374        3.3763919864696554E-003
   9.7199999999998372        3.3665882451102860E-003
   9.7299999999998370        3.3568191555231235E-003
   9.7399999999998368        3.3470846654102653E-003
   9.7499999999998366        3.3373847279268383E-003
   9.7599999999998364        3.3277568471286028E-003
   9.7699999999998361        3.3181348159547703E-003
   9.7799999999998359        3.3085461350886758E-003
   9.7899999999998357        3.2989906283541186E-003
   9.7999999999998355        3.2894681188411724E-003
   9.8099999999998353        3.2799784289616702E-003
   9.8199999999998351        3.2705213805138723E-003
   9.8299999999998349        3.2610967947561387E-003
   9.8399999999998347        3.2517044924903959E-003
   9.8499999999998344        3.2423442941549720E-003
   9.8599999999998342        3.2330160199270652E-003
   9.8699999999998340        3.2237194898351996E-003
   9.8799999999998338        3.2144545238813362E-003
   9.8899999999998336        3.2052209421728848E-003
   9.8999999999998334        3.1960185650645192E-003
   9.9099999999998332        3.1868472133096126E-003
   9.9199999999998330        3.1777067082213060E-003
   9.9299999999998327        3.1685968718429434E-003
   9.9399999999998325        3.1595175271276737E-003
   9.9499999999998323        3.1504684981268375E-003
   9.9599999999998321        3.1414496101870729E-003
   9.9699999999998319        3.1324606901553189E-003
   9.9799999999998317        3.1235015665916493E-003
   9.9899999999998315        3.1145720699895163E-003
   9.9999999999998312        3.1056720330019496E-003
   10.009999999999831        3.0970621193226675E-003
   10.019999999999831        3.0882549656428499E-003
   10.029999999999831        3.0794794053395540E-003
   10.039999999999830        3.0707353464693964E-003
   10.049999999999830        3.0620226949872814E-003
   10.059999999999830        3.0533413544860466E-003
   10.069999999999830        3.0446912259329325E-003
   10.079999999999830        3.0360722074066577E-003
   10.089999999999829        3.0274841938342342E-003
   10.099999999999829        3.0189270767287408E-003
   10.109999999999829        3.0104007439307251E-003
   10.119999999999829        3.0019050793525003E-003
   10.129999999999828        2.9934399627275388E-003
   10.139999999999828        2.9844430115142546E-003
   10.149999999999828        2.9759926556225860E-003
   10.159999999999828        2.9675705462149761E-003
   10.169999999999828        2.9591765708925216E-003
   10.179999999999827        2.9508106196509953E-003
   10.189999999999827        2.9424725849498444E-003
   10.199999999999827        2.9341623617780907E-003
   10.209999999999827        2.9258798477140389E-003
   10.219999999999827        2.9176249429820125E-003
   10.229999999999826        2.9093975505011232E-003
   10.239999999999826        2.9011975759310918E-003
   10.249999999999826        2.8930249277080867E-003
   10.259999999999826        2.8848795170763578E-003
   10.269999999999825        2.8767612581105610E-003
   10.279999999999825        2.8686700677302162E-003
   10.289999999999825        2.8606058657055849E-003
   10.299999999999825        2.8525685746551982E-003
   10.309999999999825        2.8445581200318149E-003
   10.319999999999824        2.8365744301002203E-003
   10.329999999999824        2.8286174359031012E-003
   10.339999999999824        2.8206870712159790E-003
   10.349999999999824        2.8127832724913265E-003
   10.359999999999824        2.8049059787906539E-003
   10.369999999999823        2.7970551317026914E-003
   10.379999999999823        2.7902408831942931E-003
   10.389999999999823        2.7824769566175385E-003
   10.399999999999823        2.7747388981547634E-003
   10.409999999999823        2.7670265495168462E-003
   10.419999999999822        2.7593397514089893E-003
   10.429999999999822        2.7516783436774012E-003
   10.439999999999822        2.7440421654705395E-003
   10.449999999999822        2.7364310554129859E-003
   10.459999999999821        2.7288448517938436E-003
   10.469999999999821        2.7212833927692352E-003
   10.479999999999821        2.7137465165787376E-003
   10.489999999999821        2.7062340617744424E-003
   10.499999999999821        2.6987458674650423E-003
   10.509999999999820        2.6904117433671545E-003
   10.519999999999820        2.6829590760718549E-003
   10.529999999999820        2.6755314640388803E-003
   10.539999999999820        2.6681288286661423E-003
   10.549999999999820        2.6607510914378792E-003
   10.559999999999819        2.6533981738175228E-003
   10.569999999999819        2.6460699971375444E-003
   10.579999999999819        2.6387664824831050E-003
   10.589999999999819        2.6314875505751246E-003
   10.599999999999818        2.6242331216469006E-003
   10.609999999999818        2.6170031153198306E-003
   10.619999999999818        2.6097974504749864E-003
   10.629999999999818        2.6026160451233481E-003
   10.639999999999818        2.5954588162728940E-003
   10.649999999999817        2.5883256797944207E-003
   10.659999999999817        2.5812165502861234E-003
   10.669999999999817        2.5741313409378018E-003
   10.679999999999817        2.5670699633937423E-003
   10.689999999999817        2.5600323276166949E-003
   10.699999999999816        2.5530183417516888E-003
   10.709999999999816        2.5460279119921105E-003
   10.719999999999816        2.5390609424466738E-003
   10.729999999999816        2.5321173350091692E-003
   10.739999999999815        2.5251969892317637E-003
   10.749999999999815        2.5182998022008083E-003
   10.759999999999815        2.5117770083875248E-003
   10.769999999999815        2.5049112978599219E-003
   10.779999999999815        2.4980676380536525E-003
   10.789999999999814        2.4912459659093434E-003
   10.799999999999814        2.4844462220326713E-003
   10.809999999999814        2.4776683507799590E-003
   10.819999999999814        2.4709123003361319E-003
   10.829999999999814        2.4641780227837224E-003
   10.839999999999813        2.4574654741632640E-003
   10.849999999999813        2.4507746145233881E-003
   10.859999999999813        2.4441054079604304E-003
   10.869999999999813        2.4374578226469025E-003
   10.879999999999812        2.4308318308478537E-003
   10.889999999999812        2.4242274089246764E-003
   10.899999999999812        2.4176026047393550E-003
   10.909999999999812        2.4110536107291216E-003
   10.919999999999812        2.4045257859694092E-003
   10.929999999999811        2.3980190234047087E-003
   10.939999999999811        2.3915332150444652E-003
   10.949999999999811        2.3850682519798777E-003
   10.959999999999811        2.3786240244062602E-003
   10.969999999999811        2.3722004216514617E-003
   10.979999999999810        2.3657973322102235E-003
   10.989999999999810        2.3594146437850723E-003
   10.999999999999810        2.3530522433333439E-003
   11.009999999999810        2.3467100171210625E-003
   11.019999999999810        2.3403878507835332E-003
   11.029999999999809        2.3340856293924727E-003
   11.039999999999809        2.3278032375303893E-003
   11.049999999999809        2.3215405593716787E-003
   11.059999999999809        2.3152974787709916E-003
   11.069999999999808        2.3090738793582121E-003
   11.079999999999808        2.3028696446409274E-003
   11.089999999999808        2.2966846581135023E-003
   11.099999999999808        2.2905188033732183E-003
   11.109999999999808        2.2843719642431839E-003
   11.119999999999807        2.2782440249018983E-003
   11.129999999999807        2.2721348700193221E-003
   11.139999999999807        2.2660443848994218E-003
   11.149999999999807        2.2600506359828211E-003
   11.159999999999807        2.2540147036324166E-003
   11.169999999999806        2.2479989905675735E-003
   11.179999999999806        2.2420034591674369E-003
   11.189999999999806        2.2360280711868686E-003
   11.199999999999806        2.2300727875910168E-003
   11.209999999999805        2.2241375683854383E-003
   11.219999999999805        2.2182223724428948E-003
   11.229999999999805        2.2123271573266583E-003
   11.239999999999805        2.2064518791111436E-003
   11.249999999999805        2.2005964922004965E-003
   11.259999999999804        2.1947609491455339E-003
   11.269999999999804        2.1889452004592155E-003
   11.279999999999804        2.1831491944323683E-003
   11.289999999999804        2.1770537047004447E-003
   11.299999999999804        2.1712651290214892E-003
   11.309999999999803        2.1654944154305710E-003
   11.319999999999803        2.1597414910473102E-003
   11.329999999999803        2.1540062844543442E-003
   11.339999999999803        2.1482887257627931E-003
   11.349999999999802        2.1425887466761224E-003
   11.359999999999802        2.1369062805530652E-003
   11.369999999999802        2.1312412624685047E-003
   11.379999999999802        2.1255936292725922E-003
   11.389999999999802        2.1199633196477027E-003
   11.399999999999801        2.1143502741617953E-003
   11.409999999999801        2.1087544353204646E-003
   11.419999999999801        2.1031757476139721E-003
   11.429999999999801        2.0976141575615010E-003
   11.439999999999801        2.0920696137511105E-003
   11.449999999999800        2.0865420668756854E-003
   11.459999999999800        2.0810314697632935E-003
   11.469999999999800        2.0755377774034976E-003
   11.479999999999800        2.0700609469673460E-003
   11.489999999999799        2.0646009378224414E-003
   11.499999999999799        2.0591577115407879E-003
   11.509999999999799        2.0537312319007742E-003
   11.519999999999799        2.0483214648831017E-003
   11.529999999999799        2.0429283786581156E-003
   11.539999999999798        2.0375519435663005E-003
   11.549999999999798        2.0330208859295493E-003
   11.559999999999798        2.0277110095214966E-003
   11.569999999999798        2.0224178038218744E-003
   11.579999999999798        2.0171411713489507E-003
   11.589999999999797        2.0118810133190222E-003
   11.599999999999797        2.0066372297037347E-003
   11.609999999999797        2.0014097192961513E-003
   11.619999999999797        1.9961983797864304E-003
   11.629999999999797        1.9910031078444364E-003
   11.639999999999796        1.9858237992124500E-003
   11.649999999999796        1.9806603488070401E-003
   11.659999999999796        1.9755126508295539E-003
   11.669999999999796        1.9703805988848556E-003
   11.679999999999795        1.9652640861115012E-003
   11.689999999999795        1.9593523255613957E-003
   11.699999999999795        1.9542489719152492E-003
   11.709999999999795        1.9491615857252654E-003
   11.719999999999795        1.9440901274308457E-003
   11.729999999999794        1.9390345578041753E-003
   11.739999999999794        1.9339948378837937E-003
   11.749999999999794        1.9289709289065896E-003
   11.759999999999794        1.9239627922367100E-003
   11.769999999999794        1.9189703892886017E-003
   11.779999999999793        1.9139936814503680E-003
   11.789999999999793        1.9090326300011096E-003
   11.799999999999793        1.9040871960276601E-003
   11.809999999999793        1.8991573403367404E-003
   11.819999999999792        1.8942430233656513E-003
   11.829999999999792        1.8893442050905095E-003
   11.839999999999792        1.8844608449311712E-003
   11.849999999999792        1.8795929016557726E-003
   11.859999999999792        1.8747403332817474E-003
   11.869999999999791        1.8699030969771594E-003
   11.879999999999791        1.8650811489592228E-003
   11.889999999999791        1.8602744443928373E-003
   11.899999999999791        1.8554829372875279E-003
   11.909999999999791        1.8507065803952528E-003
   11.919999999999790        1.8459453251071169E-003
   11.929999999999790        1.8411991213508495E-003
   11.939999999999790        1.8364679174888072E-003
   11.949999999999790        1.8321908830024273E-003
   11.959999999999789        1.8274801097633059E-003
   11.969999999999789        1.8227832683686829E-003
   11.979999999999789        1.8181003132934264E-003
   11.989999999999789        1.8134312012686798E-003
   11.999999999999789        1.8087758913630570E-003
   12.009999999999788        1.8041343450615854E-003
   12.019999999999788        1.7995065263403404E-003
   12.029999999999788        1.7948924017384279E-003
   12.039999999999788        1.7902919404248997E-003
   12.049999999999788        1.7857051142613244E-003
   12.059999999999787        1.7811318978592995E-003
   12.069999999999787        1.7765722686327236E-003
   12.079999999999787        1.7720262068436177E-003
   12.089999999999787        1.7674936956421547E-003
   12.099999999999786        1.7628378425847294E-003
   12.109999999999786        1.7583446222346668E-003
   12.119999999999786        1.7538650430588797E-003
   12.129999999999786        1.7493990410110721E-003
   12.139999999999786        1.7449465511668858E-003
   12.149999999999785        1.7405075077183280E-003
   12.159999999999785        1.7360818439716803E-003
   12.169999999999785        1.7316694923488604E-003
   12.179999999999785        1.7272703843924358E-003
   12.189999999999785        1.7228844507744625E-003
   12.199999999999784        1.7185116213093705E-003
   12.209999999999784        1.7141518249708424E-003
   12.219999999999784        1.7098049899130509E-003
   12.229999999999784        1.7054710434962644E-003
   12.239999999999783        1.7011499123167871E-003
   12.249999999999783        1.6968415222417006E-003
   12.259999999999783        1.6925457984481921E-003
   12.269999999999783        1.6882626654676821E-003
   12.279999999999783        1.6839920472347530E-003
   12.289999999999782        1.6797338671410448E-003
   12.299999999999782        1.6754880480940818E-003
   12.309999999999782        1.6712545125810252E-003
   12.319999999999782        1.6670331827375734E-003
   12.329999999999782        1.6628239804216370E-003
   12.339999999999781        1.6586268272920897E-003
   12.349999999999781        1.6544416448925924E-003
   12.359999999999781        1.6502587264591324E-003
   12.369999999999781        1.6461035206769624E-003
   12.379999999999781        1.6419613004452283E-003
   12.389999999999780        1.6378320531096264E-003
   12.399999999999780        1.6337157660958068E-003
   12.409999999999780        1.6296124268119613E-003
   12.419999999999780        1.6255220225477396E-003
   12.429999999999779        1.6214445403692798E-003
   12.439999999999779        1.6173799670112445E-003
   12.449999999999779        1.6133282887651563E-003
   12.459999999999779        1.6092894913651177E-003
   12.469999999999779        1.6052635598704289E-003
   12.479999999999778        1.6012504785459093E-003
   12.489999999999778        1.5972502307398900E-003
   12.499999999999778        1.5932627987601537E-003
   12.509999999999778        1.5891270460613163E-003
   12.519999999999778        1.5851447078764839E-003
   12.529999999999777        1.5811737509211872E-003
   12.539999999999777        1.5772141263499721E-003
   12.549999999999777        1.5732657861532123E-003
   12.559999999999777        1.5693286832089623E-003
   12.569999999999776        1.5654027713348354E-003
   12.579999999999776        1.5614880053403750E-003
   12.589999999999776        1.5575843410786023E-003
   12.599999999999776        1.5536917354976930E-003
   12.609999999999776        1.5498101466918822E-003
   12.619999999999775        1.5459395339517219E-003
   12.629999999999775        1.5420798578129136E-003
   12.639999999999775        1.5382310801050534E-003
   12.649999999999775        1.5343931639978251E-003
   12.659999999999775        1.5305660740464850E-003
   12.669999999999774        1.5267497762348138E-003
   12.679999999999774        1.5229442380166359E-003
   12.689999999999774        1.5191494283550121E-003
   12.699999999999774        1.5153653177585229E-003
   12.709999999999773        1.5115918783148502E-003
   12.719999999999773        1.5078290837223557E-003
   12.729999999999773        1.5040769093168861E-003
   12.739999999999773        1.5003353320968502E-003
   12.749999999999773        1.4966043307428119E-003
   12.759999999999772        1.4928838856350921E-003
   12.769999999999772        1.4897609554846507E-003
   12.779999999999772        1.4860904272516768E-003
   12.789999999999772        1.4824308729983204E-003
   12.799999999999772        1.4787822362710458E-003
   12.809999999999771        1.4751444594289388E-003
   12.819999999999771        1.4715174836498401E-003
   12.829999999999771        1.4679012489408625E-003
   12.839999999999771        1.4642956941540695E-003
   12.849999999999770        1.4607007570072580E-003
   12.859999999999770        1.4571163741091187E-003
   12.869999999999770        1.4535424809902187E-003
   12.879999999999770        1.4499790121394111E-003
   12.889999999999770        1.4464259010450611E-003
   12.899999999999769        1.4428830802424180E-003
   12.909999999999769        1.4393504813667670E-003
   12.919999999999769        1.4358280352121076E-003
   12.929999999999769        1.4316197723008353E-003
   12.939999999999769        1.4280977914100264E-003
   12.949999999999768        1.4245860676431661E-003
   12.959999999999768        1.4210845815187465E-003
   12.969999999999768        1.4175933140109930E-003
   12.979999999999768        1.4141122465139860E-003
   12.989999999999768        1.4106413608041726E-003
   12.999999999999767        1.4071806389993778E-003
   13.009999999999767        1.4037300635164202E-003
   13.019999999999767        1.4002896170246858E-003
   13.029999999999767        1.3968592823990782E-003
   13.039999999999766        1.3934390426687496E-003
   13.049999999999766        1.3900288809648993E-003
   13.059999999999766        1.3866287804647451E-003
   13.069999999999766        1.3832387243343394E-003
   13.079999999999766        1.3798586956693310E-003
   13.089999999999765        1.3764886774319364E-003
   13.099999999999765        1.3731286523880938E-003
   13.109999999999765        1.3697786030410629E-003
   13.119999999999765        1.3664385115635393E-003
   13.129999999999765        1.3631083597288132E-003
   13.139999999999764        1.3597881288395796E-003
   13.149999999999764        1.3564777996553428E-003
   13.159999999999764        1.3531773523194040E-003
   13.169999999999764        1.3498867662837645E-003
   13.179999999999763        1.3466060202334982E-003
   13.189999999999763        1.3438225988951212E-003
   13.199999999999763        1.3405585942377479E-003
   13.209999999999763        1.3373035442171047E-003
   13.219999999999763        1.3340574128968955E-003
   13.229999999999762        1.3308201655317939E-003
   13.239999999999762        1.3275917686319751E-003
   13.249999999999762        1.3243721900276996E-003
   13.259999999999762        1.3211613989329092E-003
   13.269999999999762        1.3179593660081416E-003
   13.279999999999761        1.3147660634226213E-003
   13.289999999999761        1.3115814649146376E-003
   13.299999999999761        1.3084055458507265E-003
   13.309999999999761        1.3052382832830058E-003
   13.319999999999760        1.3020796560044518E-003
   13.329999999999760        1.2989296446019882E-003
   13.339999999999760        1.2957882315068744E-003
   13.349999999999760        1.2926554010425694E-003
   13.359999999999760        1.2893070585956717E-003
   13.369999999999759        1.2862010436480666E-003
   13.379999999999759        1.2831039460363066E-003
   13.389999999999759        1.2800157287901309E-003
   13.399999999999759        1.2769363542389292E-003
   13.409999999999759        1.2738657839965345E-003
   13.419999999999758        1.2708039789470318E-003
   13.429999999999758        1.2677508992329225E-003
   13.439999999999758        1.2647065042451374E-003
   13.449999999999758        1.2616707526151320E-003
   13.459999999999757        1.2586436022093274E-003
   13.469999999999757        1.2556250101256800E-003
   13.479999999999757        1.2526149326929784E-003
   13.489999999999757        1.2496133254724607E-003
   13.499999999999757        1.2466201432622475E-003
   13.509999999999756        1.2436353401044594E-003
   13.519999999999756        1.2406588692952690E-003
   13.529999999999756        1.2376906833978176E-003
   13.539999999999756        1.2347307342582801E-003
   13.549999999999756        1.2317789730249514E-003
   13.559999999999755        1.2288353501706468E-003
   13.569999999999755        1.2258998155182559E-003
   13.579999999999755        1.2229723182697212E-003
   13.589999999999755        1.2200528070383805E-003
   13.599999999999755        1.2171412298847062E-003
   13.609999999999754        1.2142375343555708E-003
   13.619999999999754        1.2113063595047837E-003
   13.629999999999754        1.2084163278363357E-003
   13.639999999999754        1.2055346754008935E-003
   13.649999999999753        1.2026613991838353E-003
   13.659999999999753        1.1997964966206872E-003
   13.669999999999753        1.1969399655486928E-003
   13.679999999999753        1.1940918041553747E-003
   13.689999999999753        1.1912520109243669E-003
   13.699999999999752        1.1884205845783496E-003
   13.709999999999752        1.1855975240192603E-003
   13.719999999999752        1.1827828282657479E-003
   13.729999999999752        1.1799764963880744E-003
   13.739999999999752        1.1771785274403272E-003
   13.749999999999751        1.1743889203902798E-003
   13.759999999999751        1.1716076740468366E-003
   13.769999999999751        1.1688347869852026E-003
   13.779999999999751        1.1660702574699290E-003
   13.789999999999750        1.1632570681140552E-003
   13.799999999999750        1.1604982143728583E-003
   13.809999999999750        1.1577467091254073E-003
   13.819999999999750        1.1550025183919485E-003
   13.829999999999750        1.1522656085942310E-003
   13.839999999999749        1.1495359465928826E-003
   13.849999999999749        1.1468134997254403E-003
   13.859999999999749        1.1440982358450029E-003
   13.869999999999749        1.1413901233592793E-003
   13.879999999999749        1.1386891312700992E-003
   13.889999999999748        1.1359952292133010E-003
   13.899999999999748        1.1333083874985740E-003
   13.909999999999748        1.1306285771496018E-003
   13.919999999999748        1.1279557699440243E-003
   13.929999999999747        1.1252899384534185E-003
   13.939999999999747        1.1226310560827012E-003
   13.949999999999747        1.1199790971094783E-003
   13.959999999999747        1.1173340367226225E-003
   13.969999999999747        1.1146958510602242E-003
   13.979999999999746        1.1120645172466410E-003
   13.989999999999746        1.1094400134290391E-003
   13.999999999999746        1.1068223188119310E-003
   14.009999999999746        1.1042114136915750E-003
   14.019999999999746        1.1016072794880313E-003
   14.029999999999745        1.0990098987760488E-003
   14.039999999999745        1.0964192553145091E-003
   14.049999999999745        1.0938353340735247E-003
   14.059999999999745        1.0916415473809086E-003
   14.069999999999744        1.0890937691406095E-003
   14.079999999999744        1.0865532686403897E-003
   14.089999999999744        1.0840200147425529E-003
   14.099999999999744        1.0814939754257031E-003
   14.109999999999744        1.0789751177726226E-003
   14.119999999999743        1.0764634079602877E-003
   14.129999999999743        1.0739588112523824E-003
   14.139999999999743        1.0714612919943424E-003
   14.149999999999743        1.0689708136111351E-003
   14.159999999999743        1.0664873386076127E-003
   14.169999999999742        1.0640108285722091E-003
   14.179999999999742        1.0615412441831353E-003
   14.189999999999742        1.0590785452182071E-003
   14.199999999999742        1.0566226905670730E-003
   14.209999999999742        1.0541736382480523E-003
   14.219999999999741        1.0517313454272014E-003
   14.229999999999741        1.0487460290050854E-003
   14.239999999999741        1.0462981661725843E-003
   14.249999999999741        1.0438569340567047E-003
   14.259999999999740        1.0414223227753041E-003
   14.269999999999740        1.0389943229178323E-003
   14.279999999999740        1.0365729255294048E-003
   14.289999999999740        1.0341581220938896E-003
   14.299999999999740        1.0317499045138733E-003
   14.309999999999739        1.0293482650902816E-003
   14.319999999999739        1.0269531964990420E-003
   14.329999999999739        1.0245646917669217E-003
   14.339999999999739        1.0221827442443117E-003
   14.349999999999739        1.0198073475777419E-003
   14.359999999999738        1.0174384956792087E-003
   14.369999999999738        1.0150761826942479E-003
   14.379999999999738        1.0127204029687659E-003
   14.389999999999738        1.0103711510126476E-003
   14.399999999999737        1.0080284214632421E-003
   14.409999999999737        1.0056922090459588E-003
   14.419999999999737        1.0033625085336135E-003
   14.429999999999737        1.0010393147044201E-003
   14.439999999999737        9.9872262229766420E-004
   14.449999999999736        9.9641242596836465E-004
   14.459999999999736        9.9410872024049794E-004
   14.469999999999736        9.9181149945857562E-004
   14.479999999999736        9.8952075773775560E-004
   14.489999999999736        9.8723648891334585E-004
   14.499999999999735        9.8543756337176464E-004
   14.509999999999735        9.8316817714032213E-004
   14.519999999999735        9.8090461926841270E-004
   14.529999999999735        9.7864686257010964E-004
   14.539999999999734        9.7639488041665592E-004
   14.549999999999734        9.7414864677990739E-004
   14.559999999999734        9.7190813627785397E-004
   14.569999999999734        9.6967332421913754E-004
   14.579999999999734        9.6744418664891554E-004
   14.589999999999733        9.6522070039416652E-004
   14.599999999999733        9.6300284310938148E-004
   14.609999999999733        9.6079059332174091E-004
   14.619999999999733        9.5858393047708779E-004
   14.629999999999733        9.5638283498382642E-004
   14.639999999999732        9.5418728825828476E-004
   14.649999999999732        9.5199727276774394E-004
   14.659999999999732        9.4981277207400409E-004
   14.669999999999732        9.4763377087494919E-004
   14.679999999999731        9.4517486493526080E-004
   14.689999999999731        9.4301283238301063E-004
   14.699999999999731        9.4085670196225970E-004
   14.709999999999731        9.3870645359408816E-004
   14.719999999999731        9.3656206670995564E-004
   14.729999999999730        9.3442352023363230E-004
   14.739999999999730        9.3229079256412783E-004
   14.749999999999730        9.3016386155928736E-004
   14.759999999999730        9.2804270452044807E-004
   14.769999999999730        9.2592729817801396E-004
   14.779999999999729        9.2381761867821029E-004
   14.789999999999729        9.2171364157091814E-004
   14.799999999999729        9.1961534179888990E-004
   14.809999999999729        9.1752269368814343E-004
   14.819999999999729        9.1543567093988073E-004
   14.829999999999728        9.1335424662386880E-004
   14.839999999999728        9.1127839317339354E-004
   14.849999999999728        9.0920808238171766E-004
   14.859999999999728        9.0714328540060550E-004
   14.869999999999727        9.0508397274020836E-004
   14.879999999999727        9.0303011427114613E-004
   14.889999999999727        9.0098167922834970E-004
   14.899999999999727        8.9893863621692729E-004
   14.909999999999727        8.9690095322009873E-004
   14.919999999999726        8.9486859760933013E-004
   14.929999999999726        8.9284153615647014E-004
   14.939999999999726        8.9081973504830418E-004
   14.949999999999726        8.8878825767605308E-004
   14.959999999999726        8.8677133872085731E-004
   14.969999999999725        8.8475984170813683E-004
   14.979999999999725        8.8275376634531512E-004
   14.989999999999725        8.8075311284009097E-004
   14.999999999999725        8.7875788187933689E-004
