   0.0000000000000000        0.0000000000000000     
   5.0000000000000003E-002   2.8368572992267079E-002
  0.10000000000000001        5.6595080310603896E-002
  0.15000000000000002        8.4538115066862582E-002
  0.20000000000000001       0.11205805829441728     
  0.25000000000000000       0.13901767156716521     
  0.30000000000000004       0.16528280459188863     
  0.35000000000000003       0.19072308630663748     
  0.40000000000000002       0.21521259573068777     
  0.45000000000000001       0.23863050888898443     
  0.50000000000000000       0.26086171822952953     
  0.55000000000000004       0.28179742106571892     
  0.60000000000000009       0.30133567370692493     
  0.65000000000000002       0.31938190808938705     
  0.70000000000000007       0.33584940788540996     
  0.75000000000000000       0.35065974125163657     
  0.80000000000000004       0.36374314757643916     
  0.85000000000000009       0.37503887580186690     
  0.90000000000000002       0.38449547212676000     
  0.95000000000000007       0.39207101514418741     
   1.0000000000000000       0.39773329672791441     
   1.0500000000000000       0.40145994725875206     
   1.1000000000000001       0.40323850407197426     
   1.1500000000000001       0.40306642231107148     
   1.2000000000000002       0.40095102769048302     
   1.2500000000000000       0.39690941100008531     
   1.3000000000000000       0.39096826452654898     
   1.3500000000000001       0.38316366092051851     
   1.4000000000000001       0.37354077540314140     
   1.4500000000000002       0.36215355257981863     
   1.5000000000000000       0.34906431951202394     
   1.5500000000000000       0.33434334708825991     
   1.6000000000000001       0.31806836213099909     
   1.6500000000000001       0.30032401307577516     
   1.7000000000000002       0.28120129245899439     
   1.7500000000000000       0.26079691984963915     
   1.8000000000000000       0.23921268925340483     
   1.8500000000000001       0.21655478540193857     
   1.9000000000000001       0.19293307371013457     
   1.9500000000000002       0.16846036903560843     
   2.0000000000000000       0.14325168870061619     
   2.0500000000000003       0.11742349553124806     
   2.1000000000000001        9.1092936924582674E-002
   2.1499999999999999        6.4377086163995650E-002
   2.2000000000000002        3.7392192357990406E-002
   2.2500000000000000        1.0252945470580985E-002
   2.3000000000000003       -1.6928237066707218E-002
   2.3500000000000001       -4.4041895727514331E-002
   2.4000000000000004       -7.0982179956140645E-002
   2.4500000000000002       -9.7647458867347769E-002
   2.5000000000000000      -0.12394088585134992     
   2.5500000000000003      -0.14977091178295787     
   2.6000000000000001      -0.17505174206091942     
   2.6500000000000004      -0.19970373332719546     
   2.7000000000000002      -0.22365372643081324     
   2.7500000000000000      -0.24683531299840664     
   2.8000000000000003      -0.26918903384159942     
   2.8500000000000001      -0.29066250835478258     
   2.9000000000000004      -0.31121049501730680     
   2.9500000000000002      -0.33079488409079127     
   3.0000000000000000      -0.34938462457231767     
   3.0500000000000003      -0.36695558840367970     
   3.1000000000000001      -0.38349037582130951     
   3.1500000000000004      -0.39897806653744178     
   3.2000000000000002      -0.41341392214874706     
   3.2500000000000000      -0.42679904575513361     
   3.3000000000000003      -0.43914000042978901     
   3.3500000000000001      -0.45044841726183121     
   3.4000000000000004      -0.46074055189803270     
   3.4500000000000002      -0.47003684445853205     
   3.5000000000000000      -0.47836146560750997     
   3.5500000000000003      -0.48574186005578029     
   3.6000000000000001      -0.49220829357833201     
   3.6500000000000004      -0.49779340912505105     
   3.7000000000000002      -0.50253179701404682     
   3.7500000000000000      -0.50645958354630471     
   3.8000000000000003      -0.50961404169045788     
   3.8500000000000001      -0.51203322677953045     
   3.9000000000000004      -0.51375563945840219     
   3.9500000000000002      -0.51481991744017941     
   4.0000000000000000      -0.51526455698770612     
   4.0499999999999998      -0.51512766444602109     
   4.1000000000000005      -0.51444673762244997     
   4.1500000000000004      -0.51325847634967037     
   4.2000000000000002      -0.51159862117697641     
   4.2500000000000000      -0.50950181881674639     
   4.2999999999999998      -0.50700151272507388     
   4.3500000000000005      -0.50412985701395696     
   4.4000000000000004      -0.50091765177216863     
   4.4500000000000002      -0.49739429780668770     
   4.5000000000000000      -0.49358776879943000     
   4.5499999999999998      -0.48952459889779121     
   4.6000000000000005      -0.48522988381500193     
   4.6500000000000004      -0.48072729360060806     
   4.7000000000000002      -0.47603909534607092     
   4.7500000000000000      -0.47118618420968211     
   4.8000000000000007      -0.46618812127354481     
   4.8500000000000005      -0.46106317687880505     
   4.9000000000000004      -0.45582837821989758     
   4.9500000000000002      -0.45049956011122466     
   5.0000000000000000      -0.44509141796801133     
   5.0500000000000007      -0.43961756216522729     
   5.1000000000000005      -0.43409057305313192     
   5.1500000000000004      -0.42852205601429844     
   5.2000000000000002      -0.42292269604440624     
   5.2500000000000000      -0.41730231142747992     
   5.3000000000000007      -0.41166990615563553     
   5.3500000000000005      -0.40603372081402994     
   5.4000000000000004      -0.40040128171398826     
   5.4500000000000002      -0.39477944811168592     
   5.5000000000000000      -0.38917445739686057     
   5.5500000000000007      -0.38359196817641072     
   5.6000000000000005      -0.37803710121200734     
   5.6500000000000004      -0.37251447819963107     
   5.7000000000000002      -0.36702825840280334     
   5.7500000000000000      -0.36158217317081054     
   5.8000000000000007      -0.35617955838891757     
   5.8500000000000005      -0.35082338491994419     
   5.9000000000000004      -0.34551628710607302     
   5.9500000000000002      -0.34026058940678960     
   6.0000000000000000      -0.33505833125377604     
   6.0500000000000007      -0.32991129020673987     
   6.1000000000000005      -0.32482100349583060     
   6.1500000000000004      -0.31978878803674110     
   6.2000000000000002      -0.31481575900404390     
   6.2500000000000000      -0.30990284704694732     
   6.3000000000000007      -0.30505081422966263     
   6.3500000000000005      -0.30026026877607892     
   6.4000000000000004      -0.29553167869557595     
   6.4500000000000002      -0.29086538436367337     
   6.5000000000000000      -0.28626161012789608     
   6.5500000000000007      -0.28172047500581138     
   6.6000000000000005      -0.27724200253871195     
   6.6500000000000004      -0.27282612986094440     
   6.7000000000000002      -0.26847271604143347     
   6.7500000000000000      -0.26418154975058306     
   6.8000000000000007      -0.25995235630244456     
   6.8500000000000005      -0.25578480411887466     
   6.9000000000000004      -0.25167851065935004     
   6.9500000000000002      -0.24763304785718718     
   7.0000000000000000      -0.24364794710013943     
   7.0500000000000007      -0.23972270379070065     
   7.1000000000000005      -0.23585678151894959     
   7.1500000000000004      -0.23204961587841683     
   7.2000000000000002      -0.22830061795323667     
   7.2500000000000000      -0.22460917750277098     
   7.3000000000000007      -0.22097466586794079     
   7.3500000000000005      -0.21739643862168137     
   7.4000000000000004      -0.21387383798423670     
   7.4500000000000002      -0.21040619502242347     
   7.5000000000000000      -0.20699283165052154     
   7.5500000000000007      -0.20363306244907492     
   7.6000000000000005      -0.20032619631661716     
   7.6500000000000004      -0.19707153796815260     
   7.7000000000000002      -0.19386838929313172     
   7.7500000000000000      -0.19071605058464761     
   7.8000000000000007      -0.18761382165064236     
   7.8500000000000005      -0.18456100281704726     
   7.9000000000000004      -0.18155689583198159     
   7.9500000000000002      -0.17860080467939618     
   8.0000000000000000      -0.17569203630986807     
   8.0500000000000007      -0.17282990129562281     
   8.0999999999999996      -0.17001371441628554     
   8.1500000000000004      -0.16724279518132704     
   8.2000000000000011      -0.16451646829467986     
   8.2500000000000000      -0.16183406406655074     
   8.3000000000000007      -0.15919491877703820     
   8.3499999999999996      -0.15659837499578122     
   8.4000000000000004      -0.15404378186151732     
   8.4500000000000011      -0.15153049532510160     
   8.5000000000000000      -0.14905787835924353     
   8.5500000000000007      -0.14662530113794692     
   8.5999999999999996      -0.14423214118838518     
   8.6500000000000004      -0.14187778351771729     
   8.7000000000000011      -0.13956162071713735     
   8.7500000000000000      -0.13728305304525698     
   8.8000000000000007      -0.13504148849274372     
   8.8499999999999996      -0.13283634282997223     
   8.9000000000000004      -0.13066703963930054     
   8.9500000000000011      -0.12853301033344164     
   9.0000000000000000      -0.12643369416127803     
   9.0500000000000007      -0.12436853820235078     
   9.0999999999999996      -0.12233699735114772     
   9.1500000000000004      -0.12033853429222115     
   9.2000000000000011      -0.11837261946707349     
   9.2500000000000000      -0.11643873103367072     
   9.3000000000000007      -0.11453635481936743     
   9.3499999999999996      -0.11266498426795850     
   9.4000000000000004      -0.11082412038151192     
   9.4500000000000011      -0.10901327165757779     
   9.5000000000000000      -0.10723195402231699     
   9.5500000000000007      -0.10547969076004536     
   9.6000000000000014      -0.10375601243964422     
   9.6500000000000004      -0.10206045683824855     
   9.7000000000000011      -0.10039256886258704     
   9.7500000000000000       -9.8751900468314294E-002
   9.8000000000000007       -9.7138010577644665E-002
   9.8500000000000014       -9.5550464995569087E-002
   9.9000000000000004       -9.3988836324910438E-002
   9.9500000000000011       -9.2452703880448697E-002
   10.000000000000000       -9.0941653602326256E-002
   10.050000000000001       -8.9455277968923788E-002
   10.100000000000001       -8.7993175909378482E-002
   10.150000000000000       -8.6554952715900510E-002
   10.200000000000001       -8.5140219956028371E-002
   10.250000000000000       -8.3748595384949276E-002
   10.300000000000001       -8.2379702857999268E-002
   10.350000000000001       -8.1033172243444793E-002
   10.400000000000000       -7.9708639335638806E-002
   10.450000000000001       -7.8405745768632559E-002
   10.500000000000000       -7.7124138930317498E-002
   10.550000000000001       -7.5863471877162469E-002
   10.600000000000001       -7.4623403249604398E-002
   10.650000000000000       -7.3403597188144321E-002
   10.700000000000001       -7.2203723250194154E-002
   10.750000000000000       -7.1023456327713924E-002
   10.800000000000001       -6.9862476565674680E-002
   10.850000000000001       -6.8720469281377330E-002
   10.900000000000000       -6.7597124884653276E-002
   10.950000000000001       -6.6492138798969813E-002
   11.000000000000000       -6.5405211383458284E-002
   11.050000000000001       -6.4336047855881706E-002
   11.100000000000001       -6.3284358216554010E-002
   11.150000000000000       -6.2249857173221297E-002
   11.200000000000001       -6.1232264066913782E-002
   11.250000000000000       -6.0231302798773048E-002
   11.300000000000001       -5.9246701757859739E-002
   11.350000000000001       -5.8278193749943002E-002
   11.400000000000000       -5.7325515927272731E-002
   11.450000000000001       -5.6388409719333704E-002
   11.500000000000000       -5.5466620764579533E-002
   11.550000000000001       -5.4559898843143231E-002
   11.600000000000001       -5.3667997810520097E-002
   11.650000000000000       -5.2790675532217890E-002
   11.700000000000001       -5.1927693819368181E-002
   11.750000000000000       -5.1078818365292308E-002
   11.800000000000001       -5.0243818683014432E-002
   11.850000000000001       -4.9422468043713953E-002
   11.900000000000000       -4.8614543416108616E-002
   11.950000000000001       -4.7819825406759747E-002
   12.000000000000000       -4.7038098201289916E-002
   12.050000000000001       -4.6269149506503952E-002
   12.100000000000001       -4.5512770493402951E-002
   12.150000000000000       -4.4768755741081454E-002
   12.200000000000001       -4.4036903181497139E-002
   12.250000000000000       -4.3317014045102901E-002
   12.300000000000001       -4.2608892807330309E-002
   12.350000000000001       -4.1912347135913713E-002
   12.400000000000000       -4.1227187839044367E-002
   12.450000000000001       -4.0553228814343326E-002
   12.500000000000000       -3.9890286998642319E-002
   12.550000000000001       -3.9238182318561625E-002
   12.600000000000001       -3.8596737641873650E-002
   12.650000000000000       -3.7965778729641839E-002
   12.700000000000001       -3.7345134189123115E-002
   12.750000000000000       -3.6734635427423612E-002
   12.800000000000001       -3.6134116605896487E-002
   12.850000000000001       -3.5543414595270967E-002
   12.900000000000000       -3.4962368931502043E-002
   12.950000000000001       -3.4390821772329952E-002
   13.000000000000000       -3.3828617854538973E-002
   13.050000000000001       -3.3275604451904854E-002
   13.100000000000001       -3.2731631333820684E-002
   13.150000000000000       -3.2196550724590725E-002
   13.200000000000001       -3.1670217263381970E-002
   13.250000000000000       -3.1152487964823491E-002
   13.300000000000001       -3.0643222180243311E-002
   13.350000000000001       -3.0142281559533250E-002
   13.400000000000000       -2.9649530013631641E-002
   13.450000000000001       -2.9164833677614518E-002
   13.500000000000000       -2.8688060874385624E-002
   13.550000000000001       -2.8219082078955831E-002
   13.600000000000001       -2.7757769883302776E-002
   13.650000000000000       -2.7303998961801416E-002
   13.700000000000001       -2.6857646037216572E-002
   13.750000000000000       -2.6418589847248476E-002
   13.800000000000001       -2.5986711111622530E-002
   13.850000000000001       -2.5561892499714703E-002
   13.900000000000000       -2.5144018598703813E-002
   13.950000000000001       -2.4732975882242526E-002
   14.000000000000000       -2.4328652679638497E-002
   14.050000000000001       -2.3930939145537723E-002
   14.100000000000001       -2.3539727230101844E-002
   14.150000000000000       -2.3154910649671557E-002
   14.200000000000001       -2.2776384857908311E-002
   14.250000000000000       -2.2404047017406507E-002
   14.300000000000001       -2.2037795971768734E-002
   14.350000000000001       -2.1677532218136397E-002
   14.400000000000000       -2.1323157880168565E-002
   14.450000000000001       -2.0974576681461611E-002
   14.500000000000000       -2.0631693919402699E-002
   14.550000000000001       -2.0294416439449878E-002
   14.600000000000001       -1.9962652609832068E-002
   14.650000000000000       -1.9636312296662000E-002
   14.700000000000001       -1.9315306839455437E-002
   14.750000000000000       -1.8999549027050141E-002
   14.800000000000001       -1.8688953073917981E-002
   14.850000000000001       -1.8383434596863927E-002
   14.900000000000000       -1.8082910592105532E-002
   14.950000000000001       -1.7787299412726776E-002
   15.000000000000000       -1.7496520746500089E-002
   15.050000000000001       -1.7210495594070799E-002
   15.100000000000001       -1.6929146247497726E-002
   15.150000000000000       -1.6652396269144516E-002
   15.200000000000001       -1.6380170470915723E-002
   15.250000000000000       -1.6112394893832128E-002
   15.300000000000001       -1.5848996787939832E-002
   15.350000000000001       -1.5589904592547508E-002
   15.400000000000000       -1.5335047916786651E-002
   15.450000000000001       -1.5084357520489436E-002
   15.500000000000000       -1.4837765295379024E-002
   15.550000000000001       -1.4595204246567291E-002
   15.600000000000001       -1.4356608474354849E-002
   15.650000000000000       -1.4121913156328544E-002
   15.700000000000001       -1.3891054529751482E-002
   15.750000000000000       -1.3663969874240879E-002
   15.800000000000001       -1.3440597494728958E-002
   15.850000000000001       -1.3220876704702388E-002
   15.900000000000000       -1.3004747809715597E-002
   15.950000000000001       -1.2792152091173578E-002
   16.000000000000000       -1.2583031790379711E-002
   16.050000000000001       -1.2377330092844351E-002
   16.100000000000001       -1.2174991112849852E-002
   16.150000000000002       -1.1975959878267906E-002
   16.199999999999999       -1.1780182315625012E-002
   16.250000000000000       -1.1587605235412088E-002
   16.300000000000001       -1.1398176317634139E-002
   16.350000000000001       -1.1211844097596202E-002
   16.400000000000002       -1.1028557951921564E-002
   16.449999999999999       -1.0848268084798553E-002
   16.500000000000000       -1.0670925514452151E-002
   16.550000000000001       -1.0496482059836693E-002
   16.600000000000001       -1.0324890327546132E-002
   16.650000000000002       -1.0156103698938251E-002
   16.699999999999999       -9.9900763174693621E-003
   16.750000000000000       -9.8267630762360197E-003
   16.800000000000001       -9.6661196057203878E-003
   16.850000000000001       -9.5081022617359325E-003
   16.900000000000002       -9.3526681135701600E-003
   16.949999999999999       -9.1997749323211846E-003
   17.000000000000000       -9.0493811794249458E-003
   17.050000000000001       -8.9014459953699679E-003
   17.100000000000001       -8.7559291885966149E-003
   17.150000000000002       -8.6127912245777954E-003
   17.199999999999999       -8.4719932150781573E-003
   17.250000000000000       -8.3334969075888783E-003
   17.300000000000001       -8.1972646749351574E-003
   17.350000000000001       -8.0632595050535907E-003
   17.400000000000002       -7.9314449909366567E-003
   17.449999999999999       -7.8017853207415933E-003
   17.500000000000000       -7.6742452680609620E-003
   17.550000000000001       -7.5487901823522363E-003
   17.600000000000001       -7.4253859795238748E-003
   17.650000000000002       -7.3039991326752677E-003
   17.699999999999999       -7.1845966629880565E-003
   17.750000000000000       -7.0671461307663689E-003
   17.800000000000001       -6.9516156266235130E-003
   17.850000000000001       -6.8379737628127416E-003
   17.900000000000002       -6.7261896646997454E-003
   17.949999999999999       -6.6162329623745400E-003
   18.000000000000000       -6.5080737824004808E-003
   18.050000000000001       -6.4016827396981566E-003
   18.100000000000001       -6.2970309295619616E-003
   18.150000000000002       -6.1940899198071747E-003
   18.199999999999999       -6.0928317430454203E-003
   18.250000000000000       -5.9932288890863971E-003
   18.300000000000001       -5.8952542974638165E-003
   18.350000000000001       -5.7988813500835356E-003
   18.400000000000002       -5.7040838639918620E-003
   18.449999999999999       -5.6108360842620809E-003
   18.500000000000000       -5.5191126769972825E-003
   18.550000000000001       -5.4288887224475495E-003
   18.600000000000001       -5.3401397082396863E-003
   18.650000000000002       -5.2528415227176073E-003
   18.699999999999999       -5.1669704483916059E-003
   18.750000000000000       -5.0825031554947060E-003
   18.800000000000001       -4.9994166956443455E-003
   18.850000000000001       -4.9176884956076876E-003
   18.900000000000002       -4.8372963511688401E-003
   18.949999999999999       -4.7582184210963416E-003
   19.000000000000000       -4.6804332212092561E-003
   19.050000000000001       -4.6039196185402795E-003
   19.100000000000001       -4.5286568255942551E-003
   19.150000000000002       -4.4546243947005621E-003
   19.200000000000003       -4.3818022124578115E-003
   19.250000000000000       -4.3101704942693679E-003
   19.300000000000001       -4.2397097789682080E-003
   19.350000000000001       -4.1704009235296307E-003
   19.400000000000002       -4.1022250978704211E-003
   19.450000000000003       -4.0351637797330165E-003
   19.500000000000000       -3.9691987496533205E-003
   19.550000000000001       -3.9043120860107754E-003
   19.600000000000001       -3.8404861601593447E-003
   19.650000000000002       -3.7777036316381045E-003
   19.700000000000003       -3.7159474434601244E-003
   19.750000000000000       -3.6552008174783601E-003
   19.800000000000001       -3.5954472498273124E-003
   19.850000000000001       -3.5366705064391909E-003
   19.900000000000002       -3.4788546186333888E-003
   19.950000000000003       -3.4219838787780512E-003
   20.000000000000000       -3.3660428360225664E-003
   20.050000000000001       -3.3110162920998326E-003
   20.100000000000001       -3.2568892971971243E-003
   20.150000000000002       -3.2036471458944831E-003
   20.200000000000003       -3.1512753731694925E-003
   20.250000000000000       -3.0997597504673667E-003
   20.300000000000001       -3.0490862818352894E-003
   20.350000000000001       -2.9992412001199364E-003
   20.400000000000002       -2.9502109632271682E-003
   20.450000000000003       -2.9019822504428700E-003
   20.500000000000000       -2.8545419588139193E-003
   20.550000000000001       -2.8078771995883388E-003
   20.600000000000001       -2.7619752947136305E-003
   20.650000000000002       -2.7168237733923547E-003
   20.700000000000003       -2.6724103686940181E-003
   20.750000000000000       -2.6287230142223498E-003
   20.800000000000001       -2.5857498408370632E-003
   20.850000000000001       -2.5434791734291963E-003
   20.900000000000002       -2.5018995277491822E-003
   20.950000000000003       -2.4609996072867640E-003
   21.000000000000000       -2.4207683002019161E-003
   21.050000000000001       -2.3811946763059423E-003
   21.100000000000001       -2.3422679840919202E-003
   21.150000000000002       -2.3039776478136925E-003
   21.200000000000003       -2.2663132646126112E-003
   21.250000000000000       -2.2292646016912471E-003
   21.300000000000001       -2.1928215935333121E-003
   21.350000000000001       -2.1569743391690165E-003
   21.400000000000002       -2.1217130994851418E-003
   21.450000000000003       -2.0870282945790815E-003
   21.500000000000000       -2.0529105011561364E-003
   21.550000000000001       -2.0193504499693648E-003
   21.600000000000001       -1.9863390233012734E-003
   21.650000000000002       -1.9538672524866858E-003
   21.700000000000003       -1.9219263154761025E-003
   21.750000000000000       -1.8905075344388914E-003
   21.800000000000001       -1.8596023734056689E-003
   21.850000000000001       -1.8292024359492097E-003
   21.900000000000002       -1.7992994629032811E-003
   21.950000000000003       -1.7698853301187580E-003
   22.000000000000000       -1.7409520462564252E-003
   22.050000000000001       -1.7124917506158635E-003
   22.100000000000001       -1.6844967109998228E-003
   22.150000000000002       -1.6569593216135140E-003
   22.200000000000003       -1.6298721009982342E-003
   22.250000000000000       -1.6032276899987795E-003
   22.300000000000001       -1.5770188497640854E-003
   22.350000000000001       -1.5512384597805428E-003
   22.400000000000002       -1.5258795159374767E-003
   22.450000000000003       -1.5009351286242396E-003
   22.500000000000000       -1.4763985208584194E-003
   22.550000000000001       -1.4522630264446441E-003
   22.600000000000001       -1.4285220881634848E-003
   22.650000000000002       -1.4051692559899644E-003
   22.700000000000003       -1.3821981853411951E-003
   22.750000000000000       -1.3596026353526562E-003
   22.800000000000001       -1.3373764671826536E-003
   22.850000000000001       -1.3155136423444976E-003
   22.900000000000002       -1.2940082210659435E-003
   22.950000000000003       -1.2728543606754540E-003
   23.000000000000000       -1.2520463140148401E-003
   23.050000000000001       -1.2315784278778522E-003
   23.100000000000001       -1.2114451414742960E-003
   23.150000000000002       -1.1916409849192580E-003
   23.200000000000003       -1.1721605777470247E-003
   23.250000000000000       -1.1529986274492997E-003
   23.300000000000001       -1.1341499280373164E-003
   23.350000000000001       -1.1156093586274544E-003
   23.400000000000002       -1.0973718820499795E-003
   23.450000000000003       -1.0794325434805266E-003
   23.500000000000000       -1.0617864690939574E-003
   23.550000000000001       -1.0444288647402180E-003
   23.600000000000001       -1.0273550146418487E-003
   23.650000000000002       -1.0105602801127843E-003
   23.700000000000003       -9.9404009829809912E-004
   23.750000000000000       -9.7778998093435215E-004
   23.800000000000001       -9.6180551313020286E-004
   23.850000000000001       -9.4608235216695304E-004
   23.900000000000002       -9.3061622631870390E-004
   23.950000000000003       -9.1540293369179668E-004
   24.000000000000000       -9.0043834108322724E-004
   24.050000000000001       -8.8571838285772368E-004
   24.100000000000001       -8.7123905984317620E-004
   24.150000000000002       -8.5699643824413147E-004
   24.200000000000003       -8.4298664857304173E-004
   24.250000000000000       -8.2920588459898972E-004
   24.300000000000001       -8.1565040231359792E-004
   24.350000000000001       -8.0231651891384144E-004
   24.400000000000002       -7.8920061180149173E-004
   24.450000000000003       -7.7629911759891578E-004
   24.500000000000000       -7.6360853118096351E-004
   24.550000000000001       -7.5112540472268468E-004
   24.600000000000001       -7.3884634676260911E-004
   24.650000000000002       -7.2676802128134293E-004
   24.700000000000003       -7.1488714679522700E-004
   24.750000000000000       -7.0320049546481031E-004
   24.800000000000001       -6.9170489221790027E-004
   24.850000000000001       -6.8039721388694582E-004
   24.900000000000002       -6.6927438836052546E-004
   24.950000000000003       -6.5833339374870312E-004
   25.000000000000000       -6.4757125756203149E-004
   25.050000000000001       -6.3698505590397444E-004
   25.100000000000001       -6.2657191267653247E-004
   25.150000000000002       -6.1632899879885295E-004
   25.200000000000003       -6.0625353143861692E-004
   25.250000000000000       -5.9634277325598705E-004
   25.300000000000001       -5.8659403165991857E-004
   25.350000000000001       -5.7700465807662585E-004
   25.400000000000002       -5.6757204723000725E-004
   25.450000000000003       -5.5829363643383593E-004
   25.500000000000000       -5.4916690489551835E-004
   25.550000000000001       -5.4018937303123714E-004
   25.600000000000001       -5.3135860179228777E-004
   25.650000000000002       -5.2267219200243008E-004
   25.700000000000003       -5.1412778370606962E-004
   25.750000000000000       -5.0572305552709803E-004
   25.800000000000001       -4.9745572403821247E-004
   25.850000000000001       -4.8932354314054475E-004
   25.900000000000002       -4.8132430345343441E-004
   25.950000000000003       -4.7345583171417503E-004
   26.000000000000000       -4.6571599018757517E-004
   26.050000000000001       -4.5810267608517005E-004
   26.100000000000001       -4.5061382099392865E-004
   26.150000000000002       -4.4324739031429935E-004
   26.200000000000003       -4.3600138270744228E-004
   26.250000000000000       -4.2887382955149897E-004
   26.300000000000001       -4.2186279440674937E-004
   26.350000000000001       -4.1496637248951315E-004
   26.400000000000002       -4.0818269015465103E-004
   26.450000000000003       -4.0150990438652566E-004
   26.500000000000000       -3.9494620229828492E-004
   26.550000000000001       -3.8848980063933017E-004
   26.600000000000001       -3.8213894531083538E-004
   26.650000000000002       -3.7589191088918835E-004
   26.700000000000003       -3.6974700015722050E-004
   26.750000000000000       -3.6370254364310073E-004
   26.800000000000001       -3.5775689916676788E-004
   26.850000000000001       -3.5190845139377631E-004
   26.900000000000002       -3.4615561139643653E-004
   26.950000000000003       -3.4049681622212936E-004
   27.000000000000000       -3.3493052846867712E-004
   27.050000000000001       -3.2945523586665686E-004
   27.100000000000001       -3.2406945086854130E-004
   27.150000000000002       -3.1877171024455639E-004
   27.200000000000003       -3.1356057468514588E-004
   27.250000000000000       -3.0843462840993402E-004
   27.300000000000001       -3.0339247878308190E-004
   27.350000000000001       -2.9843275593493049E-004
   27.400000000000002       -2.9355411238982939E-004
   27.450000000000003       -2.8875522270005037E-004
   27.500000000000000       -2.8403478308568387E-004
   27.550000000000001       -2.7939151108042438E-004
   27.600000000000001       -2.7482414518314433E-004
   27.650000000000002       -2.7033144451516546E-004
   27.700000000000003       -2.6591218848313224E-004
   27.750000000000000       -2.6156517644739658E-004
   27.800000000000001       -2.5728922739582359E-004
   27.850000000000001       -2.5308317962292990E-004
   27.900000000000002       -2.4894589041426731E-004
   27.950000000000003       -2.4487623573596590E-004
   28.000000000000000       -2.4087310992935241E-004
   28.050000000000001       -2.3693542541056107E-004
   28.100000000000001       -2.3306211237505433E-004
   28.150000000000002       -2.2925211850697482E-004
   28.200000000000003       -2.2550440869324839E-004
   28.250000000000000       -2.2181796474236040E-004
   28.300000000000001       -2.1819178510773036E-004
   28.350000000000001       -2.1462488461560747E-004
   28.400000000000002       -2.1111629419741525E-004
   28.450000000000003       -2.0766506062647156E-004
   28.500000000000000       -2.0427024625901225E-004
   28.550000000000001       -2.0093092877944898E-004
   28.600000000000001       -1.9764620094979090E-004
   28.650000000000002       -1.9441517036316284E-004
   28.700000000000003       -1.9123695920135326E-004
   28.750000000000000       -1.8811070399632514E-004
   28.800000000000001       -1.8503555539562598E-004
   28.850000000000001       -1.8201067793163235E-004
   28.900000000000002       -1.7903524979456735E-004
   28.950000000000003       -1.7610846260922807E-004
   29.000000000000000       -1.7322952121536333E-004
   29.050000000000001       -1.7039764345164169E-004
   29.100000000000001       -1.6761205994315093E-004
   29.150000000000002       -1.6487201389237132E-004
   29.200000000000003       -1.6217676087356656E-004
   29.250000000000000       -1.5952556863053490E-004
   29.300000000000001       -1.5691771687766751E-004
   29.350000000000001       -1.5435249710425849E-004
   29.400000000000002       -1.5182921238201402E-004
   29.450000000000003       -1.4934717717570844E-004
   29.500000000000000       -1.4690571715693555E-004
   29.550000000000001       -1.4450416902090456E-004
   29.600000000000001       -1.4214188030623097E-004
   29.650000000000002       -1.3981820921767348E-004
   29.700000000000003       -1.3753252445176888E-004
   29.750000000000000       -1.3528420502531701E-004
   29.800000000000001       -1.3307264010666977E-004
   29.850000000000001       -1.3089722884977845E-004
   29.900000000000002       -1.2875738023095313E-004
   29.950000000000003       -1.2665251288829181E-004
   30.000000000000000       -1.2458205496373339E-004
   30.050000000000001       -1.2254544394769341E-004
   30.100000000000001       -1.2054212652623946E-004
   30.150000000000002       -1.1857155843076468E-004
   30.200000000000003       -1.1663320429011887E-004
   30.250000000000000       -1.1472653748515693E-004
   30.300000000000001       -1.1285104000566514E-004
   30.350000000000001       -1.1100620230962611E-004
   30.400000000000002       -1.0919152318478459E-004
   30.450000000000003       -1.0740650961247630E-004
   30.500000000000000       -1.0565067663368289E-004
   30.550000000000001       -1.0392354721727638E-004
   30.600000000000001       -1.0222465213041761E-004
   30.650000000000002       -1.0055352981107342E-004
   30.700000000000003       -9.8909726242617677E-005
   30.750000000000000       -9.7292794830482494E-005
   30.800000000000001       -9.5702296280825760E-005
   30.850000000000001       -9.4137798481182090E-005
   30.900000000000002       -9.2598876383065060E-005
   30.950000000000003       -9.1085111886488341E-005
   31.000000000000000       -8.9596093726374888E-005
   31.050000000000001       -8.8131417360822918E-005
   31.100000000000001       -8.6690684861198377E-005
   31.150000000000002       -8.5273504804024369E-005
   31.200000000000003       -8.3879492164637686E-005
   31.250000000000000       -8.2508268212584050E-005
   31.300000000000001       -8.1159460408723055E-005
   31.350000000000001       -7.9832702304015457E-005
   31.400000000000002       -7.8527633439964980E-005
   31.450000000000003       -7.7243899250687591E-005
   31.500000000000000       -7.5981150966581768E-005
   31.550000000000001       -7.4739045519573493E-005
   31.600000000000001       -7.3517245449910296E-005
   31.650000000000002       -7.2315418814478826E-005
   31.700000000000003       -7.1133239096621501E-005
   31.750000000000000       -6.9970385117427175E-005
   31.800000000000001       -6.8826540948472087E-005
   31.850000000000001       -6.7701395825987243E-005
   31.900000000000002       -6.6594644066429062E-005
   31.950000000000003       -6.5505984983430042E-005
   32.000000000000000       -6.4435122806107327E-005
   32.050000000000004       -6.3381766598706479E-005
   32.100000000000001       -6.2345630181558968E-005
   32.149999999999999       -6.1326432053331929E-005
   32.200000000000003       -6.0323895314548836E-005
   32.250000000000000       -5.9337747592360316E-005
   32.300000000000004       -5.8367720966545103E-005
   32.350000000000001       -5.7413551896720281E-005
   32.399999999999999       -5.6474981150741804E-005
   32.450000000000003       -5.5551753734275376E-005
   32.500000000000000       -5.4643618821518488E-005
   32.550000000000004       -5.3750329687055365E-005
   32.600000000000001       -5.2871643638825528E-005
   32.649999999999999       -5.2007321952188445E-005
   32.700000000000003       -5.1157129805065864E-005
   32.750000000000000       -5.0320836214144511E-005
   32.800000000000004       -4.9498213972121779E-005
   32.850000000000001       -4.8689039585977082E-005
   32.899999999999999       -4.7893093216252565E-005
   32.950000000000003       -4.7110158617326265E-005
   33.000000000000000       -4.6340023078661696E-005
   33.050000000000004       -4.5582477367017929E-005
   33.100000000000001       -4.4837315669604257E-005
   33.149999999999999       -4.4104335538164314E-005
   33.200000000000003       -4.3383337833974135E-005
   33.250000000000000       -4.2674126673739422E-005
   33.300000000000004       -4.1976509376377299E-005
   33.350000000000001       -4.1290296410667915E-005
   33.399999999999999       -4.0615301343762013E-005
   33.450000000000003       -3.9951340790530125E-005
   33.500000000000000       -3.9298234363739802E-005
   33.550000000000004       -3.8655804625047426E-005
   33.600000000000001       -3.8023877036791009E-005
   33.649999999999999       -3.7402279914571277E-005
   33.700000000000003       -3.6790844380607750E-005
   33.750000000000000       -3.6189404317857388E-005
   33.800000000000004       -3.5597796324883392E-005
   33.850000000000001       -3.5015859671461617E-005
   33.899999999999999       -3.4443436254912846E-005
   33.950000000000003       -3.3880370557148877E-005
   34.000000000000000       -3.3326509602420760E-005
   34.050000000000004       -3.2781702915757850E-005
   34.100000000000001       -3.2245802482086113E-005
   34.149999999999999       -3.1718662706014987E-005
   34.200000000000003       -3.1200140372281378E-005
   34.250000000000000       -3.0690094606840468E-005
   34.300000000000004       -3.0188386838592534E-005
   34.350000000000001       -2.9694880761735409E-005
   34.399999999999999       -2.9209442298732495E-005
   34.450000000000003       -2.8731939563886003E-005
   34.500000000000000       -2.8262242827505819E-005
   34.550000000000004       -2.7800224480664076E-005
   34.600000000000001       -2.7345759000525831E-005
   34.649999999999999       -2.6898722916246646E-005
   34.700000000000003       -2.6458994775427501E-005
   34.750000000000000       -2.6026455111118199E-005
   34.800000000000004       -2.5600986409360157E-005
   34.850000000000001       -2.5182473077259740E-005
   34.899999999999999       -2.4770801411583619E-005
   34.950000000000003       -2.4365859567867420E-005
   35.000000000000000       -2.3967537530029432E-005
   35.050000000000004       -2.3575727080481011E-005
   35.100000000000001       -2.3190321770725648E-005
   35.149999999999999       -2.2811216892438653E-005
   35.200000000000003       -2.2438309449019622E-005
   35.250000000000000       -2.2071498127609909E-005
   35.300000000000004       -2.1710683271567612E-005
   35.350000000000001       -2.1355766853392464E-005
   35.399999999999999       -2.1006652448093404E-005
   35.450000000000003       -2.0663245206991456E-005
   35.500000000000000       -2.0325451831950861E-005
   35.550000000000004       -1.9993180550031570E-005
   35.600000000000001       -1.9666341088555974E-005
   35.649999999999999       -1.9344844650583342E-005
   35.700000000000003       -1.9028603890785093E-005
   35.750000000000000       -1.8717532891714527E-005
   35.800000000000004       -1.8411547140464466E-005
   35.850000000000001       -1.8110563505706450E-005
   35.899999999999999       -1.7814500215105339E-005
   35.950000000000003       -1.7523276833103094E-005
   36.000000000000000       -1.7236814239065755E-005
   36.050000000000004       -1.6955034605787650E-005
   36.100000000000001       -1.6677861378347024E-005
   36.149999999999999       -1.6405219253307309E-005
   36.200000000000003       -1.6137034158258424E-005
   36.250000000000000       -1.5873233231692499E-005
   36.300000000000004       -1.5613744803208594E-005
   36.350000000000001       -1.5358498374041035E-005
   36.399999999999999       -1.5107424597906039E-005
   36.450000000000003       -1.4860455262161472E-005
   36.500000000000000       -1.4617523269274566E-005
   36.550000000000004       -1.4378562618592657E-005
   36.600000000000001       -1.4143508388411838E-005
   36.649999999999999       -1.3912296718338832E-005
   36.700000000000003       -1.3684864791941145E-005
   36.750000000000000       -1.3461150819680873E-005
   36.800000000000004       -1.3241094022127509E-005
   36.850000000000001       -1.3024634613445130E-005
   36.899999999999999       -1.2811713785149598E-005
   36.950000000000003       -1.2602273690131243E-005
   37.000000000000000       -1.2396257426938735E-005
   37.050000000000004       -1.2193609024319914E-005
   37.100000000000001       -1.1994273426015296E-005
   37.149999999999999       -1.1798196475800198E-005
   37.200000000000003       -1.1605324902771374E-005
   37.250000000000000       -1.1415606306874173E-005
   37.300000000000004       -1.1228989144666314E-005
   37.350000000000001       -1.1045422715314360E-005
   37.399999999999999       -1.0864857146819150E-005
   37.450000000000003       -1.0687243382466381E-005
   37.500000000000000       -1.0512533167498685E-005
   37.550000000000004       -1.0340679036005626E-005
   37.600000000000001       -1.0171634298027969E-005
   37.649999999999999       -1.0005353026872793E-005
   37.700000000000003       -9.8417900466359592E-006
   37.750000000000000       -9.6809009199285374E-006
   37.800000000000004       -9.5226419358039226E-006
   37.850000000000001       -9.3669700978822582E-006
   37.899999999999999       -9.2138431126690454E-006
   37.950000000000003       -9.0632193780646672E-006
   38.000000000000000       -8.9150579720618029E-006
   38.050000000000004       -8.7693186416275712E-006
   38.100000000000001       -8.6259617917674356E-006
   38.149999999999999       -8.4849484747679117E-006
   38.200000000000003       -8.3462403796150923E-006
   38.250000000000000       -8.2097998215861695E-006
   38.300000000000004       -8.0755897320111324E-006
   38.350000000000001       -7.9435736482017842E-006
   38.400000000000006       -7.8137157035454546E-006
   38.450000000000003       -7.6859806177606094E-006
   38.500000000000000       -7.5603336873117778E-006
   38.550000000000004       -7.4367407759811747E-006
   38.600000000000001       -7.3151683055944430E-006
   38.650000000000006       -7.1955832468980139E-006
   38.700000000000003       -7.0779531105855964E-006
   38.750000000000000       -6.9622459384713658E-006
   38.800000000000004       -6.8484302948074540E-006
   38.850000000000001       -6.7364752577433529E-006
   38.900000000000006       -6.6263504109249669E-006
   38.950000000000003       -6.5180258352309858E-006
   39.000000000000000       -6.4114721006443409E-006
   39.050000000000004       -6.3066602582565584E-006
   39.100000000000001       -6.2035618324028055E-006
   39.150000000000006       -6.1021488129255284E-006
   39.200000000000003       -6.0023936475645380E-006
   39.250000000000000       -5.9042692344715207E-006
   39.300000000000004       -5.8077489148469115E-006
   39.350000000000001       -5.7128064656971155E-006
   39.400000000000006       -5.6194160927101722E-006
   39.450000000000003       -5.5275524232478471E-006
   39.500000000000000       -5.4371904994523043E-006
   39.550000000000004       -5.3483057714654700E-006
   39.600000000000001       -5.2608740907592275E-006
   39.650000000000006       -5.1748717035746667E-006
   39.700000000000003       -5.0902752444685648E-006
   39.750000000000000       -5.0070617299653891E-006
   39.800000000000004       -4.9252085523130553E-006
   39.850000000000001       -4.8446934733407672E-006
   39.900000000000006       -4.7654946184172807E-006
   39.950000000000003       -4.6875904705079116E-006
   40.000000000000000       -4.6109598643287221E-006
   40.050000000000004       -4.5355819805962423E-006
   40.100000000000001       -4.4614363403712243E-006
   40.150000000000006       -4.3885027994948444E-006
   40.200000000000003       -4.3167615431158655E-006
   40.250000000000000       -4.2461930803072650E-006
   40.300000000000004       -4.1767782387708682E-006
   40.350000000000001       -4.1084981596285488E-006
   40.400000000000006       -4.0413342922985783E-006
   40.450000000000003       -3.9752683894557379E-006
   40.500000000000000       -3.9102825020738222E-006
   40.550000000000004       -3.8463589745491710E-006
   40.600000000000001       -3.7834804399039423E-006
   40.650000000000006       -3.7216298150677820E-006
   40.700000000000003       -3.6607902962366294E-006
   40.750000000000000       -3.6009453543074095E-006
   40.800000000000004       -3.5420787303873347E-006
   40.850000000000001       -3.4841744313766355E-006
   40.900000000000006       -3.4272167256234916E-006
   40.950000000000003       -3.3711901386500072E-006
   41.000000000000000       -3.3160794489480377E-006
   41.050000000000004       -3.2618696838437684E-006
   41.100000000000001       -3.2085461154298671E-006
   41.150000000000006       -3.1560942565641664E-006
   41.200000000000003       -3.1044998569337361E-006
   41.250000000000000       -3.0537488991833095E-006
   41.300000000000004       -3.0038275951069961E-006
   41.350000000000001       -2.9547223819022485E-006
   41.400000000000006       -2.9064199184850766E-006
   41.450000000000003       -2.8589070818654873E-006
   41.500000000000000       -2.8121709635821854E-006
   41.550000000000004       -2.7661988661955572E-006
   41.600000000000001       -2.7209782998379790E-006
   41.650000000000006       -2.6764969788205280E-006
   41.700000000000003       -2.6327428182951595E-006
   41.750000000000000       -2.5897039309714532E-006
   41.800000000000004       -2.5473686238870287E-006
   41.850000000000001       -2.5057253952307588E-006
   41.900000000000006       -2.4647629312179166E-006
   41.950000000000003       -2.4244701030164027E-006
   42.000000000000000       -2.3848359637232282E-006
   42.050000000000004       -2.3458497453904144E-006
   42.100000000000001       -2.3075008560995192E-006
   42.150000000000006       -2.2697788770839890E-006
   42.200000000000003       -2.2326735598985450E-006
   42.250000000000000       -2.1961748236348517E-006
   42.300000000000004       -2.1602727521826988E-006
   42.350000000000001       -2.1249575915359520E-006
   42.400000000000006       -2.0902197471425566E-006
   42.450000000000003       -2.0560497812978464E-006
   42.500000000000000       -2.0224384105804790E-006
   42.550000000000004       -1.9893765033302789E-006
   42.600000000000001       -1.9568550771673164E-006
   42.650000000000006       -1.9248652965515403E-006
   42.700000000000003       -1.8933984703823067E-006
   42.750000000000000       -1.8624460496371509E-006
   42.800000000000004       -1.8319996250491548E-006
   42.850000000000001       -1.8020509248222872E-006
   42.900000000000006       -1.7725918123840934E-006
   42.950000000000003       -1.7436142841751195E-006
   43.000000000000000       -1.7151104674744779E-006
   43.050000000000004       -1.6870726182609570E-006
   43.100000000000001       -1.6594931191090956E-006
   43.150000000000006       -1.6323644771196553E-006
   43.200000000000003       -1.6056793218839208E-006
   43.250000000000000       -1.5794304034812811E-006
   43.300000000000004       -1.5536105905095440E-006
   43.350000000000001       -1.5282128681474506E-006
   43.400000000000006       -1.5032303362488640E-006
   43.450000000000003       -1.4786562074681098E-006
   43.500000000000000       -1.4544838054159682E-006
   43.550000000000004       -1.4307065628458073E-006
   43.600000000000001       -1.4073180198693682E-006
   43.650000000000006       -1.3843118222017200E-006
   43.700000000000003       -1.3616817194349041E-006
   43.750000000000000       -1.3394215633398017E-006
   43.800000000000004       -1.3175253061957580E-006
   43.850000000000001       -1.2959869991475175E-006
   43.900000000000006       -1.2748007905890163E-006
   43.950000000000003       -1.2539609245735958E-006
   44.000000000000000       -1.2334617392502069E-006
   44.050000000000004       -1.2132976653251781E-006
   44.100000000000001       -1.1934632245491282E-006
   44.150000000000006       -1.1739530282286161E-006
   44.200000000000003       -1.1547617757621207E-006
   44.250000000000000       -1.1358842531999539E-006
   44.300000000000004       -1.1173153318277173E-006
   44.350000000000001       -1.0990499667729103E-006
   44.400000000000006       -1.0810831956343259E-006
   44.450000000000003       -1.0634101371338425E-006
   44.500000000000000       -1.0460259897902643E-006
   44.550000000000004       -1.0289260306148358E-006
   44.600000000000001       -1.0121056138280807E-006
   44.650000000000006       -9.9556016959762461E-007
   44.700000000000003       -9.7928520279664083E-007
   44.750000000000000       -9.6327629178260193E-007
   44.800000000000004       -9.4752908719598954E-007
   44.850000000000001       -9.3203931077864500E-007
   44.900000000000006       -9.1680275421143656E-007
   44.950000000000003       -9.0181527797092753E-007
   45.000000000000000       -8.8707281020473622E-007
   45.050000000000004       -8.7257134562527998E-007
   45.100000000000001       -8.5830694442160312E-007
   45.150000000000006       -8.4427573118899577E-007
   45.200000000000003       -8.3047389387610840E-007
   45.250000000000000       -8.1689768274928103E-007
   45.300000000000004       -8.0354340937380203E-007
   45.350000000000001       -7.9040744561181919E-007
   45.400000000000006       -7.7748622263663543E-007
   45.450000000000003       -7.6477622996311609E-007
   45.500000000000000       -7.5227401449394764E-007
   45.550000000000004       -7.3997617958148833E-007
   45.600000000000001       -7.2787938410495291E-007
   45.650000000000006       -7.1598034156268616E-007
   45.700000000000003       -7.0427581917927350E-007
   45.750000000000000       -6.9276263702724857E-007
   45.800000000000004       -6.8143766716316004E-007
   45.850000000000001       -6.7029783277775829E-007
   45.900000000000006       -6.5934010736007899E-007
   45.950000000000003       -6.4856151387518807E-007
   46.000000000000000       -6.3795912395537029E-007
   46.050000000000004       -6.2753005710453986E-007
   46.100000000000001       -6.1727147991565615E-007
   46.150000000000006       -6.0718060530093422E-007
   46.200000000000003       -5.9725469173463755E-007
   46.250000000000000       -5.8749104250825142E-007
   46.300000000000004       -5.7788700499783020E-007
   46.350000000000001       -5.6843996994332330E-007
   46.400000000000006       -5.5914737073968218E-007
   46.450000000000003       -5.5000668273955497E-007
   46.500000000000000       -5.4101542256738134E-007
   46.550000000000004       -5.3217114744470036E-007
   46.600000000000001       -5.2347145452648682E-007
   46.650000000000006       -5.1491398024833802E-007
   46.700000000000003       -5.0649639968433147E-007
   46.750000000000000       -4.9821642591538101E-007
   46.800000000000004       -4.9007180940791814E-007
   46.850000000000001       -4.8206033740272999E-007
   46.900000000000006       -4.7417983331378971E-007
   46.950000000000003       -4.6642815613691267E-007
   47.000000000000000       -4.5880319986808136E-007
   47.050000000000004       -4.5130289293127829E-007
   47.100000000000001       -4.4392519761567222E-007
   47.150000000000006       -4.3666810952200621E-007
   47.200000000000003       -4.2952965701803427E-007
   47.250000000000000       -4.2250790070286163E-007
   47.300000000000004       -4.1560093288004149E-007
   47.350000000000001       -4.0880687703928382E-007
   47.400000000000006       -4.0212388734663957E-007
   47.450000000000003       -3.9555014814301709E-007
   47.500000000000000       -3.8908387345089724E-007
   47.550000000000004       -3.8272330648911256E-007
   47.600000000000001       -3.7646671919555862E-007
   47.650000000000006       -3.7031241175770765E-007
   47.700000000000003       -3.6425871215079716E-007
   47.750000000000000       -3.5830397568356844E-007
   47.800000000000004       -3.5244658455143090E-007
   47.850000000000001       -3.4668494739693020E-007
   47.900000000000006       -3.4101749887740352E-007
   47.950000000000003       -3.3544269923970062E-007
   48.000000000000000       -3.2995903390185870E-007
   48.050000000000004       -3.2456501304161506E-007
   48.100000000000001       -3.1925917119164636E-007
   48.150000000000006       -3.1404006684142564E-007
   48.200000000000003       -3.0890628204558709E-007
   48.250000000000000       -3.0385642203869359E-007
   48.300000000000004       -2.9888911485630215E-007
   48.350000000000001       -2.9400301096222241E-007
   48.400000000000006       -2.8919678288187125E-007
   48.450000000000003       -2.8446912484161840E-007
   48.500000000000000       -2.7981875241402997E-007
   48.550000000000004       -2.7524440216890965E-007
   48.600000000000001       -2.7074483133004607E-007
   48.650000000000006       -2.6631881743757062E-007
   48.700000000000003       -2.6196515801583483E-007
   48.750000000000000       -2.5768267024671763E-007
   48.800000000000004       -2.5347019064827297E-007
   48.850000000000001       -2.4932657475863085E-007
   48.900000000000006       -2.4525069682506540E-007
   48.950000000000003       -2.4124144949814656E-007
   49.000000000000000       -2.3729774353089156E-007
   49.050000000000004       -2.3341850748283384E-007
   49.100000000000001       -2.2960268742893023E-007
   49.150000000000006       -2.2584924667322707E-007
   49.200000000000003       -2.2215716546720655E-007
   49.250000000000000       -2.1852544073273796E-007
   49.300000000000004       -2.1495308578955755E-007
   49.350000000000001       -2.1143913008720343E-007
   49.400000000000006       -2.0798261894133374E-007
   49.450000000000003       -2.0458261327435326E-007
   49.500000000000000       -2.0123818936028241E-007
   49.550000000000004       -1.9794843857379549E-007
   49.600000000000001       -1.9471246714336224E-007
   49.650000000000006       -1.9152939590842438E-007
   49.700000000000003       -1.8839836008054256E-007
   49.750000000000000       -1.8531850900844705E-007
   49.800000000000004       -1.8228900594692997E-007
   49.850000000000001       -1.7930902782951498E-007
   49.900000000000006       -1.7637776504484403E-007
   49.950000000000003       -1.7349442121671870E-007
   50.000000000000000       -1.7065821298773798E-007
   50.050000000000004       -1.6786836980647316E-007
   50.100000000000001       -1.6512413371812104E-007
   50.150000000000006       -1.6242475915858045E-007
   50.200000000000003       -1.5976951275189446E-007
   50.250000000000000       -1.5715767311100424E-007
   50.300000000000004       -1.5458853064175978E-007
   50.350000000000001       -1.5206138735013494E-007
   50.400000000000006       -1.4957555665259380E-007
   50.450000000000003       -1.4713036318955717E-007
   50.500000000000000       -1.4472514264191858E-007
   50.550000000000004       -1.4235924155055928E-007
   50.600000000000001       -1.4003201713881425E-007
   50.650000000000006       -1.3774283713784035E-007
   50.700000000000003       -1.3549107961483922E-007
   50.750000000000000       -1.3327613280408820E-007
   50.800000000000004       -1.3109739494073353E-007
   50.850000000000001       -1.2895427409730092E-007
   50.900000000000006       -1.2684618802287830E-007
   50.950000000000003       -1.2477256398492777E-007
   51.000000000000000       -1.2273283861368361E-007
   51.050000000000004       -1.2072645774909406E-007
   51.100000000000001       -1.1875287629026466E-007
   51.150000000000006       -1.1681155804736373E-007
   51.200000000000003       -1.1490197559594804E-007
   51.250000000000000       -1.1302361013367032E-007
   51.300000000000004       -1.1117595133932915E-007
   51.350000000000001       -1.0935849723422299E-007
   51.400000000000006       -1.0757075404577079E-007
   51.450000000000003       -1.0581223607336204E-007
   51.500000000000000       -1.0408246555639989E-007
   51.550000000000004       -1.0238097254450130E-007
   51.600000000000001       -1.0070729476981930E-007
   51.650000000000006       -9.9060977521452380E-008
   51.700000000000003       -9.7441573521906861E-008
   51.750000000000000       -9.5848642805578981E-008
   51.800000000000004       -9.4281752599223477E-008
   51.850000000000001       -9.2740477204376098E-008
   51.900000000000006       -9.1224397881698308E-008
   51.950000000000003       -8.9733102737212584E-008
   52.000000000000000       -8.8266186610397648E-008
   52.050000000000004       -8.6823250964113007E-008
   52.100000000000001       -8.5403903776322763E-008
   52.150000000000006       -8.4007759433589779E-008
   52.200000000000003       -8.2634438626310731E-008
   52.250000000000000       -8.1283568245663943E-008
   52.300000000000004       -7.9954781282241797E-008
   52.350000000000001       -7.8647716726340248E-008
   52.400000000000006       -7.7362019469878442E-008
   52.450000000000003       -7.6097340209921498E-008
   52.500000000000000       -7.4853335353780873E-008
   52.550000000000004       -7.3629666925665607E-008
   52.600000000000001       -7.2426002474859955E-008
   52.650000000000006       -7.1242014985401902E-008
   52.700000000000003       -7.0077382787238293E-008
   52.750000000000000       -6.8931789468832313E-008
   52.800000000000004       -6.7804923791199701E-008
   52.850000000000001       -6.6696479603350112E-008
   52.900000000000006       -6.5606155759110972E-008
   52.950000000000003       -6.4533656035310961E-008
   53.000000000000000       -6.3478689051301019E-008
   53.050000000000004       -6.2440968189790979E-008
   53.100000000000001       -6.1420211518980330E-008
   53.150000000000006       -6.0416141715961942E-008
   53.200000000000003       -5.9428485991378009E-008
   53.250000000000000       -5.8456976015307590E-008
   53.300000000000004       -5.7501347844365814E-008
   53.350000000000001       -5.6561341849994683E-008
   53.400000000000006       -5.5636702647926314E-008
   53.450000000000003       -5.4727179028799191E-008
   53.500000000000000       -5.3832523889908650E-008
   53.550000000000004       -5.2952494168073189E-008
   53.600000000000001       -5.2086850773598063E-008
   53.650000000000006       -5.1235358525318621E-008
   53.700000000000003       -5.0397786086705373E-008
   53.750000000000000       -4.9573905903013643E-008
   53.800000000000004       -4.8763494139460716E-008
   53.850000000000001       -4.7966330620413458E-008
   53.900000000000006       -4.7182198769570344E-008
   53.950000000000003       -4.6410885551121124E-008
   54.000000000000000       -4.5652181411868479E-008
   54.050000000000004       -4.4905880224295899E-008
   54.100000000000001       -4.4171779230566126E-008
   54.150000000000006       -4.3449678987435241E-008
   54.200000000000003       -4.2739383312067124E-008
   54.250000000000000       -4.2040699228733842E-008
   54.300000000000004       -4.1353436916387277E-008
   54.350000000000001       -4.0677409657087790E-008
   54.400000000000006       -4.0012433785276123E-008
   54.450000000000003       -3.9358328637874386E-008
   54.500000000000000       -3.8714916505202848E-008
   54.550000000000004       -3.8082022582699180E-008
   54.600000000000001       -3.7459474923426839E-008
   54.650000000000006       -3.6847104391359979E-008
   54.700000000000003       -3.6244744615431861E-008
   54.750000000000000       -3.5652231944334618E-008
   54.800000000000004       -3.5069405402057861E-008
   54.850000000000001       -3.4496106644154124E-008
   54.900000000000006       -3.3932179914719254E-008
   54.950000000000003       -3.3377472004076055E-008
   55.000000000000000       -3.2831832207149800E-008
   55.050000000000004       -3.2295112282524036E-008
   55.100000000000001       -3.1767166412165877E-008
   55.150000000000006       -3.1247851161809582E-008
   55.200000000000003       -3.0737025441987851E-008
   55.250000000000000       -3.0234550469700099E-008
   55.300000000000004       -2.9740289730707365E-008
   55.350000000000001       -2.9254108942443661E-008
   55.400000000000006       -2.8775876017533575E-008
   55.450000000000003       -2.8305461027906284E-008
   55.500000000000000       -2.7842736169496244E-008
   55.550000000000004       -2.7387575727520887E-008
   55.600000000000001       -2.6939856042325961E-008
   55.650000000000006       -2.6499455475789266E-008
   55.700000000000003       -2.6066254378273530E-008
   55.750000000000000       -2.5640135056119572E-008
   55.800000000000004       -2.5220981739670841E-008
   55.850000000000001       -2.4808680551820708E-008
   55.900000000000006       -2.4403119477073912E-008
   55.950000000000003       -2.4004188331113783E-008
   56.000000000000000       -2.3611778730866970E-008
   56.050000000000004       -2.3225784065057507E-008
   56.100000000000001       -2.2846099465242286E-008
   56.150000000000006       -2.2472621777320035E-008
   56.200000000000003       -2.2105249533505993E-008
   56.250000000000000       -2.1743882924764808E-008
   56.300000000000004       -2.1388423773694041E-008
   56.350000000000001       -2.1038775507850950E-008
   56.400000000000006       -2.0694843133515375E-008
   56.450000000000003       -2.0356533209881455E-008
   56.500000000000000       -2.0023753823671314E-008
   56.550000000000004       -1.9696414564163720E-008
   56.600000000000001       -1.9374426498630970E-008
   56.650000000000006       -1.9057702148177319E-008
   56.700000000000003       -1.8746155463972393E-008
   56.750000000000000       -1.8439701803873120E-008
   56.800000000000004       -1.8138257909427868E-008
   56.850000000000001       -1.7841741883256449E-008
   56.900000000000006       -1.7550073166799980E-008
   56.950000000000003       -1.7263172518434389E-008
   57.000000000000000       -1.6980961991941814E-008
   57.050000000000004       -1.6703364915333850E-008
   57.100000000000001       -1.6430305870021041E-008
   57.150000000000006       -1.6161710670322885E-008
   57.200000000000003       -1.5897506343312766E-008
   57.250000000000000       -1.5637621108992443E-008
   57.300000000000004       -1.5381984360790593E-008
   57.350000000000001       -1.5130526646380119E-008
   57.400000000000006       -1.4883179648809118E-008
   57.450000000000003       -1.4639876167940302E-008
   57.500000000000000       -1.4400550102193769E-008
   57.550000000000004       -1.4165136430588327E-008
   57.600000000000001       -1.3933571195076326E-008
   57.650000000000006       -1.3705791483167331E-008
   57.700000000000003       -1.3481735410835789E-008
   57.750000000000000       -1.3261342105708192E-008
   57.800000000000004       -1.3044551690525018E-008
   57.850000000000001       -1.2831305266873071E-008
   57.900000000000006       -1.2621544899183733E-008
   57.950000000000003       -1.2415213598992837E-008
   58.000000000000000       -1.2212255309457807E-008
   58.050000000000004       -1.2012614890127956E-008
   58.100000000000001       -1.1816238101963701E-008
   58.150000000000006       -1.1623071592600726E-008
   58.200000000000003       -1.1433062881854997E-008
   58.250000000000000       -1.1246160347464772E-008
   58.300000000000004       -1.1062313211065659E-008
   58.350000000000001       -1.0881471524394972E-008
   58.400000000000006       -1.0703586155721612E-008
   58.450000000000003       -1.0528608776497758E-008
   58.500000000000000       -1.0356491848228813E-008
   58.550000000000004       -1.0187188609557956E-008
   58.600000000000001       -1.0020653063561843E-008
   58.650000000000006       -9.8568399652540208E-009
   58.700000000000003       -9.6957048092925683E-009
   58.750000000000000       -9.5372038178887453E-009
   58.800000000000004       -9.3812939289132802E-009
   58.850000000000001       -9.2279327841970850E-009
   58.900000000000006       -9.0770787180232409E-009
   58.950000000000003       -8.9286907458070975E-009
   59.000000000000000       -8.7827285529614343E-009
   59.050000000000004       -8.6391524839436512E-009
   59.100000000000001       -8.4979235314819910E-009
   59.150000000000006       -8.3590033259779182E-009
   59.200000000000003       -8.2223541250817121E-009
   59.250000000000000       -8.0879388034384936E-009
   59.300000000000004       -7.9557208426018800E-009
   59.350000000000001       -7.8256643211125019E-009
   59.400000000000006       -7.6977339047387408E-009
   59.450000000000003       -7.5718948368770098E-009
   59.500000000000000       -7.4481129291089179E-009
   59.550000000000004       -7.3263545519128686E-009
   59.600000000000001       -7.2065866255274507E-009
   59.650000000000006       -7.0887766109642109E-009
   59.700000000000003       -6.9728925011673457E-009
   59.750000000000000       -6.8589028123179039E-009
   59.800000000000004       -6.7467765752801473E-009
   59.850000000000001       -6.6364833271877476E-009
   59.900000000000006       -6.5279931031675153E-009
   59.950000000000003       -6.4212764281984420E-009
   60.000000000000000       -6.3163043091038104E-009
   60.050000000000004       -6.2130482266742318E-009
   60.100000000000001       -6.1114801279194328E-009
   60.150000000000006       -6.0115724184467213E-009
   60.200000000000003       -5.9132979549640395E-009
   60.250000000000000       -5.8166300379055818E-009
   60.300000000000004       -5.7215424041779474E-009
   60.350000000000001       -5.6280092200248925E-009
   60.400000000000006       -5.5360050740087252E-009
   60.450000000000003       -5.4455049701064278E-009
   60.500000000000000       -5.3564843209186448E-009
   60.550000000000004       -5.2689189409896933E-009
   60.600000000000001       -5.1827850402367675E-009
   60.650000000000006       -5.0980592174865603E-009
   60.700000000000003       -5.0147184541175473E-009
   60.750000000000000       -4.9327401078062078E-009
   60.800000000000004       -4.8521019063754702E-009
   60.850000000000001       -4.7727819417437266E-009
   60.900000000000006       -4.6947586639727672E-009
   60.950000000000003       -4.6180108754130098E-009
   61.000000000000000       -4.5425177249444542E-009
   61.050000000000004       -4.4682587023117635E-009
   61.100000000000001       -4.3952136325519626E-009
   61.150000000000006       -4.3233626705132436E-009
   61.200000000000003       -4.2526862954633447E-009
   61.250000000000000       -4.1831653057861018E-009
   61.300000000000004       -4.1147808137646721E-009
   61.350000000000001       -4.0475142404500550E-009
   61.400000000000006       -3.9813473106134966E-009
   61.450000000000003       -3.9162620477814008E-009
   61.500000000000000       -3.8522407693514290E-009
   61.550000000000004       -3.7892660817884108E-009
   61.600000000000001       -3.7273208758988163E-009
   61.650000000000006       -3.6663883221824612E-009
   61.700000000000003       -3.6064518662602076E-009
   61.750000000000000       -3.5474952243764151E-009
   61.800000000000004       -3.4895023789749022E-009
   61.850000000000001       -3.4324575743472428E-009
   61.900000000000006       -3.3763453123522008E-009
   61.950000000000003       -3.3211503482051285E-009
   62.000000000000000       -3.2668576863362176E-009
   62.050000000000004       -3.2134525763164450E-009
   62.100000000000001       -3.1609205088501183E-009
   62.150000000000006       -3.1092472118329412E-009
   62.200000000000003       -3.0584186464745155E-009
   62.250000000000000       -3.0084210034842321E-009
   62.300000000000004       -2.9592406993195091E-009
   62.350000000000001       -2.9108643724953697E-009
   62.400000000000006       -2.8632788799543388E-009
   62.450000000000003       -2.8164712934956972E-009
   62.500000000000000       -2.7704288962630933E-009
   62.550000000000004       -2.7251391792895867E-009
   62.600000000000001       -2.6805898380991595E-009
   62.650000000000006       -2.6367687693638004E-009
   62.700000000000003       -2.5936640676152185E-009
   62.750000000000000       -2.5512640220103325E-009
   62.800000000000004       -2.5095571131496150E-009
   62.850000000000001       -2.4685320099474683E-009
   62.900000000000006       -2.4281775665537504E-009
   62.950000000000003       -2.3884828193256304E-009
   63.000000000000000       -2.3494369838489432E-009
   63.050000000000004       -2.3110294520082451E-009
   63.100000000000001       -2.2732497891047584E-009
   63.150000000000006       -2.2360877310214352E-009
   63.200000000000003       -2.1995331814343658E-009
   63.250000000000000       -2.1635762090697713E-009
   63.300000000000004       -2.1282070450058387E-009
   63.350000000000001       -2.0934160800186644E-009
   63.400000000000006       -2.0591938619715871E-009
   63.450000000000003       -2.0255310932471929E-009
   63.500000000000000       -1.9924186282213085E-009
   63.550000000000004       -1.9598474707782828E-009
   63.600000000000001       -1.9278087718668882E-009
   63.650000000000006       -1.8962938270961802E-009
   63.700000000000003       -1.8652940743706557E-009
   63.750000000000000       -1.8348010915640699E-009
   63.800000000000004       -1.8048065942312873E-009
   63.850000000000001       -1.7753024333575254E-009
   63.900000000000006       -1.7462805931444078E-009
   63.950000000000003       -1.7177331888321986E-009
   64.000000000000000       -1.6896524645576434E-009
   64.049999999999997       -1.6620307912468293E-009
   64.100000000000009       -1.6348606645424883E-009
   64.150000000000006       -1.6081347027651853E-009
   64.200000000000003       -1.5818456449078386E-009
   64.250000000000000       -1.5559863486630228E-009
   64.299999999999997       -1.5305497884825187E-009
   64.350000000000009       -1.5055290536685884E-009
   64.400000000000006       -1.4809173464964493E-009
   64.450000000000003       -1.4567079803674478E-009
   64.500000000000000       -1.4328943779924160E-009
   64.549999999999997       -1.4094700696047303E-009
   64.600000000000009       -1.3864286912025815E-009
   64.650000000000006       -1.3637639828199811E-009
   64.700000000000003       -1.3414697868260288E-009
   64.750000000000000       -1.3195400462519861E-009
   64.799999999999997       -1.2979688031456970E-009
   64.850000000000009       -1.2767501969529084E-009
   64.900000000000006       -1.2558784629250539E-009
   64.950000000000003       -1.2353479305530666E-009
   65.000000000000000       -1.2151530220267932E-009
   65.049999999999997       -1.1952882507195960E-009
   65.100000000000009       -1.1757482196977239E-009
   65.150000000000006       -1.1565276202540552E-009
   65.200000000000003       -1.1376212304658075E-009
   65.250000000000000       -1.1190239137758276E-009
   65.299999999999997       -1.1007306175970735E-009
   65.350000000000009       -1.0827363719399063E-009
   65.400000000000006       -1.0650362880618280E-009
   65.450000000000003       -1.0476255571392888E-009
   65.500000000000000       -1.0304994489612085E-009
   65.549999999999997       -1.0136533106438561E-009
   65.600000000000009       -9.9708256536673547E-010
   65.650000000000006       -9.8078271112914049E-010
   65.700000000000003       -9.6474931952703288E-010
   65.750000000000000       -9.4897803454991924E-010
   65.799999999999997       -9.3346457139739146E-010
   65.850000000000009       -9.1820471531502016E-010
   65.900000000000006       -9.0319432044927020E-010
   65.950000000000003       -8.8842930872114458E-010
   66.000000000000000       -8.7390566871823378E-010
   66.049999999999997       -8.5961945460488284E-010
   66.100000000000009       -8.4556678505017001E-010
   66.150000000000006       -8.3174384217341397E-010
   66.200000000000003       -8.1814687050691823E-010
   66.250000000000000       -8.0477217597567129E-010
   66.299999999999997       -7.9161612489372674E-010
   66.350000000000009       -7.7867514297699129E-010
   66.400000000000006       -7.6594571437214817E-010
   66.450000000000003       -7.5342438070145923E-010
   66.500000000000000       -7.4110774012317929E-010
   66.549999999999997       -7.2899244640733161E-010
   66.600000000000009       -7.1707520802659152E-010
   66.650000000000006       -7.0535278726203224E-010
   66.700000000000003       -6.9382199932348982E-010
   66.750000000000000       -6.8247971148430825E-010
   66.799999999999997       -6.7132284223022736E-010
   66.850000000000009       -6.6034836042218754E-010
   66.900000000000006       -6.4955328447281665E-010
   66.950000000000003       -6.3893468153638371E-010
   67.000000000000000       -6.2848966671199092E-010
   67.049999999999997       -6.1821540225979441E-010
   67.100000000000009       -6.0810909683003576E-010
   67.150000000000006       -5.9816800470467855E-010
   67.200000000000003       -5.8838942505144101E-010
   67.250000000000000       -5.7877070119002491E-010
   67.299999999999997       -5.6930921987033831E-010
   67.350000000000009       -5.6000241056251809E-010
   67.400000000000006       -5.5084774475855942E-010
   67.450000000000003       -5.4184273528536092E-010
   67.500000000000000       -5.3298493562900129E-010
   67.549999999999997       -5.2427193927006052E-010
   67.600000000000009       -5.1570137902980848E-010
   67.650000000000006       -5.0727092642708046E-010
   67.700000000000003       -4.9897829104566796E-010
   67.750000000000000       -4.9082121991204891E-010
   67.799999999999997       -4.8279749688329239E-010
   67.850000000000009       -4.7490494204496870E-010
   67.900000000000006       -4.6714141111890124E-010
   67.950000000000003       -4.5950479488060276E-010
   68.000000000000000       -4.5199301858623265E-010
   68.049999999999997       -4.4460404140892262E-010
   68.100000000000009       -4.3733585588431827E-010
   68.150000000000006       -4.3018648736518285E-010
   68.200000000000003       -4.2315399348491887E-010
   68.250000000000000       -4.1623646362985800E-010
   68.299999999999997       -4.0943201842017933E-010
   68.350000000000009       -4.0273880919931163E-010
   68.400000000000006       -3.9615501753168442E-010
   68.450000000000003       -3.8967885470868845E-010
   68.500000000000000       -3.8330856126271275E-010
   68.549999999999997       -3.7704240648912609E-010
   68.600000000000009       -3.7087868797607259E-010
   68.650000000000006       -3.6481573114195462E-010
   68.700000000000003       -3.5885188878047599E-010
   68.750000000000000       -3.5298554061312330E-010
   68.799999999999997       -3.4721509284896250E-010
   68.850000000000009       -3.4153897775163179E-010
   68.900000000000006       -3.3595565321341346E-010
   68.950000000000003       -3.3046360233626853E-010
   69.000000000000000       -3.2506133301972017E-010
   69.049999999999997       -3.1974737755547426E-010
   69.100000000000009       -3.1452029222866767E-010
   69.150000000000006       -3.0937865692563338E-010
   69.200000000000003       -3.0432107474807994E-010
   69.250000000000000       -2.9934617163357677E-010
   69.299999999999997       -2.9445259598224289E-010
   69.350000000000009       -2.8963901828954096E-010
   69.400000000000006       -2.8490413078507093E-010
   69.450000000000003       -2.8024664707727157E-010
   69.500000000000000       -2.7566530180392809E-010
   69.549999999999997       -2.7115885028839421E-010
   69.600000000000009       -2.6672606820143383E-010
   69.650000000000006       -2.6236575122859072E-010
   69.700000000000003       -2.5807671474299602E-010
   69.750000000000000       -2.5385779348352429E-010
   69.799999999999997       -2.4970784123821157E-010
   69.850000000000009       -2.4562573053284769E-010
   69.900000000000006       -2.4161035232466048E-010
   69.950000000000003       -2.3766061570100676E-010
   70.000000000000000       -2.3377544758298910E-010
   70.049999999999997       -2.2995379243391805E-010
   70.100000000000009       -2.2619461197253987E-010
   70.150000000000006       -2.2249688489095259E-010
   70.200000000000003       -2.1885960657713314E-010
   70.250000000000000       -2.1528178884200121E-010
   70.299999999999997       -2.1176245965094364E-010
   70.350000000000009       -2.0830066285972932E-010
   70.400000000000006       -2.0489545795473969E-010
   70.450000000000003       -2.0154591979744708E-010
   70.500000000000000       -1.9825113837306958E-010
   70.549999999999997       -1.9501021854333471E-010
   70.600000000000009       -1.9182227980328512E-010
   70.650000000000006       -1.8868645604205975E-010
   70.700000000000003       -1.8560189530758564E-010
   70.750000000000000       -1.8256775957511645E-010
   70.799999999999997       -1.7958322451955510E-010
   70.850000000000009       -1.7664747929149775E-010
   70.900000000000006       -1.7375972629693932E-010
   70.950000000000003       -1.7091918098058046E-010
   71.000000000000000       -1.6812507161267655E-010
   71.049999999999997       -1.6537663907937122E-010
   71.100000000000009       -1.6267313667645788E-010
   71.150000000000006       -1.6001382990651197E-010
   71.200000000000003       -1.5739799627934024E-010
   71.250000000000000       -1.5482492511569187E-010
   71.299999999999997       -1.5229391735417879E-010
   71.350000000000009       -1.4980428536135178E-010
   71.400000000000006       -1.4735535274488175E-010
   71.450000000000003       -1.4494645416979532E-010
   71.500000000000000       -1.4257693517771377E-010
   71.549999999999997       -1.4024615200904758E-010
   71.600000000000009       -1.3795347142809770E-010
   71.650000000000006       -1.3569827055101518E-010
   71.700000000000003       -1.3347993667657432E-010
   71.750000000000000       -1.3129786711971164E-010
   71.799999999999997       -1.2915146904778607E-010
   71.850000000000009       -1.2704015931951614E-010
   71.900000000000006       -1.2496336432654987E-010
   71.950000000000003       -1.2292051983762490E-010
   72.000000000000000       -1.2091107084527610E-010
   72.049999999999997       -1.1893447141504896E-010
   72.100000000000009       -1.1699018453717823E-010
   72.150000000000006       -1.1507768198069103E-010
   72.200000000000003       -1.1319644414989532E-010
   72.250000000000000       -1.1134595994321404E-010
   72.299999999999997       -1.0952572661432728E-010
   72.350000000000009       -1.0773524963558437E-010
   72.400000000000006       -1.0597404256364858E-010
   72.450000000000003       -1.0424162690733865E-010
   72.500000000000000       -1.0253753199763046E-010
   72.549999999999997       -1.0086129485978393E-010
   72.600000000000009       -9.9212460087560400E-011
   72.650000000000006       -9.7590579719496044E-011
   72.700000000000003       -9.5995213117198310E-011
   72.750000000000000       -9.4425926845631488E-011
   72.799999999999997       -9.2882294555359550E-011
   72.850000000000009       -9.1363896866714012E-011
   72.900000000000006       -8.9870321255855177E-011
   72.950000000000003       -8.8401161942696325E-011
   73.000000000000000       -8.6956019780659896E-011
   73.049999999999997       -8.5534502148235718E-011
   73.100000000000009       -8.4136222842312366E-011
   73.150000000000006       -8.2760801973251866E-011
   73.200000000000003       -8.1407865861680088E-011
   73.250000000000000       -8.0077046936964059E-011
   73.299999999999997       -7.8767983637349029E-011
   73.350000000000009       -7.7480320311728162E-011
   73.400000000000006       -7.6213707123017734E-011
   73.450000000000003       -7.4967799953112376E-011
   73.500000000000000       -7.3742260309393513E-011
   73.549999999999997       -7.2536755232766760E-011
   73.600000000000009       -7.1350957207202095E-011
   73.650000000000006       -7.0184544070753304E-011
   73.700000000000003       -6.9037198928031752E-011
   73.750000000000000       -6.7908610064111099E-011
   73.799999999999997       -6.6798470859839474E-011
   73.850000000000009       -6.5706479708536070E-011
   73.900000000000006       -6.4632339934049401E-011
   73.950000000000003       -6.3575759710155497E-011
   74.000000000000000       -6.2536451981273243E-011
   74.049999999999997       -6.1514134384476196E-011
   74.100000000000009       -6.0508529172779176E-011
   74.150000000000006       -5.9519363139678913E-011
   74.200000000000003       -5.8546367544928322E-011
   74.250000000000000       -5.7589278041524190E-011
   74.299999999999997       -5.6647834603888411E-011
   74.350000000000009       -5.5721781457223240E-011
   74.400000000000006       -5.4810867008021492E-011
   74.450000000000003       -5.3914843775712739E-011
   74.500000000000000       -5.3033468325426814E-011
   74.549999999999997       -5.2166501201856557E-011
   74.600000000000009       -5.1313706864201794E-011
   74.650000000000006       -5.0474853622176568E-011
   74.700000000000003       -4.9649713573062896E-011
   74.750000000000000       -4.8838062539793177E-011
   74.799999999999997       -4.8039680010044964E-011
   74.850000000000009       -4.7254349076331447E-011
   74.900000000000006       -4.6481856377071138E-011
   74.950000000000003       -4.5721992038621074E-011
   75.000000000000000       -4.4974549618257573E-011
   75.049999999999997       -4.4239326048089094E-011
   75.100000000000009       -4.3516121579886030E-011
   75.150000000000006       -4.2804739730812358E-011
   75.200000000000003       -4.2104987230044485E-011
   75.250000000000000       -4.1416673966262718E-011
   75.299999999999997       -4.0739612936001142E-011
   75.350000000000009       -4.0073620192841785E-011
   75.400000000000006       -3.9418514797439417E-011
   75.450000000000003       -3.8774118768363300E-011
   75.500000000000000       -3.8140257033742503E-011
   75.549999999999997       -3.7516757383701775E-011
   75.600000000000009       -3.6903450423574923E-011
   75.650000000000006       -3.6300169527883002E-011
   75.700000000000003       -3.5706750795064960E-011
   75.750000000000000       -3.5123033002948256E-011
   75.799999999999997       -3.4548857564947387E-011
   75.850000000000009       -3.3984068486978544E-011
   75.900000000000006       -3.3428512325078544E-011
   75.950000000000003       -3.2882038143716642E-011
   76.000000000000000       -3.2344497474787764E-011
   76.049999999999997       -3.1815744277276226E-011
   76.100000000000009       -3.1295634897578689E-011
   76.150000000000006       -3.0784028030475881E-011
   76.200000000000003       -3.0280784680742255E-011
   76.250000000000000       -2.9785768125383276E-011
   76.299999999999997       -2.9298843876489989E-011
   76.350000000000009       -2.8819879644700888E-011
   76.400000000000006       -2.8348745303261011E-011
   76.450000000000003       -2.7885312852668673E-011
   76.500000000000000       -2.7429456385900078E-011
   76.549999999999997       -2.6981052054202428E-011
   76.600000000000009       -2.6539978033446240E-011
   76.650000000000006       -2.6106114491027740E-011
   76.700000000000003       -2.5679343553312289E-011
   76.750000000000000       -2.5259549273610034E-011
   76.800000000000011       -2.4846617600675124E-011
   76.850000000000009       -2.4440436347719780E-011
   76.900000000000006       -2.4040895161935053E-011
   76.950000000000003       -2.3647885494509742E-011
   77.000000000000000       -2.3261300571139430E-011
   77.050000000000011       -2.2881035363017701E-011
   77.100000000000009       -2.2506986558301451E-011
   77.150000000000006       -2.2139052534042860E-011
   77.200000000000003       -2.1777133328579989E-011
   77.250000000000000       -2.1421130614378896E-011
   77.300000000000011       -2.1070947671319631E-011
   77.350000000000009       -2.0726489360418954E-011
   77.400000000000006       -2.0387662097982643E-011
   77.450000000000003       -2.0054373830180330E-011
   77.500000000000000       -1.9726534008035968E-011
   77.550000000000011       -1.9404053562827172E-011
   77.600000000000009       -1.9086844881886673E-011
   77.650000000000006       -1.8774821784799417E-011
   77.700000000000003       -1.8467899499988744E-011
   77.750000000000000       -1.8165994641685336E-011
   77.800000000000011       -1.7869025187272677E-011
   77.850000000000009       -1.7576910455002805E-011
   77.900000000000006       -1.7289571082076476E-011
   77.950000000000003       -1.7006929003081518E-011
   78.000000000000000       -1.6728907428783768E-011
   78.050000000000011       -1.6455430825264687E-011
   78.100000000000009       -1.6186424893400015E-011
   78.150000000000006       -1.5921816548673947E-011
   78.200000000000003       -1.5661533901323215E-011
   78.250000000000000       -1.5405506236805859E-011
   78.300000000000011       -1.5153663996589214E-011
   78.350000000000009       -1.4905938759252009E-011
   78.400000000000006       -1.4662263221895382E-011
   78.450000000000003       -1.4422571181857769E-011
   78.500000000000000       -1.4186797518728742E-011
   78.550000000000011       -1.3954878176656841E-011
   78.600000000000009       -1.3726750146946652E-011
   78.650000000000006       -1.3502351450940389E-011
   78.700000000000003       -1.3281621123179273E-011
   78.750000000000000       -1.3064499194840248E-011
   78.800000000000011       -1.2850926677443406E-011
   78.850000000000009       -1.2640845546825786E-011
   78.900000000000006       -1.2434198727377174E-011
   78.950000000000003       -1.2230930076533574E-011
   79.000000000000000       -1.2030984369524198E-011
   79.050000000000011       -1.1834307284367797E-011
   79.100000000000009       -1.1640845387114258E-011
   79.150000000000006       -1.1450546117327492E-011
   79.200000000000003       -1.1263357773805613E-011
   79.250000000000000       -1.1079229500534557E-011
   79.300000000000011       -1.0898111272871346E-011
   79.350000000000009       -1.0719953883953209E-011
   79.400000000000006       -1.0544708931328875E-011
   79.450000000000003       -1.0372328803808418E-011
   79.500000000000000       -1.0202766668528085E-011
   79.550000000000011       -1.0035976458226564E-011
   79.600000000000009       -9.8719128587292496E-012
   79.650000000000006       -9.7105312966371564E-012
   79.700000000000003       -9.5517879272170226E-012
   79.750000000000000       -9.3956396224894280E-012
   79.800000000000011       -9.2420439595116294E-012
   79.850000000000009       -9.0909592088519156E-012
   79.900000000000006       -8.9423443232524393E-012
   79.950000000000003       -8.7961589264773217E-012
