   0.0000000000000000        0.0000000000000000     
   1.0000000000000000E-002   5.7341539363952427E-004
   2.0000000000000000E-002   1.5974986825842766E-003
   2.9999999999999999E-002   2.8908171111410160E-003
   4.0000000000000001E-002   4.3841830606769850E-003
   5.0000000000000003E-002   6.0357339399776458E-003
   6.0000000000000005E-002   7.8161785363285441E-003
   7.0000000000000007E-002   9.7033790433392643E-003
   8.0000000000000002E-002   1.1679783435689754E-002
   8.9999999999999997E-002   1.3731016496882797E-002
   9.9999999999999992E-002   1.5845027448894315E-002
  0.10999999999999999        1.8011536795298624E-002
  0.11999999999999998        2.0221657727300796E-002
  0.12999999999999998        2.2467625946328420E-002
  0.13999999999999999        2.4742600243032084E-002
  0.14999999999999999        2.7040511154573350E-002
  0.16000000000000000        2.9355943403411851E-002
  0.17000000000000001        3.1684042753265071E-002
  0.18000000000000002        3.4020440946538263E-002
  0.19000000000000003        3.6361194315437287E-002
  0.20000000000000004        3.8702732925008539E-002
  0.21000000000000005        4.1041817960737324E-002
  0.22000000000000006        4.3375505663424213E-002
  0.23000000000000007        4.5701116530954482E-002
  0.24000000000000007        4.8016208806091983E-002
  0.25000000000000006        5.0318555488715236E-002
  0.26000000000000006        5.2606124273892149E-002
  0.27000000000000007        5.4877059939768949E-002
  0.28000000000000008        5.7129668803051148E-002
  0.29000000000000009        5.9362404932023577E-002
  0.30000000000000010        6.1573857863591347E-002
  0.31000000000000011        6.3762741615215640E-002
  0.32000000000000012        6.5927884818070048E-002
  0.33000000000000013        6.8068221826084852E-002
  0.34000000000000014        7.0182784678531340E-002
  0.35000000000000014        7.2270695812505434E-002
  0.36000000000000015        7.4331161437037607E-002
  0.37000000000000016        7.6363465493176352E-002
  0.38000000000000017        7.8366964135051398E-002
  0.39000000000000018        8.0341080675536261E-002
  0.40000000000000019        8.2285300947840770E-002
  0.41000000000000020        8.4199169040178809E-002
  0.42000000000000021        8.6082283366450074E-002
  0.43000000000000022        8.7934293040053443E-002
  0.44000000000000022        8.9754894521901482E-002
  0.45000000000000023        9.1543828517211920E-002
  0.46000000000000024        9.3300877098270660E-002
  0.47000000000000025        9.5025861033091991E-002
  0.48000000000000026        9.6718637301891425E-002
  0.49000000000000027        9.8379096785356182E-002
  0.50000000000000022       0.10000716211014588     
  0.51000000000000023       0.10160278563875741     
  0.52000000000000024       0.10316594759196412     
  0.53000000000000025       0.10469665429330191     
  0.54000000000000026       0.10619493652603801     
  0.55000000000000027       0.10766084799393758     
  0.56000000000000028       0.10909446387797216     
  0.57000000000000028       0.11049587948180098     
  0.58000000000000029       0.11186520895949895     
  0.59000000000000030       0.11320258411956637     
  0.60000000000000031       0.11450815329979883     
  0.61000000000000032       0.11578208030798740     
  0.62000000000000033       0.11702454342394628     
  0.63000000000000034       0.11823573445856982     
  0.64000000000000035       0.11941585786619836     
  0.65000000000000036       0.12056512990662659     
  0.66000000000000036       0.12168377785351928     
  0.67000000000000037       0.12277203924629901     
  0.68000000000000038       0.12383016118258777     
  0.69000000000000039       0.12485839964873258     
  0.70000000000000040       0.12585701888598899     
  0.71000000000000041       0.12682629079021829     
  0.72000000000000042       0.12776649434295642     
  0.73000000000000043       0.12867791507205650     
  0.74000000000000044       0.12956084454009509     
  0.75000000000000044       0.13041557985894892     
  0.76000000000000045       0.13124242322896923     
  0.77000000000000046       0.13204168150139686     
  0.78000000000000047       0.13281366576264375     
  0.79000000000000048       0.13355869093930950     
  0.80000000000000049       0.13427707542267303     
  0.81000000000000050       0.13496914071167601     
  0.82000000000000051       0.13563521107337825     
  0.83000000000000052       0.13627561321993736     
  0.84000000000000052       0.13689067600127658     
  0.85000000000000053       0.13748073011258721     
  0.86000000000000054       0.13804610781594695     
  0.87000000000000055       0.13858714267529276     
  0.88000000000000056       0.13910416930412384     
  0.89000000000000057       0.13959752312527091     
  0.90000000000000058       0.14006754014216671     
  0.91000000000000059       0.14051455672106117     
  0.92000000000000060       0.14093890938362300     
  0.93000000000000060       0.14134093460953362     
  0.94000000000000061       0.14172096864847206     
  0.95000000000000062       0.14207934734119637     
  0.96000000000000063       0.14241640594923283     
  0.97000000000000064       0.14273247899278396     
  0.98000000000000065       0.14302790009658592     
  0.99000000000000066       0.14330300184319167     
   1.0000000000000007       0.14355811563353826     
   1.0100000000000007       0.14379357155445416     
   1.0200000000000007       0.14400969825270712     
   1.0300000000000007       0.14420682281537428     
   1.0400000000000007       0.14438527065641260     
   1.0500000000000007       0.14454536540893131     
   1.0600000000000007       0.14468742882313484     
   1.0700000000000007       0.14481178066963726     
   1.0800000000000007       0.14491873864790739     
   1.0900000000000007       0.14500861829970280     
   1.1000000000000008       0.14508173292726634     
   1.1100000000000008       0.14513839351614691     
   1.1200000000000008       0.14517890866234870     
   1.1300000000000008       0.14520358450381876     
   1.1400000000000008       0.14521272465597185     
   1.1500000000000008       0.14520663015119023     
   1.1600000000000008       0.14518559938205441     
   1.1700000000000008       0.14514992804831012     
   1.1800000000000008       0.14509990910728293     
   1.1900000000000008       0.14503583272772402     
   1.2000000000000008       0.14495798624691236     
   1.2100000000000009       0.14486665413091432     
   1.2200000000000009       0.14476211793787655     
   1.2300000000000009       0.14464465628425177     
   1.2400000000000009       0.14451454481384032     
   1.2500000000000009       0.14437205616956830     
   1.2600000000000009       0.14421745996788293     
   1.2700000000000009       0.14405102277567886     
   1.2800000000000009       0.14387300808966605     
   1.2900000000000009       0.14368367631810020     
   1.3000000000000009       0.14348328476475386     
   1.3100000000000009       0.14327208761511823     
   1.3200000000000010       0.14305033592464877     
   1.3300000000000010       0.14281827760914301     
   1.3400000000000010       0.14257615743692803     
   1.3500000000000010       0.14232421702304957     
   1.3600000000000010       0.14206269482526596     
   1.3700000000000010       0.14179182614168903     
   1.3800000000000010       0.14151184311026074     
   1.3900000000000010       0.14122297470963732     
   1.4000000000000010       0.14092544676187715     
   1.4100000000000010       0.14061948193638776     
   1.4200000000000010       0.14030529975548020     
   1.4300000000000010       0.13998311660117368     
   1.4400000000000011       0.13965314572339715     
   1.4500000000000011       0.13931559724947967     
   1.4600000000000011       0.13897067819472708     
   1.4700000000000011       0.13861859247433128     
   1.4800000000000011       0.13825954091628631     
   1.4900000000000011       0.13789372127538202     
   1.5000000000000011       0.13752132824823338     
   1.5100000000000011       0.13714255348931648     
   1.5200000000000011       0.13675758562783824     
   1.5300000000000011       0.13636661028561592     
   1.5400000000000011       0.13596981009570047     
   1.5500000000000012       0.13556736472183578     
   1.5600000000000012       0.13515945087870454     
   1.5700000000000012       0.13474624235284444     
   1.5800000000000012       0.13432791002431799     
   1.5900000000000012       0.13390462188897029     
   1.6000000000000012       0.13347654308133450     
   1.6100000000000012       0.13304383589810506     
   1.6200000000000012       0.13260665982216371     
   1.6300000000000012       0.13216517154710719     
   1.6400000000000012       0.13171952500226661     
   1.6500000000000012       0.13126987137816815     
   1.6600000000000013       0.13081635915241757     
   1.6700000000000013       0.13035913411597588     
   1.6800000000000013       0.12989833939979467     
   1.6900000000000013       0.12943411550179212     
   1.7000000000000013       0.12896660031412566     
   1.7100000000000013       0.12849592915075875     
   1.7200000000000013       0.12802223477528432     
   1.7300000000000013       0.12754564742896851     
   1.7400000000000013       0.12706629485902882     
   1.7500000000000013       0.12658430234707152     
   1.7600000000000013       0.12609979273770175     
   1.7700000000000014       0.12561288646731325     
   1.7800000000000014       0.12512370159292927     
   1.7900000000000014       0.12463235382122823     
   1.8000000000000014       0.12413895653757887     
   1.8100000000000014       0.12364362083521313     
   1.8200000000000014       0.12314645554437656     
   1.8300000000000014       0.12264756726156113     
   1.8400000000000014       0.12214706037875349     
   1.8500000000000014       0.12164503711261375     
   1.8600000000000014       0.12114159753373244     
   1.8700000000000014       0.12063683959579463     
   1.8800000000000014       0.12013085916469526     
   1.8900000000000015       0.11962375004763956     
   1.9000000000000015       0.11911560402213722     
   1.9100000000000015       0.11860651086490176     
   1.9200000000000015       0.11809655838068220     
   1.9300000000000015       0.11758583243097380     
   1.9400000000000015       0.11707441696258852     
   1.9500000000000015       0.11656239403612613     
   1.9600000000000015       0.11604984385430613     
   1.9700000000000015       0.11553684479010759     
   1.9800000000000015       0.11502347341479785     
   1.9900000000000015       0.11450980452575649     
   2.0000000000000013       0.11399591117414849     
   2.0100000000000011       0.11348186469240817     
   2.0200000000000009       0.11296773472151163     
   2.0300000000000007       0.11245358923809592     
   2.0400000000000005       0.11193949458129368     
   2.0500000000000003       0.11142551547946805     
   2.0600000000000001       0.11091171507661102     
   2.0699999999999998       0.11039815495861210     
   2.0799999999999996       0.10988489517924822     
   2.0899999999999994       0.10937199428595293     
   2.0999999999999992       0.10885950934535693     
   2.1099999999999990       0.10834749596857622     
   2.1199999999999988       0.10783600833625349     
   2.1299999999999986       0.10732509922336078     
   2.1399999999999983       0.10681482002373699     
   2.1499999999999981       0.10630522077437783     
   2.1599999999999979       0.10579635017946855     
   2.1699999999999977       0.10528825563414075     
   2.1799999999999975       0.10478098324798855     
   2.1899999999999973       0.10427457786829820     
   2.1999999999999971       0.10376908310302267     
   2.2099999999999969       0.10326454134348580     
   2.2199999999999966       0.10276099378681486     
   2.2299999999999964       0.10225848045809420     
   2.2399999999999962       0.10175704023226415     
   2.2499999999999960       0.10125671085572997     
   2.2599999999999958       0.10075752896770809     
   2.2699999999999956       0.10025953012128988     
   2.2799999999999954        9.9762748804244378E-002
   2.2899999999999952        9.9267218459531875E-002
   2.2999999999999949        9.8772971505550311E-002
   2.3099999999999947        9.8280039356118301E-002
   2.3199999999999945        9.7788452440154702E-002
   2.3299999999999943        9.7298240221137408E-002
   2.3399999999999941        9.6809431216234587E-002
   2.3499999999999939        9.6322053015196751E-002
   2.3599999999999937        9.5836132298977153E-002
   2.3699999999999934        9.5351694858072461E-002
   2.3799999999999932        9.4868765610614705E-002
   2.3899999999999930        9.4387368620157799E-002
   2.3999999999999928        9.3907527113263542E-002
   2.4099999999999926        9.3429263496755025E-002
   2.4199999999999924        9.2952599374748798E-002
   2.4299999999999922        9.2477555565428401E-002
   2.4399999999999920        9.2004152117525093E-002
   2.4499999999999917        9.1532408326596537E-002
   2.4599999999999915        9.1062342750970499E-002
   2.4699999999999913        9.0593973227533611E-002
   2.4799999999999911        9.0127316887177539E-002
   2.4899999999999909        8.9662390170050982E-002
   2.4999999999999907        8.9199208840537281E-002
   2.5099999999999905        8.8737788001995818E-002
   2.5199999999999902        8.8278142111248126E-002
   2.5299999999999900        8.7820284992836659E-002
   2.5399999999999898        8.7364229853027220E-002
   2.5499999999999896        8.6909989293560794E-002
   2.5599999999999894        8.6457575325207536E-002
   2.5699999999999892        8.6006999381035620E-002
   2.5799999999999890        8.5558272329472218E-002
   2.5899999999999888        8.5111404487133488E-002
   2.5999999999999885        8.4666405631409064E-002
   2.6099999999999883        8.4223285012817492E-002
   2.6199999999999881        8.3782051367150709E-002
   2.6299999999999879        8.3342712927381907E-002
   2.6399999999999877        8.2905277435341387E-002
   2.6499999999999875        8.2469752153193437E-002
   2.6599999999999873        8.2036143874677253E-002
   2.6699999999999871        8.1604458936146124E-002
   2.6799999999999868        8.1174703227382877E-002
   2.6899999999999866        8.0746882202220316E-002
   2.6999999999999864        8.0321000888946198E-002
   2.7099999999999862        7.9897063900518303E-002
   2.7199999999999860        7.9475075444574744E-002
   2.7299999999999858        7.9055039333262273E-002
   2.7399999999999856        7.8636958992873388E-002
   2.7499999999999853        7.8220837473308519E-002
   2.7599999999999851        7.7806677457363069E-002
   2.7699999999999849        7.7394481269848728E-002
   2.7799999999999847        7.6984250886551087E-002
   2.7899999999999845        7.6575987943045015E-002
   2.7999999999999843        7.6169693743352487E-002
   2.8099999999999841        7.5765369268473493E-002
   2.8199999999999839        7.5363015184778614E-002
   2.8299999999999836        7.4962631852291683E-002
   2.8399999999999834        7.4564219332850928E-002
   2.8499999999999832        7.4167777398164728E-002
   2.8599999999999830        7.3773305537766232E-002
   2.8699999999999828        7.3380802966900333E-002
   2.8799999999999826        7.2990268634283068E-002
   2.8899999999999824        7.2601701229823706E-002
   2.8999999999999821        7.2215099192248236E-002
   2.9099999999999819        7.1830460716666905E-002
   2.9199999999999817        7.1447783762059569E-002
   2.9299999999999815        7.1067066058692313E-002
   2.9399999999999813        7.0688305115496855E-002
   2.9499999999999811        7.0311498227315167E-002
   2.9599999999999809        6.9936642482142500E-002
   2.9699999999999807        6.9563734768219906E-002
   2.9799999999999804        6.9192771781081422E-002
   2.9899999999999802        6.8823750030436795E-002
   2.9999999999999800        6.8456665846996209E-002
   3.0099999999999798        6.8091515389110666E-002
   3.0199999999999796        6.7728294649256240E-002
   3.0299999999999794        6.7366999460327662E-002
   3.0399999999999792        6.7007625501749324E-002
   3.0499999999999790        6.6650168305300947E-002
   3.0599999999999787        6.6294623260704288E-002
   3.0699999999999785        6.5940985620886655E-002
   3.0799999999999783        6.5589250506900371E-002
   3.0899999999999781        6.5239412912471526E-002
   3.0999999999999779        6.4891467708146397E-002
   3.1099999999999777        6.4545409644970839E-002
   3.1199999999999775        6.4201233357662923E-002
   3.1299999999999772        6.3858933367305457E-002
   3.1399999999999770        6.3518504083459063E-002
   3.1499999999999768        6.3179939805684093E-002
   3.1599999999999766        6.2843234724445321E-002
   3.1699999999999764        6.2508382921407549E-002
   3.1799999999999762        6.2175378369061493E-002
   3.1899999999999760        6.1844214929697855E-002
   3.1999999999999758        6.1514886353702752E-002
   3.2099999999999755        6.1187386277236071E-002
   3.2199999999999753        6.0861708219261554E-002
   3.2299999999999751        6.0537845577962476E-002
   3.2399999999999749        6.0215791626617665E-002
   3.2499999999999747        5.9895539508953745E-002
   3.2599999999999745        5.9577082234070128E-002
   3.2699999999999743        5.9260412671008178E-002
   3.2799999999999740        5.8945523543048856E-002
   3.2899999999999738        5.8632407421868038E-002
   3.2999999999999736        5.8321408858306105E-002
   3.3099999999999734        5.8011755985234198E-002
   3.3199999999999732        5.7703852512272689E-002
   3.3299999999999730        5.7397692338800772E-002
   3.3399999999999728        5.7093284926277292E-002
   3.3499999999999726        5.6790635534910691E-002
   3.3599999999999723        5.6489705841167040E-002
   3.3699999999999721        5.6190488037168605E-002
   3.3799999999999719        5.5892974237628859E-002
   3.3899999999999717        5.5597156481273648E-002
   3.3999999999999715        5.5303026732588981E-002
   3.4099999999999713        5.5010576883967911E-002
   3.4199999999999711        5.4719798758298403E-002
   3.4299999999999708        5.4430684112062228E-002
   3.4399999999999706        5.4143224638993237E-002
   3.4499999999999704        5.3857411974351461E-002
   3.4599999999999702        5.3573237699853768E-002
   3.4699999999999700        5.3290693349323924E-002
   3.4799999999999698        5.3009770415071725E-002
   3.4899999999999696        5.2730460355053209E-002
   3.4999999999999694        5.2452754600829460E-002
   3.5099999999999691        5.2176644566313268E-002
   3.5199999999999689        5.1903155392689006E-002
   3.5299999999999687        5.1630422522629678E-002
   3.5399999999999685        5.1359287034656968E-002
   3.5499999999999683        5.1089741940255312E-002
   3.5599999999999681        5.0820428466513454E-002
   3.5699999999999679        5.0553815006795552E-002
   3.5799999999999677        5.0288747240709371E-002
   3.5899999999999674        5.0025217076930389E-002
   3.5999999999999672        4.9763216441055705E-002
   3.6099999999999670        4.9502737280182174E-002
   3.6199999999999668        4.9243771567513674E-002
   3.6299999999999666        4.8986311306953009E-002
   3.6399999999999664        4.8730348537665967E-002
   3.6499999999999662        4.8475875338520609E-002
   3.6599999999999659        4.8222883832386654E-002
   3.6699999999999657        4.7971366190222783E-002
   3.6799999999999655        4.7721314634871365E-002
   3.6899999999999653        4.7472721444495915E-002
   3.6999999999999651        4.7225578955618075E-002
   3.7099999999999649        4.6979879565620955E-002
   3.7199999999999647        4.6735615734707303E-002
   3.7299999999999645        4.6492779987160962E-002
   3.7399999999999642        4.6254200713072353E-002
   3.7499999999999640        4.6014378856157348E-002
   3.7599999999999638        4.5775961072908045E-002
   3.7699999999999636        4.5538938421615216E-002
   3.7799999999999634        4.5303301901969475E-002
   3.7899999999999632        4.5066535475471084E-002
   3.7999999999999630        4.4833542064336269E-002
   3.8099999999999627        4.4601916004625930E-002
   3.8199999999999625        4.4371649722851576E-002
   3.8299999999999623        4.4142735669442726E-002
   3.8399999999999621        4.3915166316919135E-002
   3.8499999999999619        4.3688934157709212E-002
   3.8599999999999617        4.3464031701540805E-002
   3.8699999999999615        4.3240451472496277E-002
   3.8799999999999613        4.3018186005660805E-002
   3.8899999999999610        4.2797227843412618E-002
   3.8999999999999608        4.2577569531335971E-002
   3.9099999999999606        4.2359203613817772E-002
   3.9199999999999604        4.2142122629306521E-002
   3.9299999999999602        4.1926319105298655E-002
   3.9399999999999600        4.1711785553074789E-002
   3.9499999999999598        4.1498514462232614E-002
   3.9599999999999596        4.1286498295072312E-002
   3.9699999999999593        4.1076457471143760E-002
   3.9799999999999591        4.0866867079331091E-002
   3.9899999999999589        4.0658503867085721E-002
   3.9999999999999587        4.0451361100594156E-002
   4.0099999999999589        4.0245432209551270E-002
   4.0199999999999587        4.0040541110877001E-002
   4.0299999999999585        3.9837079164429197E-002
   4.0399999999999583        3.9634811303227213E-002
   4.0499999999999581        3.9433730166814514E-002
   4.0599999999999579        3.9233828397836942E-002
   4.0699999999999577        3.9035098641277022E-002
   4.0799999999999574        3.8837533543881933E-002
   4.0899999999999572        3.8641125753804899E-002
   4.0999999999999570        3.8445867920505937E-002
   4.1099999999999568        3.8251752694933090E-002
   4.1199999999999566        3.8058772730023754E-002
   4.1299999999999564        3.7866920681554860E-002
   4.1399999999999562        3.7676189209373295E-002
   4.1499999999999559        3.7486570979033774E-002
   4.1599999999999557        3.7298058663875082E-002
   4.1699999999999555        3.7110644947554797E-002
   4.1799999999999553        3.6924322527066539E-002
   4.1899999999999551        3.6739084116255760E-002
   4.1999999999999549        3.6554922449849134E-002
   4.2099999999999547        3.6372431263472130E-002
   4.2199999999999545        3.6190545477456329E-002
   4.2299999999999542        3.6009735995801345E-002
   4.2399999999999540        3.5829997153182386E-002
   4.2499999999999538        3.5651323293904413E-002
   4.2599999999999536        3.5472720663688423E-002
   4.2699999999999534        3.5295979773565141E-002
   4.2799999999999532        3.5120267327224813E-002
   4.2899999999999530        3.4945576808272157E-002
   4.2999999999999527        3.4771901744731284E-002
   4.3099999999999525        3.4599235711338515E-002
   4.3199999999999523        3.4427572331909691E-002
   4.3299999999999521        3.4256905281766878E-002
   4.3399999999999519        3.4087228290201985E-002
   4.3499999999999517        3.3918535142973619E-002
   4.3599999999999515        3.3750819684751049E-002
   4.3699999999999513        3.3584075821572232E-002
   4.3799999999999510        3.3418297523194695E-002
   4.3899999999999508        3.3253478825336663E-002
   4.3999999999999506        3.3089613831808543E-002
   4.4099999999999504        3.2926696716439829E-002
   4.4199999999999502        3.2764721724781745E-002
   4.4299999999999500        3.2603683175554621E-002
   4.4399999999999498        3.2443575461789005E-002
   4.4499999999999496        3.2287158288929085E-002
   4.4599999999999493        3.2129087498953490E-002
   4.4699999999999491        3.1971933450530732E-002
   4.4799999999999489        3.1815689682582207E-002
   4.4899999999999487        3.1660349701759058E-002
   4.4999999999999485        3.1505906984551489E-002
   4.5099999999999483        3.1349708862615427E-002
   4.5199999999999481        3.1196914528732335E-002
   4.5299999999999478        3.1045002121102110E-002
   4.5399999999999476        3.0893966245863116E-002
   4.5499999999999474        3.0743801549275290E-002
   4.5599999999999472        3.0594502716412206E-002
   4.5699999999999470        3.0446064469594400E-002
   4.5799999999999468        3.0298481566634484E-002
   4.5899999999999466        3.0151748798830803E-002
   4.5999999999999464        3.0005860988727560E-002
   4.6099999999999461        2.9860812987669832E-002
   4.6199999999999459        2.9716599673088581E-002
   4.6299999999999457        2.9573215945580329E-002
   4.6399999999999455        2.9430656725765107E-002
   4.6499999999999453        2.9288916950913679E-002
   4.6599999999999451        2.9147991571390947E-002
   4.6699999999999449        2.9007875546900944E-002
   4.6799999999999446        2.8868563842573303E-002
   4.6899999999999444        2.8730051424895334E-002
   4.6999999999999442        2.8593490680211310E-002
   4.7099999999999440        2.8456517061547615E-002
   4.7199999999999438        2.8320320607779580E-002
   4.7299999999999436        2.8184896524751327E-002
   4.7399999999999434        2.8050240124497115E-002
   4.7499999999999432        2.7916346831546285E-002
   4.7599999999999429        2.7782743754552815E-002
   4.7699999999999427        2.7650422842023036E-002
   4.7799999999999425        2.7518854572726993E-002
   4.7899999999999423        2.7388034068860510E-002
   4.7999999999999421        2.7257956463395849E-002
   4.8099999999999419        2.7128616898971180E-002
   4.8199999999999417        2.7000010526864262E-002
   4.8299999999999415        2.6872132506073506E-002
   4.8399999999999412        2.6744978002521846E-002
   4.8499999999999410        2.6618542188402483E-002
   4.8599999999999408        2.6492820241684784E-002
   4.8699999999999406        2.6367807345799708E-002
   4.8799999999999404        2.6243498689522061E-002
   4.8899999999999402        2.6119889467069279E-002
   4.8999999999999400        2.5996974878433325E-002
   4.9099999999999397        2.5874750129963785E-002
   4.9199999999999395        2.5753210435219498E-002
   4.9299999999999393        2.5632351016099793E-002
   4.9399999999999391        2.5512167104274813E-002
   4.9499999999999389        2.5392653942920888E-002
   4.9599999999999387        2.5274026002629825E-002
   4.9699999999999385        2.5155916215157260E-002
   4.9799999999999383        2.5038477514269797E-002
   4.9899999999999380        2.4921706433693371E-002
   4.9999999999999378        2.4805599538890180E-002
   5.0099999999999376        2.4690153421320304E-002
   5.0199999999999374        2.4574802664224332E-002
   5.0299999999999372        2.4460545650583636E-002
   5.0399999999999370        2.4346924230535964E-002
   5.0499999999999368        2.4233934244411039E-002
   5.0599999999999365        2.4121571563536441E-002
   5.0699999999999363        2.4009832091556660E-002
   5.0799999999999361        2.3898711765819362E-002
   5.0899999999999359        2.3788206558840841E-002
   5.0999999999999357        2.3678312479828725E-002
   5.1099999999999355        2.3569025576258212E-002
   5.1199999999999353        2.3460341935490975E-002
   5.1299999999999351        2.3352257686411242E-002
   5.1399999999999348        2.3244769001090269E-002
   5.1499999999999346        2.3137872096433434E-002
   5.1599999999999344        2.3031563235810779E-002
   5.1699999999999342        2.2925838730663679E-002
   5.1799999999999340        2.2820694942022927E-002
   5.1899999999999338        2.2716128281981531E-002
   5.1999999999999336        2.2612135215036896E-002
   5.2099999999999334        2.2508712259336039E-002
   5.2199999999999331        2.2408231176438954E-002
   5.2299999999999329        2.2306119573924740E-002
   5.2399999999999327        2.2204573116958802E-002
   5.2499999999999325        2.2103587889536855E-002
   5.2599999999999323        2.2003159950170489E-002
   5.2699999999999321        2.1903285331437476E-002
   5.2799999999999319        2.1803960039935157E-002
   5.2899999999999316        2.1702677052784107E-002
   5.2999999999999314        2.1604301359344345E-002
   5.3099999999999312        2.1506463615675066E-002
   5.3199999999999310        2.1409160578779410E-002
   5.3299999999999308        2.1312389036534055E-002
   5.3399999999999306        2.1216145807061455E-002
   5.3499999999999304        2.1120427737960846E-002
   5.3599999999999302        2.1025231705422233E-002
   5.3699999999999299        2.0930554613206948E-002
   5.3799999999999297        2.0836393391473813E-002
   5.3899999999999295        2.0742744995490559E-002
   5.3999999999999293        2.0649606404165369E-002
   5.4099999999999291        2.0556974618471544E-002
   5.4199999999999289        2.0464846659676711E-002
   5.4299999999999287        2.0373219567476876E-002
   5.4399999999999284        2.0282090397933470E-002
   5.4499999999999282        2.0191456221313065E-002
   5.4599999999999280        2.0101314119757949E-002
   5.4699999999999278        2.0011661184838190E-002
   5.4799999999999276        1.9922494514986989E-002
   5.4899999999999274        1.9835334895165299E-002
   5.4999999999999272        1.9747114916654419E-002
   5.5099999999999270        1.9659365604177075E-002
   5.5199999999999267        1.9572083941930725E-002
   5.5299999999999265        1.9485266971103490E-002
   5.5399999999999263        1.9398911793888328E-002
   5.5499999999999261        1.9313015577536542E-002
   5.5599999999999259        1.9226765696246477E-002
   5.5699999999999257        1.9141825782050731E-002
   5.5799999999999255        1.9057341094803122E-002
   5.5899999999999253        1.8973308779509878E-002
   5.5999999999999250        1.8889725987451218E-002
   5.6099999999999248        1.8806589875229447E-002
   5.6199999999999246        1.8723897603837872E-002
   5.6299999999999244        1.8641646337775795E-002
   5.6399999999999242        1.8559833244210434E-002
   5.6499999999999240        1.8478455492200022E-002
   5.6599999999999238        1.8397510251982233E-002
   5.6699999999999235        1.8316994694348762E-002
   5.6799999999999233        1.8236905990104975E-002
   5.6899999999999231        1.8157241309634420E-002
   5.6999999999999229        1.8077997822575922E-002
   5.7099999999999227        1.7999172697622044E-002
   5.7199999999999225        1.7920763102454058E-002
   5.7299999999999223        1.7842766203820980E-002
   5.7399999999999221        1.7765179167772500E-002
   5.7499999999999218        1.7687999160058487E-002
   5.7599999999999216        1.7611223346702141E-002
   5.7699999999999214        1.7534854174604226E-002
   5.7799999999999212        1.7458900160538270E-002
   5.7899999999999210        1.7383350418898755E-002
   5.7999999999999208        1.7308203037693412E-002
   5.8099999999999206        1.7233456136506585E-002
   5.8199999999999203        1.7159107863915748E-002
   5.8299999999999201        1.7085156394614033E-002
   5.8399999999999199        1.7011387475660007E-002
   5.8499999999999197        1.6938156147897596E-002
   5.8599999999999195        1.6865305760958450E-002
   5.8699999999999193        1.6792833868549635E-002
   5.8799999999999191        1.6720738040454937E-002
   5.8899999999999189        1.6649015863298873E-002
   5.8999999999999186        1.6577664941374116E-002
   5.9099999999999184        1.6506682897526964E-002
   5.9199999999999182        1.6436067374101526E-002
   5.9299999999999180        1.6365816033935561E-002
   5.9399999999999178        1.6295926561405830E-002
   5.9499999999999176        1.6226396663517443E-002
   5.9599999999999174        1.6157224071029506E-002
   5.9699999999999172        1.6088406539612084E-002
   5.9799999999999169        1.6019941851031894E-002
   5.9899999999999167        1.5951827814346432E-002
   5.9999999999999165        1.5884062267109530E-002
   6.0099999999999163        1.5816643076573399E-002
   6.0199999999999161        1.5749568140880153E-002
   6.0299999999999159        1.5682835390222159E-002
   6.0399999999999157        1.5616442787975984E-002
   6.0499999999999154        1.5550388331778825E-002
   6.0599999999999152        1.5486615085276106E-002
   6.0699999999999150        1.5421390544936912E-002
   6.0799999999999148        1.5356504474028584E-002
   6.0899999999999146        1.5291954675497297E-002
   6.0999999999999144        1.5227738932290871E-002
   6.1099999999999142        1.5163855006373511E-002
   6.1199999999999140        1.5100300637941504E-002
   6.1299999999999137        1.5034942824480464E-002
   6.1399999999999135        1.4971908942780615E-002
   6.1499999999999133        1.4909195884021426E-002
   6.1599999999999131        1.4846801818254493E-002
   6.1699999999999129        1.4784724935999655E-002
   6.1799999999999127        1.4722963448063245E-002
   6.1899999999999125        1.4661515585302385E-002
   6.1999999999999122        1.4600379598304892E-002
   6.2099999999999120        1.4539553757005885E-002
   6.2199999999999118        1.4479036350220742E-002
   6.2299999999999116        1.4418825685096670E-002
   6.2399999999999114        1.4358920086477937E-002
   6.2499999999999112        1.4299317896182587E-002
   6.2599999999999110        1.4240017472189680E-002
   6.2699999999999108        1.4181017187735605E-002
   6.2799999999999105        1.4122315430307853E-002
   6.2899999999999103        1.4063910600550959E-002
   6.2999999999999101        1.4005801111077687E-002
   6.3099999999999099        1.3947985385175329E-002
   6.3199999999999097        1.3890461855428278E-002
   6.3299999999999095        1.3833228962244599E-002
   6.3399999999999093        1.3776285152290242E-002
   6.3499999999999091        1.3721370392111364E-002
   6.3599999999999088        1.3665006339020760E-002
   6.3699999999999086        1.3608920968085983E-002
   6.3799999999999084        1.3553112483202304E-002
   6.3899999999999082        1.3497579116480671E-002
   6.3999999999999080        1.3442319130688177E-002
   6.4099999999999078        1.3387330821756110E-002
   6.4199999999999076        1.3332612521347553E-002
   6.4299999999999073        1.3277084516256053E-002
   6.4399999999999071        1.3222931596826359E-002
   6.4499999999999069        1.3169048469814596E-002
   6.4599999999999067        1.3115433558265067E-002
   6.4699999999999065        1.3062085287491356E-002
   6.4799999999999063        1.3009002084366719E-002
   6.4899999999999061        1.2956182376631948E-002
   6.4999999999999059        1.2903624592206286E-002
   6.5099999999999056        1.2851327158519847E-002
   6.5199999999999054        1.2799288501868305E-002
   6.5299999999999052        1.2747507046794171E-002
   6.5399999999999050        1.2695981215503027E-002
   6.5499999999999048        1.2644709427319527E-002
   6.5599999999999046        1.2593690098189451E-002
   6.5699999999999044        1.2542921640234041E-002
   6.5799999999999041        1.2492402461363732E-002
   6.5899999999999039        1.2442130964956279E-002
   6.5999999999999037        1.2392105549608328E-002
   6.6099999999999035        1.2342324608962917E-002
   6.6199999999999033        1.2292786531624602E-002
   6.6299999999999031        1.2243489701163420E-002
   6.6399999999999029        1.2194432496216615E-002
   6.6499999999999027        1.2145584283265412E-002
   6.6599999999999024        1.2096993132917974E-002
   6.6699999999999022        1.2048641317751086E-002
   6.6799999999999020        1.2000527837991153E-002
   6.6899999999999018        1.1952651718173224E-002
   6.6999999999999016        1.1905012006059611E-002
   6.7099999999999014        1.1857607771391575E-002
   6.7199999999999012        1.1810438104473565E-002
   6.7299999999999010        1.1763462185029366E-002
   6.7399999999999007        1.1716726682247856E-002
   6.7499999999999005        1.1670216075031230E-002
   6.7599999999999003        1.1623928972299011E-002
   6.7699999999999001        1.1577863989981146E-002
   6.7799999999998999        1.1532019751469655E-002
   6.7899999999998997        1.1486394888115495E-002
   6.7999999999998995        1.1440988039767230E-002
   6.8099999999998992        1.1395797855352729E-002
   6.8199999999998990        1.1350822993502086E-002
   6.8299999999998988        1.1306062123208702E-002
   6.8399999999998986        1.1261513924530609E-002
   6.8499999999998984        1.1217177089325486E-002
   6.8599999999998982        1.1173050322017153E-002
   6.8699999999998980        1.1129132340395375E-002
   6.8799999999998978        1.1085421876438663E-002
   6.8899999999998975        1.1041917677161780E-002
   6.8999999999998973        1.0998618505478140E-002
   6.9099999999998971        1.0955523141079844E-002
   6.9199999999998969        1.0912630381322600E-002
   6.9299999999998967        1.0869939042111854E-002
   6.9399999999998965        1.0827447958792796E-002
   6.9499999999998963        1.0786436220195553E-002
   6.9599999999998960        1.0744463614028019E-002
   6.9699999999998958        1.0702694129893945E-002
   6.9799999999998956        1.0661126610156143E-002
   6.9899999999998954        1.0619759884349846E-002
   6.9999999999998952        1.0578592768147068E-002
   7.0099999999998950        1.0537624062382468E-002
   7.0199999999998948        1.0496852552151794E-002
   7.0299999999998946        1.0456277005999205E-002
   7.0399999999998943        1.0414153002324487E-002
   7.0499999999998941        1.0373848651492790E-002
   7.0599999999998939        1.0333733533883848E-002
   7.0699999999998937        1.0293806646796452E-002
   7.0799999999998935        1.0254067000480217E-002
   7.0899999999998933        1.0214513618152316E-002
   7.0999999999998931        1.0175145535983938E-002
   7.1099999999998929        1.0135961803055687E-002
   7.1199999999998926        1.0096961481254371E-002
   7.1299999999998924        1.0058143645147552E-002
   7.1399999999998922        1.0019507381791241E-002
   7.1499999999998920        9.9810517905060091E-003
   7.1599999999998918        9.9427759825896026E-003
   7.1699999999998916        9.9046790809829803E-003
   7.1799999999998914        9.8667602198749087E-003
   7.1899999999998911        9.8290185442556580E-003
   7.1999999999998909        9.7914532094101857E-003
   7.2099999999998907        9.7540633803431358E-003
   7.2199999999998905        9.7168482311568924E-003
   7.2299999999998903        9.6798069443525779E-003
   7.2399999999998901        9.6429387100793375E-003
   7.2499999999998899        9.6062427253200081E-003
   7.2599999999998897        9.5714857971469676E-003
   7.2699999999998894        9.5351627393053182E-003
   7.2799999999998892        9.4990057039288141E-003
   7.2899999999998890        9.4630136141613738E-003
   7.2999999999998888        9.4271854034321985E-003
   7.3099999999998886        9.3915200167866107E-003
   7.3199999999998884        9.3560164122804962E-003
   7.3299999999998882        9.3206735624330930E-003
   7.3399999999998879        9.2854904557418509E-003
   7.3499999999998877        9.2504660982477872E-003
   7.3599999999998875        9.2143311535682650E-003
   7.3699999999998873        9.1796325980806302E-003
   7.3799999999998871        9.1450939667799859E-003
   7.3899999999998869        9.1107144130926580E-003
   7.3999999999998867        9.0764930912144992E-003
   7.4099999999998865        9.0424291556206599E-003
   7.4199999999998862        9.0085217605686274E-003
   7.4299999999998860        8.9747700596036501E-003
   7.4399999999998858        8.9411732050619398E-003
   7.4499999999998856        8.9077303475799986E-003
   7.4599999999998854        8.8744406356098798E-003
   7.4699999999998852        8.8413032149448345E-003
   7.4799999999998850        8.8083172282563665E-003
   7.4899999999998847        8.7754818146508970E-003
   7.4999999999998845        8.7427961092437986E-003
   7.5099999999998843        8.7102592427575828E-003
   7.5199999999998841        8.6778703411491617E-003
   7.5299999999998839        8.6456285252651845E-003
   7.5399999999998837        8.6135329105349028E-003
   7.5499999999998835        8.5815826067005187E-003
   7.5599999999998833        8.5497767175904960E-003
   7.5699999999998830        8.5181143409396205E-003
   7.5799999999998828        8.4866721680427123E-003
   7.5899999999998826        8.4552677665500273E-003
   7.5999999999998824        8.4240054418632491E-003
   7.6099999999998822        8.3928846498978731E-003
   7.6199999999998820        8.3619048643656189E-003
   7.6299999999998818        8.3310655765392941E-003
   7.6399999999998816        8.3003662949348994E-003
   7.6499999999998813        8.2698065449054638E-003
   7.6599999999998811        8.2393858681445008E-003
   7.6699999999998809        8.2091038220948268E-003
   7.6799999999998807        8.1789861673486133E-003
   7.6899999999998805        8.1489743243102417E-003
   7.6999999999998803        8.1190957014852690E-003
   7.7099999999998801        8.0893495104454316E-003
   7.7199999999998798        8.0597349648656429E-003
   7.7299999999998796        8.0302512807629914E-003
   7.7399999999998794        8.0008976767645019E-003
   7.7499999999998792        7.9716733744041434E-003
   7.7599999999998790        7.9425775984493727E-003
   7.7699999999998788        7.9136095772569318E-003
   7.7799999999998786        7.8847685431573875E-003
   7.7899999999998784        7.8560537328684343E-003
   7.7999999999998781        7.8274643879357800E-003
   7.8099999999998779        7.7989997552020112E-003
   7.8199999999998777        7.7706590873007544E-003
   7.8299999999998775        7.7424416431754930E-003
   7.8399999999998773        7.7143466886228293E-003
   7.8499999999998771        7.6863734968567899E-003
   7.8599999999998769        7.6585213490926382E-003
   7.8699999999998766        7.6307895351492658E-003
   7.8799999999998764        7.6031773540660040E-003
   7.8899999999998762        7.5756841147322541E-003
   7.8999999999998760        7.5483091365284782E-003
   7.9099999999998758        7.5218279861247305E-003
   7.9199999999998756        7.4947740262065604E-003
   7.9299999999998754        7.4678417731063752E-003
   7.9399999999998752        7.4410306383369366E-003
   7.9499999999998749        7.4143400259620452E-003
   7.9599999999998747        7.3877693318065178E-003
   7.9699999999998745        7.3613179426877179E-003
   7.9799999999998743        7.3349852356640642E-003
   7.9899999999998741        7.3087705773132172E-003
   7.9999999999998739        7.2826733230418536E-003
   8.0099999999998737        7.2554035971319616E-003
   8.0199999999998735        7.2294436726447076E-003
   8.0299999999998732        7.2035958011409801E-003
   8.0399999999998730        7.1778594289096118E-003
   8.0499999999998728        7.1522340103186526E-003
   8.0599999999998726        7.1267190079221908E-003
   8.0699999999998724        7.1013138925546272E-003
   8.0799999999998722        7.0760181434005084E-003
   8.0899999999998720        7.0508312480457563E-003
   8.0999999999998717        7.0257527025071867E-003
   8.1099999999998715        7.0007820112362746E-003
   8.1199999999998713        6.9759186870978944E-003
   8.1299999999998711        6.9511622513203902E-003
   8.1399999999998709        6.9265122334184470E-003
   8.1499999999998707        6.9019681710822652E-003
   8.1599999999998705        6.8775296100349438E-003
   8.1699999999998703        6.8531961038587079E-003
   8.1799999999998700        6.8289672137803953E-003
   8.1899999999998698        6.8048425084287247E-003
   8.1999999999998696        6.7808215635427197E-003
   8.2099999999998694        6.7569039616530383E-003
   8.2199999999998692        6.7330892917148635E-003
   8.2299999999998690        6.7093771487062633E-003
   8.2399999999998688        6.6874107764003984E-003
   8.2499999999998685        6.6639457850938000E-003
   8.2599999999998683        6.6405799135913187E-003
   8.2699999999998681        6.6173125243851657E-003
   8.2799999999998679        6.5941429823943576E-003
   8.2899999999998677        6.5710706556490707E-003
   8.2999999999998675        6.5480949160197661E-003
   8.3099999999998673        6.5252151399953096E-003
   8.3199999999998671        6.5024307095002702E-003
   8.3299999999998668        6.4797410127606708E-003
   8.3399999999998666        6.4571454452056216E-003
   8.3499999999998664        6.4333016383351137E-003
   8.3599999999998662        6.4108863322164629E-003
   8.3699999999998660        6.3885664986806610E-003
   8.3799999999998658        6.3663416914948937E-003
   8.3899999999998656        6.3442114649893827E-003
   8.3999999999998654        6.3221753737347872E-003
   8.4099999999998651        6.3002329722117853E-003
   8.4199999999998649        6.2783838144722676E-003
   8.4299999999998647        6.2566274537962287E-003
   8.4399999999998645        6.2349634423467665E-003
   8.4499999999998643        6.2133913308195943E-003
   8.4599999999998641        6.1919106680933533E-003
   8.4699999999998639        6.1705210008786912E-003
   8.4799999999998636        6.1492218733724020E-003
   8.4899999999998634        6.1280128269134565E-003
   8.4999999999998632        6.1068933996459747E-003
   8.5099999999998630        6.0858631261905662E-003
   8.5199999999998628        6.0649215373239666E-003
   8.5299999999998626        6.0440681596734287E-003
   8.5399999999998624        6.0233025154240814E-003
   8.5499999999998622        6.0026241220420776E-003
   8.5599999999998619        5.9820324920185682E-003
   8.5699999999998617        5.9615271326340516E-003
   8.5799999999998615        5.9413395171816104E-003
   8.5899999999998613        5.9209761041088306E-003
   8.5999999999998611        5.9006970967407212E-003
   8.6099999999998609        5.8805021917087055E-003
   8.6199999999998607        5.8603910974988765E-003
   8.6299999999998604        5.8403635345117798E-003
   8.6399999999998602        5.8204192350813280E-003
   8.6499999999998600        5.8005579434518059E-003
   8.6599999999998598        5.7807794157083651E-003
   8.6699999999998596        5.7610834196604489E-003
   8.6799999999998594        5.7414697346750204E-003
   8.6899999999998592        5.7219305434013032E-003
   8.6999999999998590        5.7024909186911398E-003
   8.7099999999998587        5.6831309913839253E-003
   8.7199999999998585        5.6638503131314277E-003
   8.7299999999998583        5.6446484354128173E-003
   8.7399999999998581        5.6255249096364476E-003
   8.7499999999998579        5.6064792872600674E-003
   8.7599999999998577        5.5875111199293632E-003
   8.7699999999998575        5.5686199596357419E-003
   8.7799999999998573        5.5498053588932325E-003
   8.7899999999998570        5.5310668709348245E-003
   8.7999999999998568        5.5124040499285338E-003
   8.8099999999998566        5.4938164512129944E-003
   8.8199999999998564        5.4753036315530676E-003
   8.8299999999998562        5.4568651494144417E-003
   8.8399999999998560        5.4385005652578559E-003
   8.8499999999998558        5.4202094418520485E-003
   8.8599999999998555        5.4019913446051362E-003
   8.8699999999998553        5.3838458419140514E-003
   8.8799999999998551        5.3657725055305250E-003
   8.8899999999998549        5.3477709109442939E-003
   8.8999999999998547        5.3298406377807854E-003
   8.9099999999998545        5.3119812702135880E-003
   8.9199999999998543        5.2941923973899036E-003
   8.9299999999998541        5.2768373787298265E-003
   8.9399999999998538        5.2592421763873395E-003
   8.9499999999998536        5.2417205097571393E-003
   8.9599999999998534        5.2242720934006139E-003
   8.9699999999998532        5.2068966384022546E-003
   8.9799999999998530        5.1895938518381930E-003
   8.9899999999998528        5.1723634362429386E-003
   8.9999999999998526        5.1552050890762997E-003
   9.0099999999998523        5.1381185021923481E-003
   9.0199999999998521        5.1211033613137880E-003
   9.0299999999998519        5.1041593455152341E-003
   9.0399999999998517        5.0864351876426317E-003
   9.0499999999998515        5.0695611441455646E-003
   9.0599999999998513        5.0527540226666234E-003
   9.0699999999998511        5.0360135091567990E-003
   9.0799999999998509        5.0193392944701837E-003
   9.0899999999998506        5.0027310744914649E-003
   9.0999999999998504        4.9861885502543793E-003
   9.1099999999998502        4.9697114280543558E-003
   9.1199999999998500        4.9532994195500722E-003
   9.1299999999998498        4.9369522418554398E-003
   9.1399999999998496        4.9206696176212622E-003
   9.1499999999998494        4.9044512751028752E-003
   9.1599999999998492        4.8882969482162211E-003
   9.1699999999998489        4.8722063765778527E-003
   9.1799999999998487        4.8561793055295274E-003
   9.1899999999998485        4.8402154861452579E-003
   9.1999999999998483        4.8243146752246276E-003
   9.2099999999998481        4.8084766352611604E-003
   9.2199999999998479        4.7927011343944226E-003
   9.2299999999998477        4.7769879463422423E-003
   9.2399999999998474        4.7613368503070970E-003
   9.2499999999998472        4.7457476308652461E-003
   9.2599999999998470        4.7302200778270281E-003
   9.2699999999998468        4.7147539860768629E-003
   9.2799999999998466        4.7007407407666877E-003
   9.2899999999998464        4.6854448906557804E-003
   9.2999999999998462        4.6702090371439032E-003
   9.3099999999998460        4.6550328047708332E-003
   9.3199999999998457        4.6399158171550742E-003
   9.3299999999998455        4.6248576972995632E-003
   9.3399999999998453        4.6098580679322480E-003
   9.3499999999998451        4.5949165518724766E-003
   9.3599999999998449        4.5800327724299025E-003
   9.3699999999998447        4.5652063538281860E-003
   9.3799999999998445        4.5504369216606503E-003
   9.3899999999998442        4.5357241033755604E-003
   9.3999999999998440        4.5197766115944119E-003
   9.4099999999998438        4.5051568102496093E-003
   9.4199999999998436        4.4905945797489473E-003
   9.4299999999998434        4.4760896880487256E-003
   9.4399999999998432        4.4616419038545855E-003
   9.4499999999998430        4.4472509964211641E-003
   9.4599999999998428        4.4329167353480813E-003
   9.4699999999998425        4.4186388903644088E-003
   9.4799999999998423        4.4044172311094795E-003
   9.4899999999998421        4.3902515269062213E-003
   9.4999999999998419        4.3761415465287477E-003
   9.5099999999998417        4.3620870579675316E-003
   9.5199999999998415        4.3480878281866031E-003
   9.5299999999998413        4.3341436228808063E-003
   9.5399999999998411        4.3202542062276278E-003
   9.5499999999998408        4.3064193406415138E-003
   9.5599999999998406        4.2926387865238249E-003
   9.5699999999998404        4.2789123020142549E-003
   9.5799999999998402        4.2652396427464486E-003
   9.5899999999998400        4.2516205616014314E-003
   9.5999999999998398        4.2380548084700051E-003
   9.6099999999998396        4.2245421300162907E-003
   9.6199999999998393        4.2110822694499291E-003
   9.6299999999998391        4.1976749663053788E-003
   9.6399999999998389        4.1847113096294053E-003
   9.6499999999998387        4.1713842289438823E-003
   9.6599999999998385        4.1581077383798428E-003
   9.6699999999998383        4.1448816553759562E-003
   9.6799999999998381        4.1317058047566184E-003
   9.6899999999998379        4.1185800188817028E-003
   9.6999999999998376        4.1055041377793646E-003
   9.7099999999998374        4.0924780092592783E-003
   9.7199999999998372        4.0795014890060250E-003
   9.7299999999998370        4.0665744406506183E-003
   9.7399999999998368        4.0536967358187157E-003
   9.7499999999998366        4.0408682541533264E-003
   9.7599999999998364        4.0279830704068823E-003
   9.7699999999998361        4.0152691389299796E-003
   9.7799999999998359        4.0026035249652496E-003
   9.7899999999998357        3.9899859735205261E-003
   9.7999999999998355        3.9774162286178427E-003
   9.8099999999998353        3.9648940333163723E-003
   9.8199999999998351        3.9524191297459878E-003
   9.8299999999998349        3.9399912591517689E-003
   9.8399999999998347        3.9276101619500131E-003
   9.8499999999998344        3.9152755777958305E-003
   9.8599999999998342        3.9029872456628444E-003
   9.8699999999998340        3.8907449039353057E-003
   9.8799999999998338        3.8785482905127570E-003
   9.8899999999998336        3.8663971429277197E-003
   9.8999999999998334        3.8542911984761168E-003
   9.9099999999998332        3.8422301943609920E-003
   9.9199999999998330        3.8302138678494224E-003
   9.9299999999998327        3.8182419564427080E-003
   9.9399999999998325        3.8063141980596020E-003
   9.9499999999998323        3.7944303312328178E-003
   9.9599999999998321        3.7825900953183996E-003
   9.9699999999998319        3.7707932307179236E-003
   9.9799999999998317        3.7590394791128866E-003
   9.9899999999998315        3.7473285837117598E-003
   9.9999999999998312        3.7356602895080048E-003
   10.009999999999831        3.7241190927492802E-003
   10.019999999999831        3.7125625782465348E-003
   10.029999999999831        3.7010508934538959E-003
   10.039999999999830        3.6895839067810961E-003
   10.049999999999830        3.6781614856458795E-003
   10.059999999999830        3.6667834961502822E-003
   10.069999999999830        3.6554498027480623E-003
   10.079999999999830        3.6441602679071995E-003
   10.089999999999829        3.6329147517662084E-003
   10.099999999999829        3.6217131117863748E-003
   10.109999999999829        3.6105552024015075E-003
   10.119999999999829        3.5994408746652749E-003
   10.129999999999828        3.5883699758985236E-003
   10.139999999999828        3.5768062573773053E-003
   10.149999999999828        3.5657709999008303E-003
   10.159999999999828        3.5547759780937480E-003
   10.169999999999828        3.5438210097145425E-003
   10.179999999999827        3.5329059154502436E-003
   10.189999999999827        3.5220305190259110E-003
   10.199999999999827        3.5111946473125547E-003
   10.209999999999827        3.5003981304302465E-003
   10.219999999999827        3.4896408018503253E-003
   10.229999999999826        3.4789224984902900E-003
   10.239999999999826        3.4682430608072080E-003
   10.249999999999826        3.4576023328824670E-003
   10.259999999999826        3.4470001625028978E-003
   10.269999999999825        3.4364364012337174E-003
   10.279999999999825        3.4259109044837972E-003
   10.289999999999825        3.4154235315634342E-003
   10.299999999999825        3.4049741457335674E-003
   10.309999999999825        3.3945626142436358E-003
   10.319999999999824        3.3841888083612484E-003
   10.329999999999824        3.3738526033894878E-003
   10.339999999999824        3.3635538786728611E-003
   10.349999999999824        3.3532925175915910E-003
   10.359999999999824        3.3430684075427645E-003
   10.369999999999823        3.3328814399064570E-003
   10.379999999999823        3.3237992700690354E-003
   10.389999999999823        3.3137318135640671E-003
   10.399999999999823        3.3037012588696514E-003
   10.409999999999823        3.2937073887432718E-003
   10.419999999999822        3.2837499840461613E-003
   10.429999999999822        3.2738288238522862E-003
   10.439999999999822        3.2639436855745425E-003
   10.449999999999822        3.2540943451071047E-003
   10.459999999999821        3.2442805769854147E-003
   10.469999999999821        3.2345021545645983E-003
   10.479999999999821        3.2247588502156681E-003
   10.489999999999821        3.2150504355384843E-003
   10.499999999999821        3.2053766815950957E-003
   10.509999999999820        3.1946002289886749E-003
   10.519999999999820        3.1849688802339923E-003
   10.529999999999820        3.1753726227279049E-003
   10.539999999999820        3.1658113366108587E-003
   10.549999999999820        3.1562849029336077E-003
   10.559999999999819        3.1467932035453340E-003
   10.569999999999819        3.1373361209772093E-003
   10.579999999999819        3.1279135383168837E-003
   10.589999999999819        3.1185253390809795E-003
   10.599999999999818        3.1091714070782639E-003
   10.609999999999818        3.0998516262699025E-003
   10.619999999999818        3.0905658806229860E-003
   10.629999999999818        3.0813140539604151E-003
   10.639999999999818        3.0720960298049891E-003
   10.649999999999817        3.0629116912196455E-003
   10.659999999999817        3.0537609206438086E-003
   10.669999999999817        3.0446435997270524E-003
   10.679999999999817        3.0355596091583958E-003
   10.689999999999817        3.0265088284942773E-003
   10.699999999999816        3.0174911359832409E-003
   10.709999999999816        3.0085064083912490E-003
   10.719999999999816        2.9995545208238942E-003
   10.729999999999816        2.9906353465498584E-003
   10.739999999999815        2.9817487568249779E-003
   10.749999999999815        2.9728946207159186E-003
   10.759999999999815        2.9645819779754662E-003
   10.769999999999815        2.9557770273004637E-003
   10.779999999999815        2.9470027618630234E-003
   10.789999999999814        2.9382590632388477E-003
   10.799999999999814        2.9295458172462572E-003
   10.809999999999814        2.9208629140929769E-003
   10.819999999999814        2.9122102485177330E-003
   10.829999999999814        2.9035877199241433E-003
   10.839999999999813        2.8949952325078398E-003
   10.849999999999813        2.8864326953747981E-003
   10.859999999999813        2.8779000226500148E-003
   10.869999999999813        2.8693971335766052E-003
   10.879999999999812        2.8609239526032259E-003
   10.889999999999812        2.8524804094597947E-003
   10.899999999999812        2.8438591151519694E-003
   10.909999999999812        2.8354908828636997E-003
   10.919999999999812        2.8271522362849251E-003
   10.929999999999811        2.8188430306166209E-003
   10.939999999999811        2.8105631199741884E-003
   10.949999999999811        2.8023123573773442E-003
   10.959999999999811        2.7940905947457864E-003
   10.969999999999811        2.7858976829012319E-003
   10.979999999999810        2.7777334715757369E-003
   10.989999999999810        2.7695978094271446E-003
   10.999999999999810        2.7614905440616518E-003
   11.009999999999810        2.7534115220634679E-003
   11.019999999999810        2.7453605890324011E-003
   11.029999999999809        2.7373375896291262E-003
   11.039999999999809        2.7293423676286333E-003
   11.049999999999809        2.7213747659818113E-003
   11.059999999999809        2.7134346268856318E-003
   11.069999999999808        2.7055217918618233E-003
   11.079999999999808        2.6976361018441228E-003
   11.089999999999808        2.6897773972746940E-003
   11.099999999999808        2.6819455182089369E-003
   11.109999999999808        2.6741403044295625E-003
   11.119999999999807        2.6663615955694335E-003
   11.129999999999807        2.6586092312432213E-003
   11.139999999999807        2.6508830511880327E-003
   11.149999999999807        2.6431235869498592E-003
   11.159999999999807        2.6354577928586797E-003
   11.169999999999806        2.6278195542877693E-003
   11.179999999999806        2.6202088131966417E-003
   11.189999999999806        2.6126255118452445E-003
   11.199999999999806        2.6050695926149734E-003
   11.209999999999805        2.5975409978225249E-003
   11.219999999999805        2.5900396695274362E-003
   11.229999999999805        2.5825655493327748E-003
   11.239999999999805        2.5751185781800771E-003
   11.249999999999805        2.5676986961390008E-003
   11.259999999999804        2.5603058421916933E-003
   11.269999999999804        2.5529399540127964E-003
   11.279999999999804        2.5456009677457935E-003
   11.289999999999804        2.5380305812136169E-003
   11.299999999999804        2.5307147091866199E-003
   11.309999999999803        2.5234234605558264E-003
   11.319999999999803        2.5161567233044765E-003
   11.329999999999803        2.5089143869716848E-003
   11.339999999999803        2.5016963427372304E-003
   11.349999999999802        2.4945024835061076E-003
   11.359999999999802        2.4873327039935875E-003
   11.369999999999802        2.4801869008093365E-003
   11.379999999999802        2.4730649725415279E-003
   11.389999999999802        2.4659668198393258E-003
   11.399999999999801        2.4588923454938495E-003
   11.409999999999801        2.4518414545183515E-003
   11.419999999999801        2.4448140542249336E-003
   11.429999999999801        2.4378100542995461E-003
   11.439999999999801        2.4308293668737113E-003
   11.449999999999800        2.4238719065929042E-003
   11.459999999999800        2.4169375906811577E-003
   11.469999999999800        2.4100263390013634E-003
   11.479999999999800        2.4031380741110801E-003
   11.489999999999799        2.3962727213130879E-003
   11.499999999999799        2.3894302087003952E-003
   11.509999999999799        2.3826104671949557E-003
   11.519999999999799        2.3758134305813358E-003
   11.529999999999799        2.3690390355316786E-003
   11.539999999999798        2.3622872216243016E-003
   11.549999999999798        2.3563288502756264E-003
   11.559999999999798        2.3496609174077257E-003
   11.569999999999798        2.3430159253140948E-003
   11.579999999999798        2.3363937504810987E-003
   11.589999999999797        2.3297942676244873E-003
   11.599999999999797        2.3232173497121028E-003
   11.609999999999797        2.3166628679960983E-003
   11.619999999999797        2.3101306920553268E-003
   11.629999999999797        2.3036206898458308E-003
   11.639999999999796        2.2971327277624088E-003
   11.649999999999796        2.2906666707105112E-003
   11.659999999999796        2.2842223821884387E-003
   11.669999999999796        2.2777997243789080E-003
   11.679999999999795        2.2713985582541044E-003
   11.689999999999795        2.2640713282504506E-003
   11.699999999999795        2.2576852051012283E-003
   11.709999999999795        2.2513206315136268E-003
   11.719999999999795        2.2449775459135674E-003
   11.729999999999794        2.2386558876030796E-003
   11.739999999999794        2.2323555966997487E-003
   11.749999999999794        2.2260766140740898E-003
   11.759999999999794        2.2198188812826104E-003
   11.769999999999794        2.2135823404937794E-003
   11.779999999999793        2.2073669344135796E-003
   11.789999999999793        2.2011726062033761E-003
   11.799999999999793        2.1949992993963575E-003
   11.809999999999793        2.1888469578078460E-003
   11.819999999999792        2.1827155254428008E-003
   11.829999999999792        2.1766049463995485E-003
   11.839999999999792        2.1705151647684637E-003
   11.849999999999792        2.1644461245291981E-003
   11.859999999999792        2.1583977694422749E-003
   11.869999999999791        2.1523700429398936E-003
   11.879999999999791        2.1463628880118977E-003
   11.889999999999791        2.1403762470902287E-003
   11.899999999999791        2.1344100619299852E-003
   11.909999999999791        2.1284642734897760E-003
   11.919999999999790        2.1225388218089492E-003
   11.929999999999790        2.1166336458840699E-003
   11.939999999999790        2.1107486835436964E-003
   11.949999999999790        2.1054374640349146E-003
   11.959999999999789        2.0995853965792171E-003
   11.969999999999789        2.0937521359049877E-003
   11.979999999999789        2.0879376036363603E-003
   11.989999999999789        2.0821417237009837E-003
   11.999999999999789        2.0763644224403997E-003
   12.009999999999788        2.0706056287205519E-003
   12.019999999999788        2.0648652740386723E-003
   12.029999999999788        2.0591432926301079E-003
   12.039999999999788        2.0534396215707148E-003
   12.049999999999788        2.0477542008768132E-003
   12.059999999999787        2.0420869736013300E-003
   12.069999999999787        2.0364378859262389E-003
   12.079999999999787        2.0308068872495178E-003
   12.089999999999787        2.0251939302678369E-003
   12.099999999999786        2.0193015179229552E-003
   12.109999999999786        2.0137373952146143E-003
   12.119999999999786        2.0081916762699852E-003
   12.129999999999786        2.0026642800479778E-003
   12.139999999999786        1.9971551246006740E-003
   12.149999999999785        1.9916641270488092E-003
   12.159999999999785        1.9861912035608379E-003
   12.169999999999785        1.9807362693349036E-003
   12.179999999999785        1.9752992385842867E-003
   12.189999999999785        1.9698800245268240E-003
   12.199999999999784        1.9644785393777694E-003
   12.209999999999784        1.9590946943471238E-003
   12.219999999999784        1.9537283996410157E-003
   12.229999999999784        1.9483795644675639E-003
   12.239999999999783        1.9430480970474466E-003
   12.249999999999783        1.9377339046291945E-003
   12.259999999999783        1.9324368935096418E-003
   12.269999999999783        1.9271569690592143E-003
   12.279999999999783        1.9218940357529110E-003
   12.289999999999782        1.9166479972062733E-003
   12.299999999999782        1.9114187562172128E-003
   12.309999999999782        1.9062062148134454E-003
   12.319999999999782        1.9010102743055109E-003
   12.329999999999782        1.8958308353458292E-003
   12.339999999999781        1.8906677979935484E-003
   12.349999999999781        1.8855210617853835E-003
   12.359999999999781        1.8802922258295612E-003
   12.369999999999781        1.8751759785492570E-003
   12.379999999999781        1.8700767685614315E-003
   12.389999999999780        1.8649945710657576E-003
   12.399999999999780        1.8599293619706433E-003
   12.409999999999780        1.8548811178007766E-003
   12.419999999999780        1.8498498155997377E-003
   12.429999999999779        1.8448354328275888E-003
   12.439999999999779        1.8398379472534547E-003
   12.449999999999779        1.8348573368433163E-003
   12.459999999999779        1.8298935796432474E-003
   12.469999999999779        1.8249466536581693E-003
   12.479999999999778        1.8200165367261907E-003
   12.489999999999778        1.8151032063890916E-003
   12.499999999999778        1.8102066397587867E-003
   12.509999999999778        1.8052208407553648E-003
   12.519999999999778        1.8003411017533041E-003
   12.529999999999777        1.7954765822634248E-003
   12.539999999999777        1.7906272118511650E-003
   12.549999999999777        1.7857929208417969E-003
   12.559999999999777        1.7809736403791151E-003
   12.569999999999776        1.7761693024854100E-003
   12.579999999999776        1.7713798401222036E-003
   12.589999999999776        1.7666051872518270E-003
   12.599999999999776        1.7618452788993174E-003
   12.609999999999776        1.7571000512150024E-003
   12.619999999999775        1.7523694415371750E-003
   12.629999999999775        1.7476533884543195E-003
   12.639999999999775        1.7429518318680028E-003
   12.649999999999775        1.7382647130545418E-003
   12.659999999999775        1.7335919747264168E-003
   12.669999999999774        1.7289335610925060E-003
   12.679999999999774        1.7242894179176349E-003
   12.689999999999774        1.7196594925803625E-003
   12.699999999999774        1.7150437341293154E-003
   12.709999999999773        1.7104420933373955E-003
   12.719999999999773        1.7058545227545494E-003
   12.729999999999773        1.7012809767570404E-003
   12.739999999999773        1.6967214115953340E-003
   12.749999999999773        1.6921757854375481E-003
   12.759999999999772        1.6876440584113670E-003
   12.769999999999772        1.6835903707800102E-003
   12.779999999999772        1.6791158447253536E-003
   12.789999999999772        1.6746558716255371E-003
   12.799999999999772        1.6702103850993958E-003
   12.809999999999771        1.6657793174389155E-003
   12.819999999999771        1.6613625995915641E-003
   12.829999999999771        1.6569601611469589E-003
   12.839999999999771        1.6525719303281986E-003
   12.849999999999770        1.6481978339882586E-003
   12.859999999999770        1.6438377976106745E-003
   12.869999999999770        1.6394917453159464E-003
   12.879999999999770        1.6351595998733337E-003
   12.889999999999770        1.6308412827177724E-003
   12.899999999999769        1.6265367139728999E-003
   12.909999999999769        1.6222458124802931E-003
   12.919999999999769        1.6179684958343922E-003
   12.929999999999769        1.6129721439602071E-003
   12.939999999999769        1.6086961647324345E-003
   12.949999999999768        1.6044335583631220E-003
   12.959999999999768        1.6001842925382837E-003
   12.969999999999768        1.5959483357242191E-003
   12.979999999999768        1.5917256571404254E-003
   12.989999999999768        1.5875162267308084E-003
   12.999999999999767        1.5833200151309454E-003
   13.009999999999767        1.5791369936335464E-003
   13.019999999999767        1.5749671341496380E-003
   13.029999999999767        1.5708104091683094E-003
   13.039999999999766        1.5666667917120726E-003
   13.049999999999766        1.5625362552904448E-003
   13.059999999999766        1.5584187738492902E-003
   13.069999999999766        1.5543143217182920E-003
   13.079999999999766        1.5502228735557147E-003
   13.089999999999765        1.5461444042885613E-003
   13.099999999999765        1.5420788890523336E-003
   13.109999999999765        1.5380263031261809E-003
   13.119999999999765        1.5339866218659331E-003
   13.129999999999765        1.5299598206352054E-003
   13.139999999999764        1.5259458747332059E-003
   13.149999999999764        1.5219447593201921E-003
   13.159999999999764        1.5179564493415709E-003
   13.169999999999764        1.5139809194488364E-003
   13.179999999999763        1.5100181439188355E-003
   13.189999999999763        1.5066097238680082E-003
   13.199999999999763        1.5026727526470927E-003
   13.209999999999763        1.4987475507352087E-003
   13.219999999999763        1.4948340636068932E-003
   13.229999999999762        1.4909322377728959E-003
   13.239999999999762        1.4870420208540967E-003
   13.249999999999762        1.4831633616566382E-003
   13.259999999999762        1.4792962102471441E-003
   13.269999999999762        1.4754405180282023E-003
   13.279999999999761        1.4715962378144321E-003
   13.289999999999761        1.4677633239074499E-003
   13.299999999999761        1.4639417321711402E-003
   13.309999999999761        1.4601314201060068E-003
   13.319999999999760        1.4563323469224654E-003
   13.329999999999760        1.4525444736132459E-003
   13.339999999999760        1.4487677630239120E-003
   13.349999999999760        1.4450021799221123E-003
   13.359999999999760        1.4408910814114775E-003
   13.369999999999759        1.4371558218587404E-003
   13.379999999999759        1.4334321805870853E-003
   13.389999999999759        1.4297201135761487E-003
   13.399999999999759        1.4260195761613922E-003
   13.409999999999759        1.4223305230079502E-003
   13.419999999999758        1.4186529080849187E-003
   13.429999999999758        1.4149866846417530E-003
   13.439999999999758        1.4113318051860169E-003
   13.449999999999758        1.4076882214629259E-003
   13.459999999999757        1.4040558844368954E-003
   13.469999999999757        1.4004347442748007E-003
   13.479999999999757        1.3968247503317599E-003
   13.489999999999757        1.3932258511389461E-003
   13.499999999999757        1.3896379943940107E-003
   13.509999999999756        1.3860611269538060E-003
   13.519999999999756        1.3824951948301035E-003
   13.529999999999756        1.3789401431878385E-003
   13.539999999999756        1.3753959163465002E-003
   13.549999999999756        1.3718624577843241E-003
   13.559999999999755        1.3683397101459899E-003
   13.569999999999755        1.3648276152532532E-003
   13.579999999999755        1.3613261141191726E-003
   13.589999999999755        1.3578351469656588E-003
   13.599999999999755        1.3543546532447711E-003
   13.609999999999754        1.3508845716635122E-003
   13.619999999999754        1.3473528916093825E-003
   13.629999999999754        1.3438959443753012E-003
   13.639999999999754        1.3404496260126515E-003
   13.649999999999753        1.3370139246259036E-003
   13.659999999999753        1.3335888291268728E-003
   13.669999999999753        1.3301743291966443E-003
   13.679999999999753        1.3267704152440320E-003
   13.689999999999753        1.3233770783608509E-003
   13.699999999999752        1.3199943102737170E-003
   13.709999999999752        1.3166221032926498E-003
   13.719999999999752        1.3132604502563651E-003
   13.729999999999752        1.3099093444742065E-003
   13.739999999999752        1.3065687796649671E-003
   13.749999999999751        1.3032387498923600E-003
   13.759999999999751        1.2999192494974870E-003
   13.769999999999751        1.2966102730281020E-003
   13.779999999999751        1.2933118151649862E-003
   13.789999999999750        1.2899982105436566E-003
   13.799999999999750        1.2867139242092583E-003
   13.809999999999750        1.2834391933789903E-003
   13.819999999999750        1.2801739726372901E-003
   13.829999999999750        1.2769182168529440E-003
   13.839999999999749        1.2736718812165610E-003
   13.849999999999749        1.2704349212792605E-003
   13.859999999999749        1.2672072929923945E-003
   13.869999999999749        1.2639889527483847E-003
   13.879999999999749        1.2607798574223715E-003
   13.889999999999748        1.2575799644148041E-003
   13.899999999999748        1.2543892316947973E-003
   13.909999999999748        1.2512076178441136E-003
   13.919999999999748        1.2480350821017243E-003
   13.929999999999747        1.2448715844089306E-003
   13.939999999999747        1.2417170854546456E-003
   13.949999999999747        1.2385715467211069E-003
   13.959999999999747        1.2354349305296005E-003
   13.969999999999747        1.2323072000861807E-003
   13.979999999999746        1.2291883195271291E-003
   13.989999999999746        1.2260782539645009E-003
   13.999999999999746        1.2229769695305853E-003
   14.009999999999746        1.2198844334225510E-003
   14.019999999999746        1.2168006139456902E-003
   14.029999999999745        1.2137254805560909E-003
   14.039999999999745        1.2106590039023502E-003
   14.049999999999745        1.2076011558658415E-003
   14.059999999999745        1.2047967358404682E-003
   14.069999999999744        1.2017766279617793E-003
   14.079999999999744        1.1987658225568495E-003
   14.089999999999744        1.1957642853200584E-003
   14.099999999999744        1.1927719810852565E-003
   14.109999999999744        1.1897888738004667E-003
   14.119999999999743        1.1868149265041523E-003
   14.129999999999743        1.1838501013037683E-003
   14.139999999999743        1.1808943593561994E-003
   14.149999999999743        1.1779476608506723E-003
   14.159999999999743        1.1750099649938794E-003
   14.169999999999742        1.1720812299979891E-003
   14.179999999999742        1.1691614130709849E-003
   14.189999999999742        1.1662504704102066E-003
   14.199999999999742        1.1633483571982155E-003
   14.209999999999742        1.1604550276028561E-003
   14.219999999999741        1.1575704347794552E-003
   14.229999999999741        1.1541717740552126E-003
   14.239999999999741        1.1512829950754294E-003
   14.249999999999741        1.1484025942648979E-003
   14.259999999999740        1.1455305535769075E-003
   14.269999999999740        1.1426668556015493E-003
   14.279999999999740        1.1398114835577231E-003
   14.289999999999740        1.1369644212841279E-003
   14.299999999999740        1.1341256532271722E-003
   14.309999999999739        1.1312951644283590E-003
   14.319999999999739        1.1284729405088472E-003
   14.329999999999739        1.1256589676528872E-003
   14.339999999999739        1.1228532325883228E-003
   14.349999999999739        1.1200557225664359E-003
   14.359999999999738        1.1172664253386463E-003
   14.369999999999738        1.1144853291316474E-003
   14.379999999999738        1.1117124226211631E-003
   14.389999999999738        1.1089476949021721E-003
   14.399999999999737        1.1061911354587619E-003
   14.409999999999737        1.1034427341308391E-003
   14.419999999999737        1.1007024810791980E-003
   14.429999999999737        1.0979703667489016E-003
   14.439999999999737        1.0952463818300221E-003
   14.449999999999736        1.0925305172168409E-003
   14.459999999999736        1.0898227639652835E-003
   14.469999999999736        1.0871231132482109E-003
   14.479999999999736        1.0844315563086385E-003
   14.489999999999736        1.0817480844120897E-003
   14.499999999999735        1.0795500771907389E-003
   14.509999999999735        1.0768875701981260E-003
   14.519999999999735        1.0742325277473515E-003
   14.529999999999735        1.0715849128975744E-003
   14.539999999999734        1.0689446890955123E-003
   14.549999999999734        1.0663118202191449E-003
   14.559999999999734        1.0636862706244136E-003
   14.569999999999734        1.0610680051910755E-003
   14.579999999999734        1.0584569893709083E-003
   14.589999999999733        1.0558531892356717E-003
   14.599999999999733        1.0532565715262534E-003
   14.609999999999733        1.0506671037017812E-003
   14.619999999999733        1.0480847539905192E-003
   14.629999999999733        1.0455094914387831E-003
   14.639999999999732        1.0429412859627168E-003
   14.649999999999732        1.0403801083977899E-003
   14.659999999999732        1.0378259305500459E-003
   14.669999999999732        1.0352787252455949E-003
   14.679999999999731        1.0323623690332209E-003
   14.689999999999731        1.0298325412377738E-003
   14.699999999999731        1.0273101419476416E-003
   14.709999999999731        1.0247951483745039E-003
   14.719999999999731        1.0222875373351425E-003
   14.729999999999730        1.0197872852281892E-003
   14.739999999999730        1.0172943680115988E-003
   14.749999999999730        1.0148087611803014E-003
   14.759999999999730        1.0123304397446674E-003
   14.769999999999730        1.0098593782095545E-003
   14.779999999999729        1.0073955505540675E-003
   14.789999999999729        1.0049389302123337E-003
   14.799999999999729        1.0024894900549253E-003
   14.809999999999729        1.0000472023715178E-003
   14.819999999999729        9.9761203885450982E-004
   14.829999999999728        9.9518397058397491E-004
   14.839999999999728        9.9276296801366240E-004
   14.849999999999728        9.9034900095835879E-004
   14.859999999999728        9.8794203858312943E-004
   14.869999999999727        9.8554204939342149E-004
   14.879999999999727        9.8314900122727132E-004
   14.889999999999727        9.8076286124902830E-004
   14.899999999999727        9.7838359594481041E-004
   14.909999999999727        9.7601117111981205E-004
   14.919999999999726        9.7364555189785270E-004
   14.929999999999726        9.7128670272235939E-004
   14.939999999999726        9.6893458736013738E-004
   14.949999999999726        9.6656733280729712E-004
   14.959999999999726        9.6421992363451337E-004
   14.969999999999725        9.6187918899288385E-004
   14.979999999999725        9.5954512200789957E-004
   14.989999999999725        9.5721771647371576E-004
   14.999999999999725        9.5489696684078874E-004
