0.00000000       7.41298199       4.29529858       2.07612228    
  0.100000001       7.34990549       4.28463364       2.07308006    
  0.200000003       8.04355812       4.06781292       2.00830650    
  0.300000012       7.95403194       4.06510353       2.00745964    
  0.400000006       7.86643839       4.06190014       2.00645828    
  0.500000000       7.78077030       4.05820560       2.00530052    
  0.600000024       7.69702005       4.05402756       2.00399017    
  0.700000048       7.61469173       4.04949188       2.00256538    
  0.800000072       7.53392887       4.04456711       2.00101662    
  0.900000095       7.45452452       4.03930855       1.99935722    
   1.00000012       7.37646770       4.03372288       1.99759102    
   1.10000014       7.29975033       4.02781391       1.99571800    
   1.20000017       7.22436762       4.02158737       1.99374008    
   1.30000019       7.15030670       4.01504803       1.99165535    
   1.40000021       7.07755995       4.00820160       1.98946953    
   1.50000024       7.00611782       4.00105381       1.98718071    
   1.60000026       6.93596935       3.99361324       1.98478889    
   1.70000029       6.86710501       3.98588467       1.98229790    
   1.80000031       6.79951382       3.97787476       1.97970772    
   1.90000033       6.73318481       3.96958828       1.97701836    
   2.00000024       6.66776466       3.96111870       1.97426033    
   2.10000014       6.60384941       3.95232010       1.97138405    
   2.20000005       6.54086781       3.94334030       1.96843910    
   2.29999995       6.47880840       3.93418503       1.96542358    
   2.39999986       6.41766453       3.92485523       1.96233940    
   2.49999976       6.35742378       3.91535950       1.95918655    
   2.59999967       6.29807854       3.90570354       1.95596886    
   2.69999957       6.23961830       3.89589024       1.95268631    
   2.79999948       6.18203545       3.88592720       1.94933701    
   2.89999938       6.12531757       3.87582111       1.94592667    
   2.99999928       6.06945801       3.86557293       1.94245338    
   3.09999919       6.01444435       3.85519123       1.93891907    
   3.19999909       5.96026802       3.84468269       1.93532562    
   3.29999900       5.90691948       3.83404922       1.93167305    
   3.39999890       5.85439014       3.82329941       1.92796135    
   3.49999881       5.80266666       3.81243706       1.92419624    
   3.59999871       5.75174332       3.80146790       1.92037392    
   3.69999862       5.70160675       3.79039574       1.91649818    
   3.79999852       5.65225029       3.77922726       1.91256905    
   3.89999843       5.60366058       3.76796627       1.90858841    
   3.99999833       5.55583191       3.75662041       1.90455818    
   4.09999847       5.50875282       3.74519157       1.90047646    
   4.19999838       5.46241236       3.73368645       1.89634705    
   4.29999828       5.41680145       3.72210979       1.89217186    
   4.39999819       5.37191248       3.71046543       1.88795090    
   4.49999809       5.32773399       3.69876099       1.88368416    
   4.59999800       5.28425455       3.68699837       1.87937355    
   4.69999790       5.24146843       3.67518330       1.87502289    
   4.79999781       5.20465899       3.65816021       1.87061691    
   4.89999771       5.16337204       3.64610863       1.86618233    
   4.99999762       5.12277937       3.63398838       1.86170959    
   5.09999752       5.08142567       3.62209511       1.85730934    
   5.19999743       5.04213190       3.60985470       1.85276604    
   5.29999733       5.00336361       3.59758472       1.84819794    
   5.39999723       4.96511316       3.58528709       1.84360695    
   5.49999714       4.92737198       3.57296467       1.83899307    
   5.59999704       4.89013624       3.56061935       1.83435631    
   5.69999695       4.85339832       3.54825306       1.82969856    
   5.79999685       4.81715155       3.53586864       1.82501984    
   5.89999676       4.78139114       3.52346897       1.82032204    
   5.99999666       4.74610853       3.51105690       1.81560516    
   6.09999657       4.71129894       3.49863338       1.81087112    
   6.19999647       4.67695665       3.48620033       1.80611801    
   6.29999638       4.64307308       3.47376251       1.80135155    
   6.39999628       4.60964441       3.46131992       1.79656601    
   6.49999619       4.57666397       3.44887352       1.79176712    
   6.59999609       4.54412603       3.43642712       1.78695297    
   6.69999599       4.51202488       3.42398453       1.78212738    
   6.79999590       4.48035479       3.41154385       1.77728653    
   6.89999580       4.44910812       3.39910889       1.77243614    
   6.99999571       4.41828203       3.38668060       1.76757431    
   7.09999561       4.38786983       3.37425995       1.76270294    
   7.19999552       4.35786581       3.36185074       1.75782013    
   7.29999542       4.32826519       3.34945583       1.75292778    
   7.39999533       4.29906225       3.33707333       1.74802780    
   7.49999523       4.27025032       3.32470608       1.74312019    
   7.59999514       4.24182558       3.31235409       1.73820686    
   7.69999504       4.21378326       3.30002403       1.73328590    
   7.79999495       4.18611765       3.28771210       1.72835732    
   7.89999485       4.15882397       3.27542114       1.72342682    
   7.99999475       4.13189650       3.26315308       1.71848869    
   8.09999466       4.10532951       3.25090790       1.71354866    
   8.19999504       4.07912064       3.23868942       1.70860481    
   8.29999542       4.05326271       3.22649574       1.70365715    
   8.39999580       4.02775192       3.21433067       1.69870949    
   8.49999619       4.00258446       3.20219421       1.69375801    
   8.59999657       3.97775459       3.19008827       1.68880653    
   8.69999695       3.95325851       3.17801094       1.68385315    
   8.79999733       3.92909050       3.16596603       1.67890167    
   8.89999771       3.90524864       3.15395546       1.67394829    
   8.99999809       3.88172531       3.14197731       1.66899681    
   9.09999847       3.85851860       3.13003540       1.66404724    
   9.19999886       3.83562279       3.11812782       1.65909958    
   9.29999924       3.81303596       3.10625648       1.65415382    
   9.39999962       3.79075050       3.09442329       1.64921188    
   9.50000000       3.76876640       3.08262634       1.64427185    
   9.60000038       3.74707603       3.07086945       1.63933754    
   9.70000076       3.72567749       3.05915070       1.63440514    
   9.80000114       3.70456505       3.04747391       1.62947655    
   9.90000153       3.68373680       3.03583717       1.62455750    
   10.0000019       3.65911865       3.02483368       1.61989212  
