   9.99999978E-03   245.76940889895647     
   1.99999996E-02   244.78696283284231     
   2.99999993E-02   243.81006137354930     
   3.99999991E-02   242.83865321117850     
   5.00000007E-02   241.87268777903714     
   5.99999987E-02   240.91211523892105     
   7.00000003E-02   239.95688646676021     
   7.99999982E-02   239.00695303861886     
   9.00000036E-02   238.06226721703990     
  0.100000001       237.12278193772096     
  0.109999999       236.18845079651561     
  0.119999997       235.25922803674794     
  0.129999995       234.33506853683295     
  0.140000001       233.41592779819311     
  0.150000006       232.50176193346320     
  0.159999996       231.59252765497394     
  0.170000002       230.68818226350905     
  0.180000007       229.78868363732471     
  0.189999998       228.89399022142788     
  0.200000003       228.00406101710175     
  0.209999993       227.11885557167611     
  0.219999999       226.23833396853186     
  0.230000004       225.36245681733701     
  0.239999995       224.49118524450282     
  0.250000000       223.62448088386043     
  0.259999990       222.76230586754590     
  0.270000011       221.90462281709267     
  0.280000001       221.05139483472169     
  0.289999992       220.20258549482904     
  0.300000012       219.35815883565991     
  0.310000002       218.51807935116926     
  0.319999993       217.68231198306006     
  0.330000013       216.85082211299815     
  0.340000004       216.02357555499503     
  0.349999994       215.20053854795856     
  0.360000014       214.38167774840335     
  0.370000005       213.56696022331900     
  0.379999995       212.75635344319181     
  0.389999986       211.94982527517499     
  0.400000006       211.14734397640461     
  0.409999996       210.34887818745798     
  0.419999987       209.55439692594794     
  0.430000007       208.76386958025526     
  0.439999998       207.97726590338809     
  0.449999988       207.19455600697299     
  0.460000008       206.41571035536913     
  0.469999999       205.64069975990333     
  0.479999989       204.86949537322556     
  0.490000010       204.10206868377929     
  0.500000000       203.33839151038393     
  0.509999990       202.57843599692916     
  0.519999981       201.82217460717479     
  0.529999971       201.06958011965773     
  0.540000021       200.32062562269851     
  0.550000012       199.57528450951020     
  0.560000002       198.83353047340341     
  0.569999993       198.09533750308617     
  0.579999983       197.36067987805848     
  0.589999974       196.62953216409508     
  0.600000024       195.90186920881908     
  0.610000014       195.17766613736023     
  0.620000005       194.45689834809860     
  0.629999995       193.73954150849102     
  0.639999986       193.02557155097728     
  0.649999976       192.31496466896485     
  0.660000026       191.60769731289207     
  0.670000017       190.90374618636466     
  0.680000007       190.20308824236648     
  0.689999998       189.50570067954243     
  0.699999988       188.81156093855037     
  0.709999979       188.12064669848246     
  0.720000029       187.43293587335322     
  0.730000019       186.74840660865297     
  0.740000010       186.06703727796531     
  0.750000000       185.38880647964760     
  0.759999990       184.71369303357190     
  0.769999981       184.04167597792613     
  0.779999971       183.37273456607440     
  0.790000021       182.70684826347332     
  0.800000012       182.04399674464526     
  0.810000002       181.38415989020626     
  0.819999993       180.72731778394714     
  0.829999983       180.07345070996743     
  0.839999974       179.42253914986014     
  0.850000024       178.77456377994784     
  0.860000014       178.12950546856618     
  0.870000005       177.48734527339704     
  0.879999995       176.84806443884776     
  0.889999986       176.21164439347666     
  0.899999976       175.57806674746411     
  0.910000026       174.94731329012754     
  0.920000017       174.31936598747865     
  0.930000007       173.69420697982480     
  0.939999998       173.07181857941021     
  0.949999988       172.45218326809871     
  0.959999979       171.83528369509571     
  0.970000029       171.22110267470944     
  0.980000019       170.60962318414971     
  0.990000010       170.00082836136536     
   1.00000000       169.39470150291638     
   1.00999999       168.79122606188358     
   1.01999998       168.19038564581226     
   1.02999997       167.59216401469101     
   1.03999996       166.99654507896346     
   1.04999995       166.40351289757419     
   1.05999994       165.81305167604572     
   1.07000005       165.22514576458821     
   1.08000004       164.63977965623999     
   1.09000003       164.05693798503799     
   1.10000002       163.47660552421937     
   1.11000001       162.89876718445103     
   1.12000000       162.32340801208858     
   1.13000000       161.75051318746378     
   1.13999999       161.18006802319854     
   1.14999998       160.61205796254751     
   1.15999997       160.04646857776544     
   1.16999996       159.48328556850211     
   1.17999995       158.92249476022241     
   1.19000006       158.36408210265066     
   1.20000005       157.80803366824054     
   1.21000004       157.25433565066879     
   1.22000003       156.70297436335250     
   1.23000002       156.15393623798948     
   1.24000001       155.60720782312157     
   1.25000000       155.06277578272034     
   1.25999999       154.52062689479459     
   1.26999998       153.98074805002003     
   1.27999997       153.44312625038816     
   1.28999996       152.90774860787843     
   1.29999995       152.37460234314895     
   1.30999994       151.84367478424795     
   1.32000005       151.31495336534417     
   1.33000004       150.78842562547752     
   1.34000003       150.26407920732771     
   1.35000002       149.74190185600173     
   1.36000001       149.22188141783954     
   1.37000000       148.70400583923796     
   1.38000000       148.18826316549155     
   1.38999999       147.67464153965093     
   1.39999998       147.16312920139850     
   1.40999997       146.65371448593964     
   1.41999996       146.14638582291204     
   1.42999995       145.64113173530896     
   1.44000006       145.13794083842009     
   1.45000005       144.63680183878668     
   1.46000004       144.13770353317247     
   1.47000003       143.64063480754916     
   1.48000002       143.14558463609725     
   1.49000001       142.65254208022031     
   1.50000000       142.16149628757438     
   1.50999999       141.67243649111052     
   1.51999998       141.18535200813159     
   1.52999997       140.70023223936229     
   1.53999996       140.21706666803215     
   1.54999995       139.73584485897214     
   1.55999994       139.25655645772312     
   1.57000005       138.77919118965804     
   1.58000004       138.30373885911510     
   1.59000003       137.83018934854448     
   1.60000002       137.35853261766562     
   1.61000001       136.88875870263706     
   1.62000000       136.42085771523782     
   1.63000000       135.95481984205972     
   1.63999999       135.49063534371072     
   1.64999998       135.02829455403023     
   1.65999997       134.56778787931333     
   1.66999996       134.10910579754807     
   1.67999995       133.65223885766062     
   1.69000006       133.19717767877259     
   1.70000005       132.74391294946739     
   1.71000004       132.29243542706701     
   1.72000003       131.84273593691816     
   1.73000002       131.39480537168831     
   1.74000001       130.94863469067116     
   1.75000000       130.50421491910089     
   1.75999999       130.06153714747649     
   1.76999998       129.62059253089416     
   1.77999997       129.18137228838870     
   1.78999996       128.74386770228446     
   1.79999995       128.30807011755348     
   1.80999994       127.87397094118326     
   1.82000005       127.44156164155206     
   1.83000004       127.01083374781264     
   1.84000003       126.58177884928416     
   1.85000002       126.15438859485160     
   1.86000001       125.72865469237330     
   1.87000000       125.30456890809604     
   1.88000000       124.88212306607757     
   1.88999999       124.46130904761661     
   1.89999998       124.04211879069018     
   1.90999997       123.62454428939829     
   1.91999996       123.20857759341519     
   1.92999995       122.79421080744815     
   1.94000006       122.38143609070273     
   1.95000005       121.97024565635506     
   1.96000004       121.56063177103047     
   1.97000003       121.15258675428899     
   1.98000002       120.74610297811708     
   1.99000001       120.34117286642581     
   2.00000000       119.93778889455508     
   2.00999999       119.53594358878453     
   2.01999998       119.13562952584991     
   2.02999997       118.73683933246554     
   2.03999996       118.33956568485326     
   2.04999995       117.94380130827616     
   2.05999994       117.54953897657890     
   2.06999993       117.15677151173325     
   2.07999992       116.76549178338932     
   2.08999991       116.37569270843177     
   2.09999990       115.98736725054252     
   2.10999990       115.60050841976714     
   2.11999989       115.21510927208821     
   2.13000011       114.83116290900239     
   2.14000010       114.44866247710321     
   2.15000010       114.06760116766908     
   2.16000009       113.68797221625546     
   2.17000008       113.30976890229302     
   2.18000007       112.93298454868895     
   2.19000006       112.55761252143479     
   2.20000005       112.18364622921753     
   2.21000004       111.81107912303611     
   2.22000003       111.43990469582184     
   2.23000002       111.07011648206351     
   2.24000001       110.70170805743740     
   2.25000000       110.33467303844043     
   2.25999999       109.96900508202891     
   2.26999998       109.60469788526011     
   2.27999997       109.24174518493965     
   2.28999996       108.88014075727084     
   2.29999995       108.51987841751031     
   2.30999994       108.16095201962568     
   2.31999993       107.80335545595867     
   2.32999992       107.44708265689066     
   2.33999991       107.09212759051317     
   2.34999990       106.73848426230171     
   2.35999990       106.38614671479306     
   2.36999989       106.03510902726650     
   2.38000011       105.68536531542878     
   2.39000010       105.33690973110191     
   2.40000010       104.98973646191540     
   2.41000009       104.64383973100139     
   2.42000008       104.29921379669315     
   2.43000007       103.95585295222732     
   2.44000006       103.61375152544869     
   2.45000005       103.27290387851953     
   2.46000004       102.93330440763084     
   2.47000003       102.59494754271728     
   2.48000002       102.25782774717571     
   2.49000001       101.92193951758583     
   2.50000000       101.58727738343482     
   2.50999999       101.25383590684426     
   2.51999998       100.92160968230104     
   2.52999997       100.59059333638929     
   2.53999996       100.26078152752753     
   2.54999995       99.932168945707019     
   2.55999994       99.604750312233577     
   2.56999993       99.278520379472212     
   2.57999992       98.953473930593802     
   2.58999991       98.629605779325715     
   2.59999990       98.306910769703848     
   2.60999990       97.985383775828268     
   2.61999989       97.665019701620679     
   2.63000011       97.345813480584923     
   2.64000010       97.027760075570114     
   2.65000010       96.710854478535666     
   2.66000009       96.395091710319406     
   2.67000008       96.080466820408148     
   2.68000007       95.766974886709761     
   2.69000006       95.454611015328723     
   2.70000005       95.143370340343623     
   2.71000004       94.833248023586705     
   2.72000003       94.524239254425879     
   2.73000002       94.216339249549108     
   2.74000001       93.909543252750865     
   2.75000000       93.603846534720958     
   2.75999999       93.299244392835149     
   2.76999998       92.995732150948541     
   2.77999997       92.693305159190317     
   2.78999996       92.391958793761233     
   2.79999995       92.091688456732811     
   2.80999994       91.792489575848634     
   2.81999993       91.494357604327547     
   2.82999992       91.197288020669504     
   2.83999991       90.901276328462103     
   2.84999990       90.606318056190219     
   2.85999990       90.312408757047223     
   2.86999989       90.019544008747658     
   2.88000011       89.727719413342228     
   2.89000010       89.436930597034845     
   2.90000010       89.147173210000517     
   2.91000009       88.858442926206507     
   2.92000008       88.570735443233630     
   2.93000007       88.284046482100621     
   2.94000006       87.998371787089738     
   2.95000005       87.713707125573706     
   2.96000004       87.430048287845210     
   2.97000003       87.147391086947096     
   2.98000002       86.865731358504945     
   2.99000001       86.585064960561112     
   3.00000000       86.305387773410146     
   3.00999999       86.026695699435777     
   3.01999998       85.748984662950193     
   3.02999997       85.472250610033484     
   3.03999996       85.196489508376430     
   3.04999995       84.921697347123072     
   3.05999994       84.647870136715781     
   3.06999993       84.375003908741832     
   3.07999992       84.103094715780813     
   3.08999991       83.832138631253926     
   3.09999990       83.562131749274926     
   3.10999990       83.293070184501744     
   3.11999989       83.024950071990375     
   3.13000011       82.757767567049356     
   3.14000010       82.491518845096337     
   3.15000010       82.226200101515303     
   3.16000009       81.961807551515605     
   3.17000008       81.698337429992193     
   3.18000007       81.435785991387107     
   3.19000006       81.174149509552294     
   3.20000005       80.913424277613402     
   3.21000004       80.653606607835698     
   3.22000003       80.394692831489920     
   3.23000002       80.136679298720594     
   3.24000001       79.879562378414732     
   3.25000000       79.623338458072425     
   3.25999999       79.368003943677692     
   3.26999998       79.113555259571427     
   3.27999997       78.859988848325088     
   3.28999996       78.607301170615486     
   3.29999995       78.355488705100797     
   3.30999994       78.104547948297778     
   3.31999993       77.854475414459912     
   3.32999992       77.605267635456812     
   3.33999991       77.356921160654650     
   3.34999990       77.109432556797444     
   3.35999990       76.862798407890068     
   3.36999989       76.617015315081318     
   3.38000011       76.372079896548769     
   3.39000010       76.127988787384737     
   3.40000010       75.884738639482521     
   3.41000009       75.642326121424148     
   3.42000008       75.400747918369248     
   3.43000007       75.160000731944692     
   3.44000006       74.920081280134909     
   3.45000005       74.680986297173831     
   3.46000004       74.442712533437273     
   3.47000003       74.205256755336251     
   3.48000002       73.968615745211693     
   3.49000001       73.732786301229453     
   3.50000000       73.497765237276866     
   3.50999999       73.263549382859324     
   3.51999998       73.030135582999009     
   3.52999997       72.797520698133155     
   3.53999996       72.565701604014237     
   3.54999995       72.334675191610216     
   3.55999994       72.104438367006367     
   3.56999993       71.874988051307454     
   3.57999992       71.646321180540653     
   3.58999991       71.418434705559932     
   3.59999990       71.191325591950516     
   3.60999990       70.964990819934698     
   3.61999989       70.739427384278045     
   3.63000011       70.514632294196687     
   3.64000010       70.290602573265275     
   3.65000010       70.067335259325660     
   3.66000009       69.844827404396440     
   3.67000008       69.623076074583324     
   3.68000007       69.402078349989878     
   3.69000006       69.181831324629485     
   3.70000005       68.962332106337868     
   3.71000004       68.743577816686013     
   3.72000003       68.525565590894573     
   3.73000002       68.308292577747849     
   3.74000001       68.091755939509994     
   3.75000000       67.875952851840054     
   3.75999999       67.660880503709521     
   3.76999998       67.446536097319424     
   3.77999997       67.232916848018448     
   3.78999996       67.020019984221548     
   3.79999995       66.807842747329616     
   3.80999994       66.596382391649385     
   3.81999993       66.385636184314194     
   3.82999992       66.175601405205455     
   3.83999991       65.966275346874411     
   3.84999990       65.757655314464955     
   3.85999990       65.549738625636905     
   3.86999989       65.342522610489667     
   3.88000011       65.136004611487039     
   3.89000010       64.930181983381843     
   3.90000010       64.725052093141997     
   3.91000009       64.520612319876633     
   3.92000008       64.316860054762941     
   3.93000007       64.113792700973619     
   3.94000006       63.911407673604792     
   3.95000005       63.709702399604872     
   3.96000004       63.508674317703232     
   3.97000003       63.308320878340503     
   3.98000002       63.108639543598230     
   3.99000001       62.909627787130098     
   4.00000000       62.711283094092941     
   4.01000023       62.513602961079023     
   4.01999998       62.316584896047956     
   4.03000021       62.120226418259968     
   4.03999996       61.924525058209362     
   4.05000019       61.729478357558214     
   4.05999994       61.535083869071102     
   4.07000017       61.341339156549864     
   4.07999992       61.148241794769433     
   4.09000015       60.955789369413402     
   4.09999990       60.763979477010771     
   4.11000013       60.572809724872656     
   4.11999989       60.382277731029994     
   4.13000011       60.192381124171348     
   4.13999987       60.003117543581133     
   4.15000010       59.814484639078813     
   4.15999985       59.626480070957733     
   4.17000008       59.439101509925322     
   4.17999983       59.252346637043082     
   4.19000006       59.066213143667483     
   4.19999981       58.880698731390758     
   4.21000004       58.695801111982696     
   4.21999979       58.511518007332597     
   4.23000002       58.327847149391715     
   4.23999977       58.144786280116122     
   4.25000000       57.962333151409965     
   4.26000023       57.780485525069125     
   4.26999998       57.599241172725449     
   4.28000021       57.418597875791342     
   4.28999996       57.238553425404476     
   4.30000019       57.059105622373373     
   4.30999994       56.880252277123070     
   4.32000017       56.701991209641243     
   4.32999992       56.524320249424953     
   4.34000015       56.347237235427095     
   4.34999990       56.170740016004494     
   4.36000013       55.994826448864927     
   4.36999989       55.819494401015525     
   4.38000011       55.644741748711105     
   4.38999987       55.470566377403316     
   4.40000010       55.296966181689392     
   4.40999985       55.123939065262128     
   4.42000008       54.951482940859691     
   4.42999983       54.779595730215689     
   4.44000006       54.608275364010225     
   4.44999981       54.437519781820676     
   4.46000004       54.267326932073111     
   4.46999979       54.097694771993886     
   4.48000002       53.928621267561944     
   4.48999977       53.760104393460914     
   4.50000000       53.592142133032063     
   4.51000023       53.424732478227313     
   4.51999998       53.257873429562572     
   4.53000021       53.091562996071481     
   4.53999996       52.925799195259572     
   4.55000019       52.760580053058469     
   4.55999994       52.595903603780627     
   4.57000017       52.431767890074603     
   4.57999992       52.268170962879928     
   4.59000015       52.105110881383069     
   4.59999990       51.942585712973390     
   4.61000013       51.780593533199166     
   4.61999989       51.619132425724366     
   4.63000011       51.458200482285378     
   4.63999987       51.297795802648331     
   4.65000010       51.137916494566248     
   4.65999985       50.978560673737128     
   4.67000008       50.819726463761803     
   4.67999983       50.661411996102174     
   4.69000006       50.503615410040076     
   4.69999981       50.346334852635991     
   4.71000004       50.189568478688230     
   4.71999979       50.033314450692366     
   4.73000002       49.877570938801085     
   4.73999977       49.722336120784156     
   4.75000000       49.567608181988447     
   4.76000023       49.413385315298903     
   4.76999998       49.259665721098948     
   4.78000021       49.106447607231885     
   4.78999996       48.953729188961894     
   4.80000019       48.801508688935961     
   4.80999994       48.649784337145405     
   4.82000017       48.498554370888378     
   4.82999992       48.347817034731648     
   4.84000015       48.197570580473901     
   4.84999990       48.047813267108104     
   4.86000013       47.898543360784643     
   4.86999989       47.749759134774919     
   4.88000011       47.601458869434737     
   4.88999987       47.453640852168235     
   4.90000010       47.306303377391991     
   4.90999985       47.159444746499105     
   4.92000008       47.013063267823988     
   4.92999983       46.867157256607101     
   4.94000006       46.721725034959817     
   4.94999981       46.576764931829736     
   4.96000004       46.432275282966216     
   4.96999979       46.288254430886020     
   4.98000002       46.144700724839154     
   4.98999977       46.001612520775055     
   5.00000000       45.858988181309037     
   5.01000023       45.716826075688545     
   5.01999998       45.575124579760356     
   5.03000021       45.433882075937284     
   5.03999996       45.293096953165467     
   5.05000019       45.152767606891942     
   5.05999994       45.012892439031944     
   5.07000017       44.873469857937110     
   5.07999992       44.734498278363219     
   5.09000015       44.595976121438660     
   5.09999990       44.457901814632812     
   5.11000013       44.320273791724539     
   5.11999989       44.183090492771399     
   5.13000011       44.046350364078229     
   5.13999987       43.910051858166916     
   5.15000010       43.774193433745225     
   5.15999985       43.638773555677034     
   5.17000008       43.503790694951725     
   5.17999983       43.369243328654399     
   5.19000006       43.235129939936030     
   5.19999981       43.101449017983825     
   5.21000004       42.968199057991868     
   5.21999979       42.835378561131726     
   5.23000002       42.702986034523562     
   5.23999977       42.571019991207130     
   5.25000000       42.439478950113227     
   5.26000023       42.308361436034964     
   5.26999998       42.177665979599482     
   5.28000021       42.047391117239947     
   5.28999996       41.917535391167327     
   5.30000019       41.788097349342621     
   5.30999994       41.659075545449376     
   5.32000017       41.530468538865961     
   5.32999992       41.402274894638396     
   5.34000015       41.274493183453174     
   5.34999990       41.147121981610290     
   5.36000013       41.020159870996352     
   5.36999989       40.893605439057993     
   5.38000011       40.767457278775403     
   5.38999987       40.641713988635907     
   5.40000010       40.516374172607861     
   5.40999985       40.391436440114688     
   5.42000008       40.266899406008839     
   5.42999983       40.142761690546280     
   5.44000006       40.019021919360846     
   5.44999981       39.895678723438863     
   5.46000004       39.772730739093994     
   5.46999979       39.650176607941958     
   5.48000002       39.528014976875873     
   5.48999977       39.406244498041161     
   5.50000000       39.284863828811091     
   5.51000023       39.163871631762269     
   5.51999998       39.043266574650239     
   5.53000021       38.923047330385309     
   5.53999996       38.803212577008537     
   5.55000019       38.683760997667633     
   5.55999994       38.564691280593472     
   5.57000017       38.446002119076098     
   5.57999992       38.327692211441608     
   5.59000015       38.209760261028535     
   5.59999990       38.092204976164574     
   5.61000013       37.975025070143893     
   5.61999989       37.858219261203637     
   5.63000011       37.741786272501493     
   5.63999987       37.625724832092899     
   5.65000010       37.510033672908492     
   5.65999985       37.394711532731606     
   5.67000008       37.279757154176146     
   5.67999983       37.165169284664351     
   5.69000006       37.050946676404592     
   5.69999981       36.937088086369847     
   5.71000004       36.823592276275484     
   5.71999979       36.710458012557986     
   5.73000002       36.597684066353160     
   5.73999977       36.485269213474872     
   5.75000000       36.373212234393669     
   5.76000023       36.261511914215795     
   5.76999998       36.150167042661899     
   5.78000021       36.039176414046253     
   5.78999996       35.928538827256062     
   5.80000019       35.818253085730483     
   5.80999994       35.708317997440396     
   5.82000017       35.598732374867787     
   5.82999992       35.489495034985318     
   5.84000015       35.380604799236373     
   5.84999990       35.272060493514672     
   5.86000013       35.163860948144517     
   5.86999989       35.056004997860775     
   5.88000011       34.948491481789155     
   5.88999987       34.841319243426582     
   5.90000010       34.734487130621616     
   5.90999985       34.627993995555002     
   5.92000008       34.521838694720444     
   5.92999983       34.416020088905206     
   5.94000006       34.310537043171237     
   5.94999981       34.205388426835988     
   5.96000004       34.100573113453507     
   5.96999979       33.996089980795929     
   5.98000002       33.891937910834230     
   5.98999977       33.788115789720301     
   6.00000000       33.684622507767969     
   6.01000023       33.581456959434853     
   6.01999998       33.478618043303968     
   6.03000021       33.376104662065714     
   6.03999996       33.273915722499531     
   6.05000019       33.172050135456288     
   6.05999994       33.070506815839977     
   6.07000017       32.969284682590228     
   6.07999992       32.868382658664622     
   6.09000015       32.767799671020846     
   6.09999990       32.667534650599507     
   6.11000013       32.567586532306578     
   6.11999989       32.467954254996066     
   6.13000011       32.368636761452898     
   6.13999987       32.269632998375705     
   6.15000010       32.170941916359865     
   6.15999985       32.072562469880630     
   6.17000008       31.974493617276124     
   6.17999983       31.876734320730723     
   6.19000006       31.779283546258263     
   6.19999981       31.682140263685678     
   6.21000004       31.585303446636331     
   6.21999979       31.488772072513747     
   6.23000002       31.392545122485149     
   6.23999977       31.296621581465409     
   6.25000000       31.201000438100866     
   6.26000023       31.105680684753207     
   6.26999998       31.010661317483493     
   6.28000021       30.915941336036550     
   6.28999996       30.821519743824794     
   6.30000019       30.727395547912774     
   6.30999994       30.633567759001529     
   6.32000017       30.540035391412811     
   6.32999992       30.446797463074045     
   6.34000015       30.353852995502599     
   6.34999990       30.261201013790508     
   6.36000013       30.168840546589525     
   6.36999989       30.076770626095666     
   6.38000011       29.984990288034435     
   6.38999987       29.893498571645551     
   6.40000010       29.802294519668266     
   6.40999985       29.711377178326476     
   6.42000008       29.620745597313963     
   6.42999983       29.530398829779745     
   6.44000006       29.440335932313431     
   6.44999981       29.350555964930795     
   6.46000004       29.261057991059271     
   6.46999979       29.171841077523528     
   6.48000002       29.082904294531357     
   6.48999977       28.994246715659280     
   6.50000000       28.905867417838454     
   6.51000023       28.817765481340611     
   6.51999998       28.729939989764087     
   6.53000021       28.642390030019826     
   6.53999996       28.555114692317549     
   6.55000019       28.468113070152043     
   6.55999994       28.381384260289266     
   6.57000017       28.294927362752929     
   6.57999992       28.208741480810691     
   6.59000015       28.122825720960861     
   6.59999990       28.037179192918817     
   6.61000013       27.951801009603674     
   6.61999989       27.866690287124950     
   6.63000011       27.781846144769510     
   6.63999987       27.697267704988146     
   6.65000010       27.612954093382552     
   6.65999985       27.528904438692500     
   6.67000008       27.445117872782458     
   6.67999983       27.361593530629115     
   6.69000006       27.278330550308301     
   6.69999981       27.195328072982207     
   6.71000004       27.112585242886826     
   6.71999979       27.030101207319113     
   6.73000002       26.947875116624640     
   6.73999977       26.865906124184711     
   6.75000000       26.784193386404400     
   6.76000023       26.702736062699667     
   6.76999998       26.621533315485372     
   6.78000021       26.540584310162842     
   6.78999996       26.459888215107650     
   6.80000019       26.379444201657563     
   6.80999994       26.299251444100332     
   6.82000017       26.219309119661808     
   6.82999992       26.139616408493797     
   6.84000015       26.060172493662286     
   6.84999990       25.980976561135552     
   6.86000013       25.902027799772295     
   6.86999989       25.823325401310026     
   6.88000011       25.744868560353297     
   6.88999987       25.666656474362092     
   6.90000010       25.588688343640285     
   6.90999985       25.510963371324131     
   6.92000008       25.433480763370770     
   6.92999983       25.356239728546942     
   6.94000006       25.279239478417480     
   6.94999981       25.202479227334173     
   6.96000004       25.125958192424445     
   6.96999979       25.049675593580226     
   6.98000002       24.973630653446836     
   6.98999977       24.897822597411835     
   7.00000000       24.822250653594146     
   7.01000023       24.746914052832953     
   7.01999998       24.671812028676946     
   7.03000021       24.596943817373266     
   7.03999996       24.522308657856922     
   7.05000019       24.447905791739853     
   7.05999994       24.373734463300373     
   7.07000017       24.299793919472428     
   7.07999992       24.226083409835077     
   7.09000015       24.152602186601793     
   7.09999990       24.079349504610200     
   7.11000013       24.006324621311421     
   7.11999989       23.933526796759853     
   7.13000011       23.860955293602640     
   7.13999987       23.788609377069534     
   7.15000010       23.716488314962550     
   7.15999985       23.644591377645849     
   7.17000008       23.572917838035476     
   7.17999983       23.501466971589380     
   7.19000006       23.430238056297302     
   7.19999981       23.359230372670719     
   7.21000004       23.288443203733010     
   7.21999979       23.217875835009426     
   7.23000002       23.147527554517271     
   7.23999977       23.077397652756080     
   7.25000000       23.007485422697879     
   7.26000023       22.937790159777393     
   7.26999998       22.868311161882406     
   7.28000021       22.799047729344128     
   7.28999996       22.729999164927609     
   7.30000019       22.661164773822140     
   7.30999994       22.592543863631818     
   7.32000017       22.524135744366049     
   7.32999992       22.455939728430160     
   7.34000015       22.387955130616056     
   7.34999990       22.320181268092782     
   7.36000013       22.252617460397381     
   7.36999989       22.185263029425546     
   7.38000011       22.118117299422501     
   7.38999987       22.051179596973814     
   7.40000010       21.984449250996306     
   7.40999985       21.917925592728920     
   7.42000008       21.851607955723786     
   7.42999983       21.785495675837154     
   7.44000006       21.719588091220515     
   7.44999981       21.653884542311669     
   7.46000004       21.588384371825846     
   7.46999979       21.523086924746927     
   7.48000002       21.457991548318621     
   7.48999977       21.393097592035762     
   7.50000000       21.328404407635567     
   7.51000023       21.263911349089049     
   7.51999998       21.199617772592298     
   7.53000021       21.135523036557917     
   7.53999996       21.071626501606627     
   7.55000019       21.007927530558582     
   7.55999994       20.944425488424955     
   7.57000017       20.881119742399544     
   7.57999992       20.818009661850400     
   7.59000015       20.755094618311379     
   7.59999990       20.692373985473949     
   7.61000013       20.629847139178867     
   7.61999989       20.567513457407891     
   7.63000011       20.505372320275715     
   7.63999987       20.443423110021591     
   7.65000010       20.381665211001476     
   7.65999985       20.320098009679647     
   7.67000008       20.258720894620954     
   7.67999983       20.197533256482526     
   7.69000006       20.136534488006003     
   7.69999981       20.075723984009407     
   7.71000004       20.015101141379407     
   7.71999979       19.954665359063327     
   7.73000002       19.894416038061333     
   7.73999977       19.834352581418731     
   7.75000000       19.774474394217968     
   7.76000023       19.714780883571152     
   7.76999998       19.655271458612209     
   7.78000021       19.595945530489210     
   7.78999996       19.536802512356775     
   7.80000019       19.477841819368589     
   7.80999994       19.419062868669585     
   7.82000017       19.360465079388629     
   7.82999992       19.302047872630926     
   7.84000015       19.243810671470612     
   7.84999990       19.185752900943260     
   7.86000013       19.127873988038523     
   7.86999989       19.070173361692767     
   7.88000011       19.012650452781706     
   7.88999987       18.955304694113128     
   7.90000010       18.898135520419679     
   7.90999985       18.841142368351484     
   7.92000008       18.784324676469126     
   7.92999983       18.727681885236276     
   7.94000006       18.671213437012746     
   7.94999981       18.614918776047176     
   7.96000004       18.558797348470183     
   7.96999979       18.502848602287123     
   7.98000002       18.447071987371146     
   7.98999977       18.391466955456202     
   8.00000000       18.336032960130115     
   8.01000023       18.280769456827603     
   8.02000046       18.225675902823419     
   8.02999973       18.170751757225485     
   8.03999996       18.115996480968011     
   8.05000019       18.061409536804749     
   8.06000042       18.006990389302192     
   8.06999969       17.952738504832791     
   8.07999992       17.898653351568310     
   8.09000015       17.844734399473015     
   8.10000038       17.790981120297211     
   8.10999966       17.737392987570352     
   8.11999989       17.683969476594701     
   8.13000011       17.630710064438524     
   8.14000034       17.577614229929736     
   8.14999962       17.524681453649212     
   8.15999985       17.471911217924422     
   8.17000008       17.419303006822929     
   8.18000031       17.366856306145948     
   8.18999958       17.314570603421881     
   8.19999981       17.262445387900073     
   8.21000004       17.210480150544338     
   8.22000027       17.158674384026671     
   8.22999954       17.107027582720942     
   8.23999977       17.055539242696696     
   8.25000000       17.004208861712748     
   8.26000023       16.953035939211141     
   8.27000046       16.902019976310861     
   8.27999973       16.851160475801624     
   8.28999996       16.800456942137874     
   8.30000019       16.749908881432535     
   8.31000042       16.699515801451021     
   8.31999969       16.649277211605053     
   8.32999992       16.599192622946813     
   8.34000015       16.549261548162733     
   8.35000038       16.499483501567575     
   8.35999966       16.449857999098619     
   8.36999989       16.400384558309462     
   8.38000011       16.351062698364306     
   8.39000034       16.301891940031997     
   8.39999962       16.252871805680194     
   8.40999985       16.204001819269514     
   8.42000008       16.155281506347674     
   8.43000031       16.106710394043823     
   8.43999958       16.058288011062640     
   8.44999981       16.010013887678742     
   8.46000004       15.961887555730804     
   8.47000027       15.913908548616003     
   8.47999954       15.866076401284284     
   8.48999977       15.818390650232757     
   8.50000000       15.770850833499999     
   8.51000023       15.723456490660535     
   8.52000046       15.676207162819264     
   8.52999973       15.629102392605867     
   8.53999996       15.582141724169254     
   8.55000019       15.535324703172165     
   8.56000042       15.488650876785600     
   8.56999969       15.442119793683348     
   8.57999992       15.395731004036630     
   8.59000015       15.349484059508670     
   8.60000038       15.303378513249188     
   8.60999966       15.257413919889157     
   8.61999989       15.211589835535442     
   8.63000011       15.165905817765433     
   8.64000034       15.120361425621725     
   8.64999962       15.074956219606939     
   8.65999985       15.029689761678307     
   8.67000008       14.984561615242598     
   8.68000031       14.939571345150762     
   8.68999958       14.894718517692841     
   8.69999981       14.850002700592718     
   8.71000004       14.805423463003011     
   8.72000027       14.760980375499933     
   8.72999954       14.716673010078150     
   8.73999977       14.672500940145747     
   8.75000000       14.628463740519102     
   8.76000023       14.584560987417888     
   8.77000046       14.540792258459984     
   8.77999973       14.497157132656557     
   8.78999996       14.453655190406984     
   8.80000019       14.410286013493929     
   8.81000042       14.367049185078415     
   8.81999969       14.323944289694859     
   8.82999992       14.280970913246170     
   8.84000015       14.238128642998879     
   8.85000038       14.195417067578290     
   8.85999966       14.152835776963617     
   8.86999989       14.110384362483098     
   8.88000011       14.068062416809269     
   8.89000034       14.025869533954157     
   8.89999962       13.983805309264522     
   8.90999985       13.941869339417012     
   8.92000008       13.900061222413585     
   8.93000031       13.858380557576641     
   8.93999958       13.816826945544497     
   8.94999981       13.775399988266555     
   8.96000004       13.734099288998722     
   8.97000027       13.692924452298776     
   8.97999954       13.651875084021782     
   8.98999977       13.610950791315380     
   9.00000000       13.570151182615312     
   9.01000023       13.529475867640819     
   9.02000046       13.488924457390066     
   9.02999973       13.448496564135716     
   9.03999996       13.408191801420303     
   9.05000019       13.368009784051800     
   9.06000042       13.327950128099157     
   9.06999969       13.288012450887813     
   9.07999992       13.248196370995309     
   9.09000015       13.208501508246822     
   9.10000038       13.168927483710746     
   9.10999966       13.129473919694380     
   9.11999989       13.090140439739542     
   9.13000011       13.050926668618159     
   9.14000034       13.011832232327981     
   9.14999962       12.972856758088275     
   9.15999985       12.933999874335555     
   9.17000008       12.895261210719189     
   9.18000031       12.856640398097252     
   9.18999958       12.818137068532218     
   9.19999981       12.779750855286773     
   9.21000004       12.741481392819558     
   9.22000027       12.703328316781006     
   9.22999954       12.665291264009111     
   9.23999977       12.627369872525335     
   9.25000000       12.589563781530419     
   9.26000023       12.551872631400256     
   9.27000046       12.514296063681769     
   9.27999973       12.476833721088855     
   9.28999996       12.439485247498212     
   9.30000019       12.402250287945401     
   9.31000042       12.365128488620668     
   9.31999969       12.328119496865012     
   9.32999992       12.291222961166069     
   9.34000015       12.254438531154207     
   9.35000038       12.217765857598495     
   9.35999966       12.181204592402679     
   9.36999989       12.144754388601294     
   9.38000011       12.108414900355719     
   9.39000034       12.072185782950259     
   9.39999962       12.036066692788154     
   9.40999985       12.000057287387783     
   9.42000008       11.964157225378690     
   9.43000031       11.928366166497868     
   9.43999958       11.892683771585734     
   9.44999981       11.857109702582374     
   9.46000004       11.821643622523741     
   9.47000027       11.786285195537863     
   9.47999954       11.751034086840958     
   9.48999977       11.715889962733755     
   9.50000000       11.680852490597706     
   9.51000023       11.645921338891180     
   9.52000046       11.611096177145853     
   9.52999973       11.576376675962882     
   9.53999996       11.541762507009224     
   9.55000019       11.507253343013987     
   9.56000042       11.472848857764708     
   9.56999969       11.438548726103763     
   9.57999992       11.404352623924607     
   9.59000015       11.370260228168235     
   9.60000038       11.336271216819506     
   9.60999966       11.302385268903651     
   9.61999989       11.268602064482506     
   9.63000011       11.234921284651060     
   9.64000034       11.201342611533851     
   9.64999962       11.167865728281445     
   9.65999985       11.134490319066821     
   9.67000008       11.101216069081984     
   9.68000031       11.068042664534319     
   9.68999958       11.034969792643180     
   9.69999981       11.001997141636354     
   9.71000004       10.969124400746656     
   9.72000027       10.936351260208397     
   9.72999954       10.903677411253994     
   9.73999977       10.871102546110558     
   9.75000000       10.838626357996397     
   9.76000023       10.806248541117697     
   9.77000046       10.773968790665073     
   9.77999973       10.741786802810207     
   9.78999996       10.709702274702529     
   9.80000019       10.677714904465807     
   9.81000042       10.645824391194807     
   9.81999969       10.614030434952012     
   9.82999992       10.582332736764267     
   9.84000015       10.550730998619507     
   9.85000038       10.519224923463460     
   9.85999966       10.487814215196337     
   9.86999989       10.456498578669589     
   9.88000011       10.425277719682725     
   9.89000034       10.394151344979944     
   9.89999962       10.363119162247003     
   9.90999985       10.332180880107950     
   9.92000008       10.301336208121977     
   9.93000031       10.270584856780156     
   9.93999958       10.239926537502349     
   9.94999981       10.209360962633921     
   9.96000004       10.178887845442713     
   9.97000027       10.148506900115818     
   9.97999954       10.118217841756490     
   9.98999977       10.088020386380990     
   10.0000000       10.057914250915474     
   10.0100002       10.027899153192976     
   10.0200005       9.9979748119502041     
   10.0299997       9.9681409468245761     
   10.0400000       9.9383972783510863     
   10.0500002       9.9087435279592775     
   10.0600004       9.8791794179702244     
   10.0699997       9.8497046715934751     
   10.0799999       9.8203190129240312     
   10.0900002       9.7910221669393689     
   10.1000004       9.7618138594964545     
   10.1099997       9.7326938173287108     
   10.1199999       9.7036617680431156     
   10.1300001       9.6747174401171598     
   10.1400003       9.6458605628959546     
   10.1499996       9.6170908665893240     
   10.1599998       9.5884080822687690     
   10.1700001       9.5598119418646608     
   10.1800003       9.5313021781632834     
   10.1899996       9.5028785248039203     
   10.1999998       9.4745407162760387     
   10.2100000       9.4462884879163411     
   10.2200003       9.4181215759059498     
   10.2299995       9.3900397172675483     
   10.2399998       9.3620426498625129     
   10.2500000       9.3341301123881095     
   10.2600002       9.3063018443746834     
   10.2700005       9.2785575861828011     
   10.2799997       9.2508970790004970     
   10.2900000       9.2233200648404736     
   10.3000002       9.1958262865373079     
   10.3100004       9.1684154877446833     
   10.3199997       9.1410874129326452     
   10.3299999       9.1138418073848744     
   10.3400002       9.0866784171958823     
   10.3500004       9.0595969892683268     
   10.3599997       9.0325972713103209     
   10.3699999       9.0056790118326333     
   10.3800001       8.9788419601461449     
   10.3900003       8.9520858663589582     
   10.3999996       8.9254104813738806     
   10.4099998       8.8988155568857223     
   10.4200001       8.8723008453785646     
   10.4300003       8.8458661001232120     
   10.4399996       8.8195110751744608     
   10.4499998       8.7932355253685444     
   10.4600000       8.7670392063204581     
   10.4700003       8.7409218744213959     
   10.4799995       8.7148832868361161     
   10.4899998       8.6889232015003586     
   10.5000000       8.6630413771182404     
   10.5100002       8.6372375731597710     
   10.5200005       8.6115115498581503     
   10.5299997       8.5858630682073453     
   10.5400000       8.5602918899594744     
   10.5500002       8.5347977776222610     
   10.5600004       8.5093804944565772     
   10.5699997       8.4840398044738681     
   10.5799999       8.4587754724336541     
   10.5900002       8.4335872638410354     
   10.6000004       8.4084749449442473     
   10.6099997       8.3834382827320741     
   10.6199999       8.3584770449315116     
   10.6300001       8.3335910000051641     
   10.6400003       8.3087799171489358     
   10.6499996       8.2840435662894922     
   10.6599998       8.2593817180818050     
   10.6700001       8.2347941439068268     
   10.6800003       8.2102806158689656     
   10.6899996       8.1858409067937590     
   10.6999998       8.1614747902254070     
   10.7100000       8.1371820404244524     
   10.7200003       8.1129624323652951     
   10.7299995       8.0888157417339634     
   10.7399998       8.0647417449255716     
   10.7500000       8.0407402190421333     
   10.7600002       8.0168109418900837     
   10.7700005       7.9929536919779931     
   10.7799997       7.9691682485142739     
   10.7900000       7.9454543914047830     
   10.8000002       7.9218119012505142     
   10.8100004       7.8982405593453571     
   10.8199997       7.8747401476737524     
   10.8299999       7.8513104489083769     
   10.8400002       7.8279512464079373     
   10.8500004       7.8046623242147719     
   10.8599997       7.7814434670527453     
   10.8699999       7.7582944603248629     
   10.8800001       7.7352150901111028     
   10.8900003       7.7122051431660692     
   10.8999996       7.6892644069168936     
   10.9099998       7.6663926694609383     
   10.9200001       7.6435897195635443     
   10.9300003       7.6208553466558948     
   10.9399996       7.5981893408327723     
   10.9499998       7.5755914928503811     
   10.9600000       7.5530615941241406     
   10.9700003       7.5305994367265177     
   10.9799995       7.5082048133848884     
   10.9899998       7.4858775174793069     
   11.0000000       7.4636173430404096     
   11.0100002       7.4414240847472817     
   11.0200005       7.4192975379252362     
   11.0299997       7.3972374985437570     
   11.0400000       7.3752437632142964     
   11.0500002       7.3533161291883209     
   11.0600004       7.3314543943549850     
   11.0699997       7.3096583572392069     
   11.0799999       7.2879278169994386     
   11.0900002       7.2662625734257089     
   11.1000004       7.2446624269374471     
   11.1099997       7.2231271785814659     
   11.1199999       7.2016566300298255     
   11.1300001       7.1802505835778891     
   11.1400003       7.1589088421421883     
   11.1499996       7.1376312092583616     
   11.1599998       7.1164174890792342     
   11.1700001       7.0952674863726521     
   11.1800003       7.0741810065195603     
   11.1899996       7.0531578555119312     
   11.1999998       7.0321978399508014     
   11.2100000       7.0113007670442329     
   11.2200003       6.9904664446053468     
   11.2299995       6.9696946810503384     
   11.2399998       6.9489852853964651     
   11.2500000       6.9283380672601345     
   11.2600002       6.9077528368548684     
   11.2700005       6.8872294049894123     
   11.2799997       6.8667675830657462     
   11.2900000       6.8463671830771267     
   11.3000002       6.8260280176061920     
   11.3100004       6.8057498998230352     
   11.3199997       6.7855326434832124     
   11.3299999       6.7653760629259150     
   11.3400002       6.7452799730719750     
   11.3500004       6.7252441894220398     
   11.3599997       6.7052685280546198     
   11.3699999       6.6853528056242340     
   11.3800001       6.6654968393594851     
   11.3900003       6.6457004470612446     
   11.3999996       6.6259634471007240     
   11.4099998       6.6062856584176481     
   11.4200001       6.5866669005183658     
   11.4300003       6.5671069934740434     
   11.4399996       6.5476057579188014     
   11.4499998       6.5281630150478387     
   11.4600000       6.5087785866156640     
   11.4700003       6.4894522949342557     
   11.4799995       6.4701839628711841     
   11.4899998       6.4509734138478878     
   11.5000000       6.4318204718378187     
   11.5100002       6.4127249613646589     
   11.5200005       6.3936867075004979     
   11.5299997       6.3747055358640630     
   11.5400000       6.3557812726190157     
   11.5500002       6.3369137444720147     
   11.5600004       6.3181027786710970     
   11.5699997       6.2993482030038503     
   11.5799999       6.2806498457956552     
   11.5900002       6.2620075359079390     
   11.6000004       6.2434211027364821     
   11.6099997       6.2248903762096033     
   11.6199999       6.2064151867864670     
   11.6300001       6.1879953654553681     
   11.6400003       6.1696307437320081     
   11.6499996       6.1513211536577410     
   11.6599998       6.1330664277979272     
   11.6700001       6.1148663992401930     
   11.6800003       6.0967209015927573     
   11.6899996       6.0786297689827187     
   11.6999998       6.0605928360544006     
   11.7100000       6.0426099379676348     
   11.7200003       6.0246809103961070     
   11.7299995       6.0068055895257473     
   11.7399998       5.9889838120529593     
   11.7500000       5.9712154151830461     
   11.7600002       5.9535002366285239     
   11.7700005       5.9358381146075505     
   11.7799997       5.9182288878421669     
   11.7900000       5.9006723955567502     
   11.8000002       5.8831684774763549     
   11.8100004       5.8657169738251591     
   11.8199997       5.8483177253247085     
   11.8299999       5.8309700819530503     
   11.8400002       5.8136748436294710     
   11.8500004       5.7964313853875753     
   11.8599997       5.7792395499111251     
   11.8699999       5.7620991803732968     
   11.8800001       5.7450101204351558     
   11.8900003       5.7279722142440255     
   11.8999996       5.7109853064319660     
   11.9099998       5.6940492421141560     
   11.9200001       5.6771638668873683     
   11.9300003       5.6603290268284097     
   11.9399996       5.6435445684925352     
   11.9499998       5.6268103389119402     
   11.9600000       5.6101261855942290     
   11.9700003       5.5934919565208183     
   11.9799995       5.5769075001454773     
   11.9899998       5.5603726653927641     
   12.0000000       5.5438873016565067     
   12.0100002       5.5274512587983082     
   12.0200005       5.5110643871460239     
   12.0299997       5.4947265374922516     
   12.0400000       5.4784375610928597     
   12.0500002       5.4621973096654584     
   12.0600004       5.4460056353879436     
   12.0699997       5.4298623908969743     
   12.0799999       5.4137674292865539     
   12.0900002       5.3977206041065040     
   12.1000004       5.3817217693610084     
   12.1099997       5.3657707795071614     
   12.1199999       5.3498674894535103     
   12.1300001       5.3340117545585937     
   12.1400003       5.3182034306294872     
   12.1499996       5.3024423739203836     
   12.1599998       5.2867284411311344     
   12.1700001       5.2710614894058176     
   12.1800003       5.2554413763313184     
   12.1899996       5.2398679599359115     
   12.1999998       5.2243410986878143     
   12.2100000       5.2088606514938007     
   12.2200003       5.1934264776977859     
   12.2299995       5.1780384370794197     
   12.2399998       5.1626963898526759     
   12.2500000       5.1474001966644716     
   12.2600002       5.1321497185932961     
   12.2700005       5.1169448171477692     
   12.2799997       5.1017853542653180     
   12.2900000       5.0866711923107673     
   12.3000002       5.0716021940749911     
   12.3100004       5.0565782227735196     
   12.3199997       5.0415991420452118     
   12.3299999       5.0266648159508573     
   12.3400002       5.0117751089718636     
   12.3500004       4.9969298860088829     
   12.3599997       4.9821290123804847     
   12.3699999       4.9673723538217835     
   12.3800001       4.9526597764831664     
   12.3900003       4.9379911469288977     
   12.3999996       4.9233663321358305     
   12.4099998       4.9087851994920833     
   12.4200001       4.8942476167957230     
   12.4300003       4.8797534522534267     
   12.4399996       4.8653025744792187     
   12.4499998       4.8508948524931323     
   12.4600000       4.8365301557199363     
   12.4700003       4.8222083539878104     
   12.4799995       4.8079293175270887     
   12.4899998       4.7936929169689657     
   12.5000000       4.7794990233441856     
   12.5100002       4.7653475080818133     
   12.5200005       4.7512382430079096     
   12.5299997       4.7371711003443320     
   12.5400000       4.7231459527073865     
   12.5500002       4.7091626731066443     
   12.5600004       4.6952211349436332     
   12.5699997       4.6813212120106167     
   12.5799999       4.6674627784893428     
   12.5900002       4.6536457089497834     
   12.6000004       4.6398698783489118     
   12.6099997       4.6261351620294775     
   12.6199999       4.6124414357187504     
   12.6300001       4.5987885755273075     
   12.6400003       4.5851764579478216     
   12.6499996       4.5716049598538326     
   12.6599998       4.5580739584985173     
   12.6700001       4.5445833315135227     
   12.6800003       4.5311329569077312     
   12.6899996       4.5177227130660400     
   12.6999998       4.5043524787482045     
   12.7100000       4.4910221330876352     
   12.7200003       4.4777315555901831     
   12.7299995       4.4644806261329766     
   12.7399998       4.4512692249632382     
   12.7500000       4.4380972326971060     
   12.7600002       4.4249645303184515     
   12.7700005       4.4118709991777170     
   12.7799997       4.3988165209907608     
   12.7900000       4.3858009778376603     
   12.8000002       4.3728242521615996     
   12.8100004       4.3598862267676939     
   12.8199997       4.3469867848218184     
   12.8299999       4.3341258098495032     
   12.8400002       4.3213031857347630     
   12.8500004       4.3085187967189684     
   12.8599997       4.2957725273997021     
   12.8699999       4.2830642627296331     
   12.8800001       4.2703938880154029     
   12.8900003       4.2577612889164786     
   12.8999996       4.2451663514440536     
   12.9099998       4.2326089619599170     
   12.9200001       4.2200890071753401     
   12.9300003       4.2076063741499850     
   12.9399996       4.1951609502907843     
   12.9499998       4.1827526233508507     
   12.9600000       4.1703812814283552     
   12.9700003       4.1580468129654706     
   12.9799995       4.1457491067472638     
   12.9899998       4.1334880519005965     
   13.0000000       4.1212635378930518     
   13.0100002       4.1090754545318555     
   13.0200005       4.0969236919628216     
   13.0299997       4.0848081406692334     
   13.0400000       4.0727286914708243     
   13.0500002       4.0606852355226648     
   13.0600004       4.0486776643141491     
   13.0699997       4.0367058696678999     
   13.0799999       4.0247697437387338     
   13.0900002       4.0128691790126050     
   13.1000004       4.0010040683055497     
   13.1099997       3.9891743047626615     
   13.1199999       3.9773797818570245     
   13.1300001       3.9656203933887051     
   13.1400003       3.9538960334836957     
   13.1499996       3.9422065965928890     
   13.1599998       3.9305519774910636     
   13.1700001       3.9189320712758509     
   13.1800003       3.9073467733667102     
   13.1899996       3.8957959795039203     
   13.1999998       3.8842795857475689     
   13.2100000       3.8727974884765364     
   13.2200003       3.8613495843874777     
   13.2299995       3.8499357704938526     
   13.2399998       3.8385559441248835     
   13.2500000       3.8272100029246041     
   13.2600002       3.8158978448508210     
   13.2700005       3.8046193681741602     
   13.2799997       3.7933744714770508     
   13.2900000       3.7821630536527708     
   13.3000002       3.7709850139044492     
   13.3100004       3.7598402517440763     
   13.3199997       3.7487286669915645     
   13.3299999       3.7376501597737506     
   13.3400002       3.7266046305234424     
   13.3500004       3.7155919799784320     
   13.3599997       3.7046121091805726     
   13.3699999       3.6936649194747875     
   13.3800001       3.6827503125081300     
   13.3900003       3.6718681902288273     
   13.3999996       3.6610184548853422     
   13.4099998       3.6502010090254164     
   13.4200001       3.6394157554951092     
   13.4300003       3.6286625974379199     
   13.4399996       3.6179414382937924     
   13.4499998       3.6072521817981973     
   13.4600000       3.5965947319812206     
   13.4700003       3.5859689931666177     
   13.4799995       3.5753748699708998     
   13.4899998       3.5648122673024010     
   13.5000000       3.5542810903603788     
   13.5100002       3.5437812446340855     
   13.5200005       3.5333126359018645     
   13.5299997       3.5228751702302366     
   13.5400000       3.5124687539729895     
   13.5500002       3.5020932937702871     
   13.5600004       3.4917486965477660     
   13.5699997       3.4814348695156392     
   13.5799999       3.4711517201677911     
   13.5900002       3.4608991562809033     
   13.6000004       3.4506770859135560     
   13.6099997       3.4404854174053510     
   13.6199999       3.4303240593760136     
   13.6300001       3.4201929207245412     
   13.6400003       3.4100919106282901     
   13.6499996       3.4000209385421400     
   13.6599998       3.3899799141975935     
   13.6700001       3.3799687476019291     
   13.6800003       3.3699873490373222     
   13.6899996       3.3600356290599835     
   13.6999998       3.3501134984993128     
   13.7100000       3.3402208684570365     
   13.7200003       3.3303576503063379     
   13.7299995       3.3205237556910330     
   13.7399998       3.3107190965247102     
   13.7500000       3.3009435849898741     
   13.7600002       3.2911971335371191     
   13.7700005       3.2814796548842802     
   13.7799997       3.2717910620156050     
   13.7900000       3.2621312681809087     
   13.8000002       3.2525001868947498     
   13.8100004       3.2428977319356016     
   13.8199997       3.2333238173450138     
   13.8299999       3.2237783574268084     
   13.8400002       3.2142612667462425     
   13.8500004       3.2047724601291994     
   13.8599997       3.1953118526613755     
   13.8699999       3.1858793596874460     
   13.8800001       3.1764748968102925     
   13.8900003       3.1670983798901626     
   13.8999996       3.1577497250438684     
   13.9099998       3.1484288486440080     
   13.9200001       3.1391356673181403     
   13.9300003       3.1298700979480096     
   13.9399996       3.1206320576687250     
   13.9499998       3.1114214638679853     
   13.9600000       3.1022382341852928     
   13.9700003       3.0930822865111618     
   13.9799995       3.0839535389863268     
   13.9899998       3.0748519100009708     
   14.0000000       3.0657773181939469     
   14.0100002       3.0567296824519938     
   14.0200005       3.0477089219089701     
   14.0299997       3.0387149559450695     
   14.0400000       3.0297477041860739     
   14.0500002       3.0208070865025571     
   14.0600004       3.0118930230091565     
   14.0699997       3.0030054340637840     
   14.0799999       2.9941442402668708     
   14.0900002       2.9853093624606237     
   14.1000004       2.9765007217282538     
   14.1099997       2.9677182393932511     
   14.1199999       2.9589618370185917     
   14.1300001       2.9502314364060447     
   14.1400003       2.9415269595953735     
   14.1499996       2.9328483288636442     
   14.1599998       2.9241954667244499     
   14.1700001       2.9155682959271925     
   14.1800003       2.9069667394563292     
   14.1899996       2.8983907205306658     
   14.1999998       2.8898401626026051     
   14.2100000       2.8813149893574326     
   14.2200003       2.8728151247125786     
   14.2299995       2.8643404928169085     
   14.2399998       2.8558910180499946     
   14.2500000       2.8474666250213936     
   14.2600002       2.8390672385699429     
   14.2700005       2.8306927837630353     
   14.2799997       2.8223431858959147     
   14.2900000       2.8140183704909698     
   14.3000002       2.8057182632970017     
   14.3100004       2.7974427902885770     
   14.3199997       2.7891918776652398     
   14.3299999       2.7809654518509088     
   14.3400002       2.7727634394930893     
   14.3500004       2.7645857674622527     
   14.3599997       2.7564323628510894     
   14.3699999       2.7483031529738442     
   14.3800001       2.7401980653656155     
   14.3900003       2.7321170277816957     
   14.3999996       2.7240599681968387     
   14.4099998       2.7160268148046254     
   14.4200001       2.7080174960167502     
   14.4300003       2.7000319404623712     
   14.4399996       2.6920700769874033     
   14.4499998       2.6841318346538752     
   14.4600000       2.6762171427392332     
   14.4700003       2.6683259307356977     
   14.4799995       2.6604581283495676     
   14.4899998       2.6526136655005814     
   14.5000000       2.6447924723212317     
   14.5100002       2.6369944791561295     
   14.5200005       2.6292196165613193     
   14.5299997       2.6214678153036517     
   14.5400000       2.6137390063600940     
   14.5500002       2.6060331209171186     
   14.5600004       2.5983500903700185     
   14.5699997       2.5906898463222801     
   14.5799999       2.5830523205849238     
   14.5900002       2.5754374451758761     
   14.6000004       2.5678451523193129     
   14.6099997       2.5602753744450304     
   14.6199999       2.5527280441877980     
   14.6300001       2.5452030943867316     
   14.6400003       2.5377004580846592     
   14.6499996       2.5302200685274832     
   14.6599998       2.5227618591635537     
   14.6700001       2.5153257636430464     
   14.6800003       2.5079117158173339     
   14.6899996       2.5005196497383602     
   14.6999998       2.4931494996580157     
   14.7100000       2.4858012000275354     
   14.7200003       2.4784746854968498     
   14.7299995       2.4711698909140183     
   14.7399998       2.4638867513245533     
   14.7500000       2.4566252019708710     
   14.7600002       2.4493851782916258     
   14.7700005       2.4421666159211579     
   14.7799997       2.4349694506888420     
   14.7900000       2.4277936186185021     
   14.8000002       2.4206390559278099     
   14.8100004       2.4135056990276933     
   14.8199997       2.4063934845217196     
   14.8299999       2.3993023492055139     
   14.8400002       2.3922322300661545     
   14.8500004       2.3851830642815988     
   14.8599997       2.3781547892200678     
   14.8699999       2.3711473424394809     
   14.8800001       2.3641606616868502     
   14.8900003       2.3571946848977183     
   14.8999996       2.3502493501955475     
   14.9099998       2.3433245958911666     
   14.9200001       2.3364203604821663     
   14.9300003       2.3295365826523535     
   14.9399996       2.3226732012711326     
   14.9499998       2.3158301553929785     
   14.9600000       2.3090073842568324     
   14.9700003       2.3022048272855491     
   14.9799995       2.2954224240853112     
   14.9899998       2.2886601144450869     
   15.0000000       2.2819178383360454     
