   9.99999978E-03   434.81593097770235     
   1.99999996E-02   431.90602262722552     
   2.99999993E-02   429.04363572057048     
   3.99999991E-02   426.22723911205617     
   5.00000007E-02   423.45537526470650     
   5.99999987E-02   420.72665560688887     
   7.00000003E-02   418.03975624920599     
   7.99999982E-02   415.39341402862681     
   9.00000036E-02   412.78642285031117     
  0.100000001       410.21763030065301     
  0.109999999       407.68593450777149     
  0.119999997       405.19028122807367     
  0.129999995       402.72966113964048     
  0.140000001       400.30310732506416     
  0.150000006       397.90969292805460     
  0.159999996       395.54852896961580     
  0.170000002       393.21876231093660     
  0.180000007       390.91957375132500     
  0.189999998       388.65017625059221     
  0.200000003       386.40981326624041     
  0.209999993       384.19775719667655     
  0.219999999       382.01330792244443     
  0.230000004       379.85579143816329     
  0.239999995       377.72455856849052     
  0.250000000       375.61898376199559     
  0.259999990       373.53846395733797     
  0.270000011       371.48241751661789     
  0.280000001       369.45028322117497     
  0.289999992       367.44151932550756     
  0.300000012       365.45560266531692     
  0.310000002       363.49202781601088     
  0.319999993       361.55030629827519     
  0.330000013       359.62996582759490     
  0.340000004       357.73054960483705     
  0.349999994       355.85161564523327     
  0.360000014       353.99273614329189     
  0.370000005       352.15349687136012     
  0.379999995       350.33349660971737     
  0.389999986       348.53234660623957     
  0.400000006       346.74967006381206     
  0.409999996       344.98510165379963     
  0.419999987       343.23828705400160     
  0.430000007       341.50888250962652     
  0.439999998       339.79655441592797     
  0.449999988       338.10097892122974     
  0.460000008       336.42184154915725     
  0.469999999       334.75883683897376     
  0.479999989       333.11166800298713     
  0.490000010       331.48004660006785     
  0.500000000       329.86369222437651     
  0.509999990       328.26233220845808     
  0.519999981       326.67570133991700     
  0.529999971       325.10354159093390     
  0.540000021       323.54560185993023     
  0.550000012       322.00163772473690     
  0.560000002       320.47141120665265     
  0.569999993       318.95469054482612     
  0.579999983       317.45124998041877     
  0.589999974       315.96086955005137     
  0.600000024       314.48333488805412     
  0.610000014       313.01843703707425     
  0.620000005       311.56597226662655     
  0.629999995       310.12574189918229     
  0.639999986       308.69755214343269     
  0.649999976       307.28121393436732     
  0.660000026       305.87654277984183     
  0.670000017       304.48335861331879     
  0.680000007       303.10148565248602     
  0.689999998       301.73075226347538     
  0.699999988       300.37099083041676     
  0.709999979       299.02203763007680     
  0.720000029       297.68373271134931     
  0.730000019       296.35591977937042     
  0.740000010       295.03844608405109     
  0.750000000       293.73116231282319     
  0.759999990       292.43392248741156     
  0.769999981       291.14658386445177     
  0.779999971       289.86900683978240     
  0.790000021       288.60105485625070     
  0.800000012       287.34259431488016     
  0.810000002       286.09349448924706     
  0.819999993       284.85362744293866     
  0.829999983       283.62286794995060     
  0.839999974       282.40109341790640     
  0.850000024       281.18818381397512     
  0.860000014       279.98402159337746     
  0.870000005       278.78849163037012     
  0.879999995       277.60148115160933     
  0.889999986       276.42287967179078     
  0.899999976       275.25257893147949     
  0.910000026       274.09047283703569     
  0.920000017       272.93645740255585     
  0.930000007       271.79043069374598     
  0.939999998       270.65229277365358     
  0.949999988       269.52194565018078     
  0.959999979       268.39929322531339     
  0.970000029       267.28424124599519     
  0.980000019       266.17669725658772     
  0.990000010       265.07657055285080     
   1.00000000       263.98377213738848     
   1.00999999       262.89821467650415     
   1.01999998       261.81981245841052     
   1.02999997       260.74848135274686     
   1.03999996       259.68413877134935     
   1.04999995       258.62670363023568     
   1.05999994       257.57609631275147     
   1.07000005       256.53223863384164     
   1.08000004       255.49505380540464     
   1.09000003       254.46446640268726     
   1.10000002       253.44040233168781     
   1.11000001       252.42278879752774     
   1.12000000       251.41155427375844     
   1.13000000       250.40662847257173     
   1.13999999       249.40794231588035     
   1.14999998       248.41542790723793     
   1.15999997       247.42901850457326     
   1.16999996       246.44864849370413     
   1.17999995       245.47425336261119     
   1.19000006       244.50576967644020     
   1.20000005       243.54313505321124     
   1.21000004       242.58628814021077     
   1.22000003       241.63516859104192     
   1.23000002       240.68971704331275     
   1.24000001       239.74987509694105     
   1.25000000       238.81558529305488     
   1.25999999       237.88679109347007     
   1.26999998       236.96343686072413     
   1.27999997       236.04546783865126     
   1.28999996       235.13283013347959     
   1.29999995       234.22547069543245     
   1.30999994       233.32333730081996     
   1.32000005       232.42637853460531     
   1.33000004       231.53454377342771     
   1.34000003       230.64778316907223     
   1.35000002       229.76604763236810     
   1.36000001       228.88928881750630     
   1.37000000       228.01745910675899     
   1.38000000       227.15051159559380     
   1.38999999       226.28840007816473     
   1.39999998       225.43107903317420     
   1.40999997       224.57850361009048     
   1.41999996       223.73062961571216     
   1.42999995       222.88741350106869     
   1.44000006       222.04881234864624     
   1.45000005       221.21478385993100     
   1.46000004       220.38528634325857     
   1.47000003       219.56027870196053     
   1.48000002       218.73972042280280     
   1.49000001       217.92357156470132     
   1.50000000       217.11179274771365     
   1.50999999       216.30434514229236     
   1.51999998       215.50119045879831     
   1.52999997       214.70229093726192     
   1.53999996       213.90760933738710     
   1.54999995       213.11710892879276     
   1.55999994       212.33075348148174     
   1.57000005       211.54850725653327     
   1.58000004       210.77033499701196     
   1.59000003       209.99620191908673     
   1.60000002       209.22607370335595     
   1.61000001       208.45991648636971     
   1.62000000       207.69769685234726     
   1.63000000       206.93938182508182     
   1.63999999       206.18493886002960     
   1.64999998       205.43433583657540     
   1.65999997       204.68754105047432     
   1.66999996       203.94452320645914     
   1.67999995       203.20525141101487     
   1.69000006       202.46969516531138     
   1.70000005       201.73782435829276     
   1.71000004       201.00960925991717     
   1.72000003       200.28502051454672     
   1.73000002       199.56402913447761     
   1.74000001       198.84660649361371     
   1.75000000       198.13272432127437     
   1.75999999       197.42235469613641     
   1.76999998       196.71547004030495     
   1.77999997       196.01204311351032     
   1.78999996       195.31204700742859     
   1.79999995       194.61545514012215     
   1.80999994       193.92224125059519     
   1.82000005       193.23237939346646     
   1.83000004       192.54584393374941     
   1.84000003       191.86260954174375     
   1.85000002       191.18265118803046     
   1.86000001       190.50594413857115     
   1.87000000       189.83246394990704     
   1.88000000       189.16218646445660     
   1.88999999       188.49508780590796     
   1.89999998       187.83114437470559     
   1.90999997       187.17033284362779     
   1.91999996       186.51263015345162     
   1.92999995       185.85801350870716     
   1.94000006       185.20646037351398     
   1.95000005       184.55794846750140     
   1.96000004       183.91245576180918     
   1.97000003       183.26996047516712     
   1.98000002       182.63044107005095     
   1.99000001       181.99387624891409     
   2.00000000       181.36024495049213     
   2.00999999       180.72952634617948     
   2.01999998       180.10169983647506     
   2.02999997       179.47674504749784     
   2.03999996       178.85464182756752     
   2.04999995       178.23537024385115     
   2.05999994       177.61891057907420     
   2.06999993       177.00524332829269     
   2.07999992       176.39434919572741     
   2.08999991       175.78620909165588     
   2.09999990       175.18080412936487     
   2.10999990       174.57811562215807     
   2.11999989       173.97812508041963     
   2.13000011       173.38081420873249     
   2.14000010       172.78616490304987     
   2.15000010       172.19415924791812     
   2.16000009       171.60477951375120     
   2.17000008       171.01800815415413     
   2.18000007       170.43382780329623     
   2.19000006       169.85222127333000     
   2.20000005       169.27317155185852     
   2.21000004       168.69666179944792     
   2.22000003       168.12267534718305     
   2.23000002       167.55119569426842     
   2.24000001       166.98220650567177     
   2.25000000       166.41569160980728     
   2.25999999       165.85163499626296     
   2.26999998       165.29002081356492     
   2.27999997       164.73083336698278     
   2.28999996       164.17405711637335     
   2.29999995       163.61967667406006     
   2.30999994       163.06767680275169     
   2.31999993       162.51804241349498     
   2.32999992       161.97075856366391     
   2.33999991       161.42581045498289     
   2.34999990       160.88318343158303     
   2.35999990       160.34286297809382     
   2.36999989       159.80483471776404     
   2.38000011       159.26908441061767     
   2.39000010       158.73559795163834     
   2.40000010       158.20436136898621     
   2.41000009       157.67536082224305     
   2.42000008       157.14858260068820     
   2.43000007       156.62401312160227     
   2.44000006       156.10163892859916     
   2.45000005       155.58144668998548     
   2.46000004       155.06342319714778     
   2.47000003       154.54755536296514     
   2.48000002       154.03383022024863     
   2.49000001       153.52223492020576     
   2.50000000       153.01275673093014     
   2.50999999       152.50538303591537     
   2.51999998       152.00010133259295     
   2.52999997       151.49689923089431     
   2.53999996       150.99576445183470     
   2.54999995       150.49668482612128     
   2.55999994       149.99964829278179     
   2.56999993       149.50464289781632     
   2.57999992       149.01165679286981     
   2.58999991       148.52067823392531     
   2.59999990       148.03169558001841     
   2.60999990       147.54469729197146     
   2.61999989       147.05967193114736     
   2.63000011       146.57660815822334     
   2.64000010       146.09549473198331     
   2.65000010       145.61632050812912     
   2.66000009       145.13907443811027     
   2.67000008       144.66374556797120     
   2.68000007       144.19032303721681     
   2.69000006       143.71879607769463     
   2.70000005       143.24915401249532     
   2.71000004       142.78138625486801     
   2.72000003       142.31548230715376     
   2.73000002       141.85143175973411     
   2.74000001       141.38922428999584     
   2.75000000       140.92884966131149     
   2.75999999       140.47029772203433     
   2.76999998       140.01355840450910     
   2.77999997       139.55862172409752     
   2.78999996       139.10547777821733     
   2.79999995       138.65411674539661     
   2.80999994       138.20452888434104     
   2.81999993       137.75670453301601     
   2.82999992       137.31063410774101     
   2.83999991       136.86630810229801     
   2.84999990       136.42371708705227     
   2.85999990       135.98285170808677     
   2.86999989       135.54370268634790     
   2.88000011       135.10626081680459     
   2.89000010       134.67051696761922     
   2.90000010       134.23646207932990     
   2.91000009       133.80408716404500     
   2.92000008       133.37338330464928     
   2.93000007       132.94434165402066     
   2.94000006       132.51695343425882     
   2.95000005       132.09120993592384     
   2.96000004       131.66710251728651     
   2.97000003       131.24462260358857     
   2.98000002       130.82376168631350     
   2.99000001       130.40451132246724     
   3.00000000       129.98686313386955     
   3.00999999       129.57080880645444     
   3.01999998       129.15634008958060     
   3.02999997       128.74344879535195     
   3.03999996       128.33212679794605     
   3.04999995       127.92236603295365     
   3.05999994       127.51415849672557     
   3.06999993       127.10749624572952     
   3.07999992       126.70237139591528     
   3.08999991       126.29877612208843     
   3.09999990       125.89670265729318     
   3.10999990       125.49614329220233     
   3.11999989       125.09709037451684     
   3.13000011       124.69953630837215     
   3.14000010       124.30347355375349     
   3.15000010       123.90889462591839     
   3.16000009       123.51579209482681     
   3.17000008       123.12415858457976     
   3.18000007       122.73398677286360     
   3.19000006       122.34526939040364     
   3.20000005       121.95799922042349     
   3.21000004       121.57216909811208     
   3.22000003       121.18777191009769     
   3.23000002       120.80480059392863     
   3.24000001       120.42324813756096     
   3.25000000       120.04310757885229     
   3.25999999       119.66437200506299     
   3.26999998       119.28703455236305     
   3.27999997       118.91108840534558     
   3.28999996       118.53652679654672     
   3.29999995       118.16334300597154     
   3.30999994       117.79153036062596     
   3.31999993       117.42108223405432     
   3.32999992       117.05199204588396     
   3.33999991       116.68425326137395     
   3.34999990       116.31785939097087     
   3.35999990       115.95280398986921     
   3.36999989       115.58908065757828     
   3.38000011       115.22668303749334     
   3.39000010       114.86560481647349     
   3.40000010       114.50583972442335     
   3.41000009       114.14738153388103     
   3.42000008       113.79022405961098     
   3.43000007       113.43436115820141     
   3.44000006       113.07978672766694     
   3.45000005       112.72649470705663     
   3.46000004       112.37447907606609     
   3.47000003       112.02373385465441     
   3.48000002       111.67425310266646     
   3.49000001       111.32603091945863     
   3.50000000       110.97906144353060     
   3.50999999       110.63333885216009     
   3.51999998       110.28885736104294     
   3.52999997       109.94561122393699     
   3.53999996       109.60359473231112     
   3.54999995       109.26280221499722     
   3.55999994       108.92322803784715     
   3.56999993       108.58486660339386     
   3.57999992       108.24771235051608     
   3.58999991       107.91175975410707     
   3.59999990       107.57700332474779     
   3.60999990       107.24343760838320     
   3.61999989       106.91105718600281     
   3.63000011       106.57985667332498     
   3.64000010       106.24983072048467     
   3.65000010       105.92097401172525     
   3.66000009       105.59328126509315     
   3.67000008       105.26674723213713     
   3.68000007       104.94136669760987     
   3.69000006       104.61713447917411     
   3.70000005       104.29404542711127     
   3.71000004       103.97209442403386     
   3.72000003       103.65127638460145     
   3.73000002       103.33158625523900     
   3.74000001       103.01301901385962     
   3.75000000       102.69556966958925     
   3.75999999       102.37923326249562     
   3.76999998       102.06400486331911     
   3.77999997       101.74987957320785     
   3.78999996       101.43685252345475     
   3.79999995       101.12491887523835     
   3.80999994       100.81407381936583     
   3.81999993       100.50431257601936     
   3.82999992       100.19563039450550     
   3.83999991       99.888022553006408     
   3.84999990       99.581484358335089     
   3.85999990       99.276011145692365     
   3.86999989       98.971598278426924     
   3.88000011       98.668241147798213     
   3.89000010       98.365935172741473     
   3.90000010       98.064675799635637     
   3.91000009       97.764458502073836     
   3.92000008       97.465278780636126     
   3.93000007       97.167132162665183     
   3.94000006       96.870014202043677     
   3.95000005       96.573920478974742     
   3.96000004       96.278846599764620     
   3.97000003       95.984788196607639     
   3.98000002       95.691740927373132     
   3.99000001       95.399700475395377     
   4.00000000       95.108662549265247     
   4.01000023       94.818622882624155     
   4.01999998       94.529577233960509     
   4.03000021       94.241521386407868     
   4.03999996       93.954451147545427     
   4.05000019       93.668362349200976     
   4.05999994       93.383250847255269     
   4.07000017       93.099112521449157     
   4.07999992       92.815943275191955     
   4.09000015       92.533739035372747     
   4.09999990       92.252495752172635     
   4.11000013       91.972209398880182     
   4.11999989       91.692875971707423     
   4.13000011       91.414491489608821     
   4.13999987       91.137051994101625     
   4.15000010       90.860553549088309     
   4.15999985       90.584992240680350     
   4.17000008       90.310364177024738     
   4.17999983       90.036665488131391     
   4.19000006       89.763892325702471     
   4.19999981       89.492040862964259     
   4.21000004       89.221107294499490     
   4.21999979       88.951087836082422     
   4.23000002       88.681978724515062     
   4.23999977       88.413776217465127     
   4.25000000       88.146476593305763     
   4.26000023       87.880076150956839     
   4.26999998       87.614571209727757     
   4.28000021       87.349958109161804     
   4.28999996       87.086233208882376     
   4.30000019       86.823392888440239     
   4.30999994       86.561433547162693     
   4.32000017       86.300351604004362     
   4.32999992       86.040143497398731     
   4.34000015       85.780805685112156     
   4.34999990       85.522334644098308     
   4.36000013       85.264726870355076     
   4.36999989       85.007978878782168     
   4.38000011       84.752087203039807     
   4.38999987       84.497048395410047     
   4.40000010       84.242859026658280     
   4.40999985       83.989515685896592     
   4.42000008       83.737014980448336     
   4.42999983       83.485353535714054     
   4.44000006       83.234527995038547     
   4.44999981       82.984535019579738     
   4.46000004       82.735371288178115     
   4.46999979       82.487033497227713     
   4.48000002       82.239518360548601     
   4.48999977       81.992822609260131     
   4.50000000       81.746942991655771     
   4.51000023       81.501876273078807     
   4.51999998       81.257619235799595     
   4.53000021       81.014168678893540     
   4.53999996       80.771521418120940     
   4.55000019       80.529674285806706     
   4.55999994       80.288624130722809     
   4.57000017       80.048367817970458     
   4.57999992       79.808902228864298     
   4.59000015       79.570224260817156     
   4.59999990       79.332330827226073     
   4.61000013       79.095218857359569     
   4.61999989       78.858885296245347     
   4.63000011       78.623327104560062     
   4.63999987       78.388541258518941     
   4.65000010       78.154524749767219     
   4.65999985       77.921274585272400     
   4.67000008       77.688787787217493     
   4.67999983       77.457061392894929     
   4.69000006       77.226092454601996     
   4.69999981       76.995878039536763     
   4.71000004       76.766415229695326     
   4.71999979       76.537701121769558     
   4.73000002       76.309732827046133     
   4.73999977       76.082507471306428     
   4.75000000       75.856022194727245     
   4.76000023       75.630274151782388     
   4.76999998       75.405260511145187     
   4.78000021       75.180978455591912     
   4.78999996       74.957425181906117     
   4.80000019       74.734597900783655     
   4.80999994       74.512493836738614     
   4.82000017       74.291110228010325     
   4.82999992       74.070444326470721     
   4.84000015       73.850493397533029     
   4.84999990       73.631254720060838     
   4.86000013       73.412725586278526     
   4.86999989       73.194903301681535     
   4.88000011       72.977785184948502     
   4.88999987       72.761368567853523     
   4.90000010       72.545650795179313     
   4.90999985       72.330629224631167     
   4.92000008       72.116301226751631     
   4.92999983       71.902664184836055     
   4.94000006       71.689715494848556     
   4.94999981       71.477452565339263     
   4.96000004       71.265872817361412     
   4.96999979       71.054973684390347     
   4.98000002       70.844752612241820     
   4.98999977       70.635207058992378     
   5.00000000       70.426334494899407     
   5.01000023       70.218132402322254     
   5.01999998       70.010598275644270     
   5.03000021       69.803729621194762     
   5.03999996       69.597523957172655     
   5.05000019       69.391978813569878     
   5.05999994       69.187091732095951     
   5.07000017       68.982860266102648     
   5.07999992       68.779281980510362     
   5.09000015       68.576354451733820     
   5.09999990       68.374075267609186     
   5.11000013       68.172442027321594     
   5.11999989       67.971452341333404     
   5.13000011       67.771103831312672     
   5.13999987       67.571394130062757     
   5.15000010       67.372320881452026     
   5.15999985       67.173881740344655     
   5.17000008       66.976074372531329     
   5.17999983       66.778896454661037     
   5.19000006       66.582345674173538     
   5.19999981       66.386419729231804     
   5.21000004       66.191116328655283     
   5.21999979       65.996433191854265     
   5.23000002       65.802368048763796     
   5.23999977       65.608918639778921     
   5.25000000       65.416082715689811     
   5.26000023       65.223858037618257     
   5.26999998       65.032242376953832     
   5.28000021       64.841233515291108     
   5.28999996       64.650829244367074     
   5.30000019       64.461027365999215     
   5.30999994       64.271825692024322     
   5.32000017       64.083222044236962     
   5.32999992       63.895214254329687     
   5.34000015       63.707800163832573     
   5.34999990       63.520977624054012     
   5.36000013       63.334744496021315     
   5.36999989       63.149098650422729     
   5.38000011       62.964037967548613     
   5.38999987       62.779560337234550     
   5.40000010       62.595663658803737     
   5.40999985       62.412345841010207     
   5.42000008       62.229604801982916     
   5.42999983       62.047438469169528     
   5.44000006       61.865844779281240     
   5.44999981       61.684821678237860     
   5.46000004       61.504367121113091     
   5.46999979       61.324479072080493     
   5.48000002       61.145155504359941     
   5.48999977       60.966394400164162     
   5.50000000       60.788193750646037     
   5.51000023       60.610551555846065     
   5.51999998       60.433465824640294     
   5.53000021       60.256934574688884     
   5.53999996       60.080955832384632     
   5.55000019       59.905527632802304     
   5.55999994       59.730648019647965     
   5.57000017       59.556315045209232     
   5.57999992       59.382526770305340     
   5.59000015       59.209281264237823     
   5.59999990       59.036576604741882     
   5.61000013       58.864410877937374     
   5.61999989       58.692782178281064     
   5.63000011       58.521688608518524     
   5.63999987       58.351128279636747     
   5.65000010       58.181099310816975     
   5.65999985       58.011599829388182     
   5.67000008       57.842627970780327     
   5.67999983       57.674181878478635     
   5.69000006       57.506259703977605     
   5.69999981       57.338859606735895     
   5.71000004       57.171979754131208     
   5.71999979       57.005618321415390     
   5.73000002       56.839773491670378     
   5.73999977       56.674443455764035     
   5.75000000       56.509626412306446     
   5.76000023       56.345320567606535     
   5.76999998       56.181524135629004     
   5.78000021       56.018235337951602     
   5.78999996       55.855452403722637     
   5.80000019       55.693173569619042     
   5.80999994       55.531397079804229     
   5.82000017       55.370121185886916     
   5.82999992       55.209344146879765     
   5.84000015       55.049064229158404     
   5.84999990       54.889279706421007     
   5.86000013       54.729988859647840     
   5.86999989       54.571189977061330     
   5.88000011       54.412881354086259     
   5.88999987       54.255061293310298     
   5.90000010       54.097728104444954     
   5.90999985       53.940880104286620     
   5.92000008       53.784515616677972     
   5.92999983       53.628632972469617     
   5.94000006       53.473230509482185     
   5.94999981       53.318306572468359     
   5.96000004       53.163859513075444     
   5.96999979       53.009887689808146     
   5.98000002       52.856389467991555     
   5.98999977       52.703363219734463     
   6.00000000       52.550807323892890     
   6.01000023       52.398720166033840     
   6.01999998       52.247100138399375     
   6.03000021       52.095945639870997     
   6.03999996       51.945255075934078     
   6.05000019       51.795026858642807     
   6.05999994       51.645259406584984     
   6.07000017       51.495951144847695     
   6.07999992       51.347100504982500     
   6.09000015       51.198705924971435     
   6.09999990       51.050765849192821     
   6.11000013       50.903278728387761     
   6.11999989       50.756243019626396     
   6.13000011       50.609657186274724     
   6.13999987       50.463519697961587     
   6.15000010       50.317829030545660     
   6.15999985       50.172583666083128     
   6.17000008       50.027782092794929     
   6.17999983       49.883422805035025     
   6.19000006       49.739504303258045     
   6.19999981       49.596025093987947     
   6.21000004       49.452983689786201     
   6.21999979       49.310378609220606     
   6.23000002       49.168208376834279     
   6.23999977       49.026471523114694     
   6.25000000       48.885166584463079     
   6.26000023       48.744292103163879     
   6.26999998       48.603846627354642     
   6.28000021       48.463828710995770     
   6.28999996       48.324236913840963     
   6.30000019       48.185069801407174     
   6.30999994       48.046325944945600     
   6.32000017       47.908003921412131     
   6.32999992       47.770102313438365     
   6.34000015       47.632619709302809     
   6.34999990       47.495554702902112     
   6.36000013       47.358905893722735     
   6.36999989       47.222671886812464     
   6.38000011       47.086851292752428     
   6.38999987       46.951442727629107     
   6.40000010       46.816444813006783     
   6.40999985       46.681856175899661     
   6.42000008       46.547675448744734     
   6.42999983       46.413901269374698     
   6.44000006       46.280532280990435     
   6.44999981       46.147567132134867     
   6.46000004       46.015004476665581     
   6.46999979       45.882842973728970     
   6.48000002       45.751081287733491     
   6.48999977       45.619718088323680     
   6.50000000       45.488752050354115     
   6.51000023       45.358181853863655     
   6.51999998       45.228006184049804     
   6.53000021       45.098223731243095     
   6.53999996       44.968833190882023     
   6.55000019       44.839833263487577     
   6.55999994       44.711222654638547     
   6.57000017       44.583000074946497     
   6.57999992       44.455164240031159     
   6.59000015       44.327713870495870     
   6.59999990       44.200647691903214     
   6.61000013       44.073964434751019     
   6.61999989       43.947662834447911     
   6.63000011       43.821741631289733     
   6.63999987       43.696199570435695     
   6.65000010       43.571035401884721     
   6.65999985       43.446247880452063     
   6.67000008       43.321835765746002     
   6.67999983       43.197797822144608     
   6.69000006       43.074132818772910     
   6.69999981       42.950839529479701     
   6.71000004       42.827916732815147     
   6.71999979       42.705363212008017     
   6.73000002       42.583177754943307     
   6.73999977       42.461359154139927     
   6.75000000       42.339906206728458     
   6.76000023       42.218817714429228     
   6.76999998       42.098092483530493     
   6.78000021       41.977729324866260     
   6.78999996       41.857727053795280     
   6.80000019       41.738084490179070     
   6.80999994       41.618800458360823     
   6.82000017       41.499873787143997     
   6.82999992       41.381303309771440     
   6.84000015       41.263087863904090     
   6.84999990       41.145226291600487     
   6.86000013       41.027717439295898     
   6.86999989       40.910560157781703     
   6.88000011       40.793753302184960     
   6.88999987       40.677295731948050     
   6.90000010       40.561186310808615     
   6.90999985       40.445423906779126     
   6.92000008       40.330007392127349     
   6.92999983       40.214935643356050     
   6.94000006       40.100207541183671     
   6.94999981       39.985821970524398     
   6.96000004       39.871777820468800     
   6.96999979       39.758073984264556     
   6.98000002       39.644709359296961     
   6.98999977       39.531682847069945     
   7.00000000       39.418993353186920     
   7.01000023       39.306639787332081     
   7.01999998       39.194621063251276     
   7.03000021       39.082936098733576     
   7.03999996       38.971583815592595     
   7.05000019       38.860563139647908     
   7.05999994       38.749873000706977     
   7.07000017       38.639512332546481     
   7.07999992       38.529480072894536     
   7.09000015       38.419775163412389     
   7.09999990       38.310396549676703     
   7.11000013       38.201343181161604     
   7.11999989       38.092614011220860     
   7.13000011       37.984207997070349     
   7.13999987       37.876124099770621     
   7.15000010       37.768361284209377     
   7.15999985       37.660918519084127     
   7.17000008       37.553794776885034     
   7.17999983       37.446989033877770     
   7.19000006       37.340500270086459     
   7.19999981       37.234327469276849     
   7.21000004       37.128469618939334     
   7.21999979       37.022925710272453     
   7.23000002       36.917694738166020     
   7.23999977       36.812775701184691     
   7.25000000       36.708167601551551     
   7.26000023       36.603869445131785     
   7.26999998       36.499880241416250     
   7.28000021       36.396199003505650     
   7.28999996       36.292824748094013     
   7.30000019       36.189756495453132     
   7.30999994       36.086993269416418     
   7.32000017       35.984534097363195     
   7.32999992       35.882378010203098     
   7.34000015       35.780524042360099     
   7.34999990       35.678971231757501     
   7.36000013       35.577718619802020     
   7.36999989       35.476765251368697     
   7.38000011       35.376110174785531     
   7.38999987       35.275752441818312     
   7.40000010       35.175691107655581     
   7.40999985       35.075925230893468     
   7.42000008       34.976453873520875     
   7.42999983       34.877276100904666     
   7.44000006       34.778390981774862     
   7.44999981       34.679797588209802     
   7.46000004       34.581494995621846     
   7.46999979       34.483482282742557     
   7.48000002       34.385758531608445     
   7.48999977       34.288322827546573     
   7.50000000       34.191174259160213     
   7.51000023       34.094311918314716     
   7.51999998       33.997734900123341     
   7.53000021       33.901442302933326     
   7.53999996       33.805433228311642     
   7.55000019       33.709706781031443     
   7.55999994       33.614262069057979     
   7.57000017       33.519098203535059     
   7.57999992       33.424214298771183     
   7.59000015       33.329609472226160     
   7.59999990       33.235282844497348     
   7.61000013       33.141233539306540     
   7.61999989       33.047460683486236     
   7.63000011       32.953963406966565     
   7.63999987       32.860740842762084     
   7.65000010       32.767792126958383     
   7.65999985       32.675116398699274     
   7.67000008       32.582712800173631     
   7.67999983       32.490580476602446     
   7.69000006       32.398718576226010     
   7.69999981       32.307126250291134     
   7.71000004       32.215802653038295     
   7.71999979       32.124746941689025     
   7.73000002       32.033958276433346     
   7.73999977       31.943435820417250     
   7.75000000       31.853178739730112     
   7.76000023       31.763186203392394     
   7.76999998       31.673457383343308     
   7.78000021       31.583991454428507     
   7.78999996       31.494787594387891     
   7.80000019       31.405844983843497     
   7.80999994       31.317162806287339     
   7.82000017       31.228740248069499     
   7.82999992       31.140576498386118     
   7.84000015       31.052670749267559     
   7.84999990       30.965022195566512     
   7.86000013       30.877630034946257     
   7.86999989       30.790493467869023     
   7.88000011       30.703611697584289     
   7.88999987       30.616983930117218     
   7.90000010       30.530609374257075     
   7.90999985       30.444487241545971     
   7.92000008       30.358616746267185     
   7.92999983       30.272997105434094     
   7.94000006       30.187627538778628     
   7.94999981       30.102507268740325     
   7.96000004       30.017635520454998     
   7.96999979       29.933011521743573     
   7.98000002       29.848634503101227     
   7.98999977       29.764503697686276     
   8.00000000       29.680618341309234     
   8.01000023       29.596977672421957     
   8.02000046       29.513580932106876     
   8.02999973       29.430427364066130     
   8.03999996       29.347516214610874     
   8.05000019       29.264846732650781     
   8.06000042       29.182418169683128     
   8.06999969       29.100229779782524     
   8.07999992       29.018280819590345     
   8.09000015       28.936570548304143     
   8.10000038       28.855098227667504     
   8.10999966       28.773863121959465     
   8.11999989       28.692864497984399     
   8.13000011       28.612101625061801     
   8.14000034       28.531573775015890     
   8.14999962       28.451280222165725     
   8.15999985       28.371220243315001     
   8.17000008       28.291393117742032     
   8.18000031       28.211798127189798     
   8.18999958       28.132434555856001     
   8.19999981       28.053301690383208     
   8.21000004       27.974398819849000     
   8.22000027       27.895725235756199     
   8.22999954       27.817280232023158     
   8.23999977       27.739063104974001     
   8.25000000       27.661073153329163     
   8.26000023       27.583309678195548     
   8.27000046       27.505771983057247     
   8.27999973       27.428459373765865     
   8.28999996       27.351371158531212     
   8.30000019       27.274506647911743     
   8.31000042       27.197865154805442     
   8.31999969       27.121445994440226     
   8.32999992       27.045248484364933     
   8.34000015       26.969271944440035     
   8.35000038       26.893515696828331     
   8.35999966       26.817979065986069     
   8.36999989       26.742661378653697     
   8.38000011       26.667561963846811     
   8.39000034       26.592680152847375     
   8.39999962       26.518015279194472     
   8.40999985       26.443566678675634     
   8.42000008       26.369333689317944     
   8.43000031       26.295315651379088     
   8.43999958       26.221511907338705     
   8.44999981       26.147921801889723     
   8.46000004       26.074544681929460     
   8.47000027       26.001379896551146     
   8.47999954       25.928426797035282     
   8.48999977       25.855684736841017     
   8.50000000       25.783153071597720     
   8.51000023       25.710831159096408     
   8.52000046       25.638718359281405     
   8.52999973       25.566814034241837     
   8.53999996       25.495117548203371     
   8.55000019       25.423628267519806     
   8.56000042       25.352345560664848     
   8.56999969       25.281268798223952     
   8.57999992       25.210397352885856     
   8.59000015       25.139730599434792     
   8.60000038       25.069267914741992     
   8.60999966       24.999008677757896     
   8.61999989       24.928952269503949     
   8.63000011       24.859098073064679     
   8.64000034       24.789445473579597     
   8.64999962       24.719993858235462     
   8.65999985       24.650742616258178     
   8.67000008       24.581691138905192     
   8.68000031       24.512838819457350     
   8.68999958       24.444185053211342     
   8.69999981       24.375729237472015     
   8.71000004       24.307470771544420     
   8.72000027       24.239409056726267     
   8.72999954       24.171543496300401     
   8.73999977       24.103873495527058     
   8.75000000       24.036398461636210     
   8.76000023       23.969117803820353     
   8.77000046       23.902030933226641     
   8.77999973       23.835137262949715     
   8.78999996       23.768436208024092     
   8.80000019       23.701927185416892     
   8.81000042       23.635609614020417     
   8.81999969       23.569482914644865     
   8.82999992       23.503546510010999     
   8.84000015       23.437799824742900     
   8.85000038       23.372242285360812     
   8.85999966       23.306873320273858     
   8.86999989       23.241692359772919     
   8.88000011       23.176698836023583     
   8.89000034       23.111892183058945     
   8.89999962       23.047271836772651     
   8.90999985       22.982837234911752     
   8.92000008       22.918587817069884     
   8.93000031       22.854523024680073     
   8.93999958       22.790642301008091     
   8.94999981       22.726945091145332     
   8.96000004       22.663430842001997     
   8.97000027       22.600099002300343     
   8.97999954       22.536949022567864     
   8.98999977       22.473980355130394     
   9.00000000       22.411192454105517     
   9.01000023       22.348584775395778     
   9.02000046       22.286156776682006     
   9.02999973       22.223907917416692     
   9.03999996       22.161837658817412     
   9.05000019       22.099945463860070     
   9.06000042       22.038230797272551     
   9.06999969       21.976693125528072     
   9.07999992       21.915331916838650     
   9.09000015       21.854146641148724     
   9.10000038       21.793136770128690     
   9.10999966       21.732301777168448     
   9.11999989       21.671641137371012     
   9.13000011       21.611154327546195     
   9.14000034       21.550840826204308     
   9.14999962       21.490700113549757     
   9.15999985       21.430731671474891     
   9.17000008       21.370934983553678     
   9.18000031       21.311309535035470     
   9.18999958       21.251854812838936     
   9.19999981       21.192570305545782     
   9.21000004       21.133455503394671     
   9.22000027       21.074509898275117     
   9.22999954       21.015732983721371     
   9.23999977       20.957124254906418     
   9.25000000       20.898683208635948     
   9.26000023       20.840409343342305     
   9.27000046       20.782302159078554     
   9.27999973       20.724361157512551     
   9.28999996       20.666585841921023     
   9.30000019       20.608975717183551     
   9.31000042       20.551530289776966     
   9.31999969       20.494249067769232     
   9.32999992       20.437131560813832     
   9.34000015       20.380177280143769     
   9.35000038       20.323385738566085     
   9.35999966       20.266756450455826     
   9.36999989       20.210288931750569     
   9.38000011       20.153982699944532     
   9.39000034       20.097837274083076     
   9.39999962       20.041852174756940     
   9.40999985       19.986026924096706     
   9.42000008       19.930361045767189     
   9.43000031       19.874854064961809     
   9.43999958       19.819505508397157     
   9.44999981       19.764314904307355     
   9.46000004       19.709281782438676     
   9.47000027       19.654405674044028     
   9.47999954       19.599686111877414     
   9.48999977       19.545122630188672     
   9.50000000       19.490714764717953     
   9.51000023       19.436462052690420     
   9.52000046       19.382364032810802     
   9.52999973       19.328420245258123     
   9.53999996       19.274630231680469     
   9.55000019       19.220993535189518     
   9.56000042       19.167509700355438     
   9.56999969       19.114178273201571     
   9.57999992       19.060998801199169     
   9.59000015       19.007970833262391     
   9.60000038       18.955093919742918     
   9.60999966       18.902367612424818     
   9.61999989       18.849791464519615     
   9.63000011       18.797365030660938     
   9.64000034       18.745087866899574     
   9.64999962       18.692959530698374     
   9.65999985       18.640979580927212     
   9.67000008       18.589147577857926     
   9.68000031       18.537463083159412     
   9.68999958       18.485925659892494     
   9.69999981       18.434534872505079     
   9.71000004       18.383290286827226     
   9.72000027       18.332191470066153     
   9.72999954       18.281237990801426     
   9.73999977       18.230429418979966     
   9.75000000       18.179765325911326     
   9.76000023       18.129245284262833     
   9.77000046       18.078868868054620     
   9.77999973       18.028635652655073     
   9.78999996       17.978545214775831     
   9.80000019       17.928597132467189     
   9.81000042       17.878790985113323     
   9.81999969       17.829126353427505     
   9.82999992       17.779602819447547     
   9.84000015       17.730219966530935     
   9.85000038       17.680977379350374     
   9.85999966       17.631874643889006     
   9.86999989       17.582911347435861     
   9.88000011       17.534087078581262     
   9.89000034       17.485401427212185     
   9.89999962       17.436853984507771     
   9.90999985       17.388444342934733     
   9.92000008       17.340172096242874     
   9.93000031       17.292036839460557     
   9.93999958       17.244038168890260     
   9.94999981       17.196175682103970     
   9.96000004       17.148448977938997     
   9.97000027       17.100857656493265     
   9.97999954       17.053401319121051     
   9.98999977       17.006079568428603     
   10.0000000       16.958892008269689     
   10.0100002       16.911838243741293     
   10.0200005       16.864917881179217     
   10.0299997       16.818130528153883     
   10.0400000       16.771475793465861     
   10.0500002       16.724953287141734     
   10.0600004       16.678562620429695     
   10.0699997       16.632303405795433     
   10.0799999       16.586175256917741     
   10.0900002       16.540177788684474     
   10.1000004       16.494310617188187     
   10.1099997       16.448573359722104     
   10.1199999       16.402965634775796     
   10.1300001       16.357487062031129     
   10.1400003       16.312137262358153     
   10.1499996       16.266915857810922     
   10.1599998       16.221822471623355     
   10.1700001       16.176856728205301     
   10.1800003       16.132018253138380     
   10.1899996       16.087306673171920     
   10.1999998       16.042721616218895     
   10.2100000       15.998262711352071     
   10.2200003       15.953929588799813     
   10.2299995       15.909721879942197     
   10.2399998       15.865639217307038     
   10.2500000       15.821681234565936     
   10.2600002       15.777847566530280     
   10.2700005       15.734137849147407     
   10.2799997       15.690551719496669     
   10.2900000       15.647088815785555     
   10.3000002       15.603748777345746     
   10.3100004       15.560531244629336     
   10.3199997       15.517435859204999     
   10.3299999       15.474462263754091     
   10.3400002       15.431610102066870     
   10.3500004       15.388879019038690     
   10.3599997       15.346268660666267     
   10.3699999       15.303778674043857     
   10.3800001       15.261408707359516     
   10.3900003       15.219158409891346     
   10.3999996       15.177027432003811     
   10.4099998       15.135015425144040     
   10.4200001       15.093122041838090     
   10.4300003       15.051346935687210     
   10.4399996       15.009689761364344     
   10.4499998       14.968150174610340     
   10.4600000       14.926727832230375     
   10.4700003       14.885422392090316     
   10.4799995       14.844233513113087     
   10.4899998       14.803160855275156     
   10.5000000       14.762204079602888     
   10.5100002       14.721362848168948     
   10.5200005       14.680636824088893     
   10.5299997       14.640025671517488     
   10.5400000       14.599529055645215     
   10.5500002       14.559146642694857     
   10.5600004       14.518878099917902     
   10.5699997       14.478723095591066     
   10.5799999       14.438681299012885     
   10.5900002       14.398752380500220     
   10.6000004       14.358936011384825     
   10.6099997       14.319231864009931     
   10.6199999       14.279639611726788     
   10.6300001       14.240158928891331     
   10.6400003       14.200789490860739     
   10.6499996       14.161530973990089     
   10.6599998       14.122383055628969     
   10.6700001       14.083345414118153     
   10.6800003       14.044417728786277     
   10.6899996       14.005599679946462     
   10.6999998       13.966890948893042     
   10.7100000       13.928291217898318     
   10.7200003       13.889800170209158     
   10.7299995       13.851417490043849     
   10.7399998       13.813142862588686     
   10.7500000       13.774975973994913     
   10.7600002       13.736916511375339     
   10.7700005       13.698964162801190     
   10.7799997       13.661118617298877     
   10.7900000       13.623379564846797     
   10.8000002       13.585746696372192     
   10.8100004       13.548219703747845     
   10.8199997       13.510798279789148     
   10.8299999       13.473482118250713     
   10.8400002       13.436270913823417     
   10.8500004       13.399164362131119     
   10.8599997       13.362162159727745     
   10.8699999       13.325264004093988     
   10.8800001       13.288469593634353     
   10.8900003       13.251778627674030     
   10.8999996       13.215190806455817     
   10.9099998       13.178705831137117     
   10.9200001       13.142323403786863     
   10.9300003       13.106043227382440     
   10.9399996       13.069865005806779     
   10.9499998       13.033788443845264     
   10.9600000       12.997813247182759     
   10.9700003       12.961939122400617     
   10.9799995       12.926165776973754     
   10.9899998       12.890492919267599     
   11.0000000       12.854920258535220     
   11.0100002       12.819447504914363     
   11.0200005       12.784074369424529     
   11.0299997       12.748800563963973     
   11.0400000       12.713625801306991     
   11.0500002       12.678549795100825     
   11.0600004       12.643572259862866     
   11.0699997       12.608692910977801     
   11.0799999       12.573911464694680     
   11.0900002       12.539227638124181     
   11.1000004       12.504641149235628     
   11.1099997       12.470151716854248     
   11.1199999       12.435759060658325     
   11.1300001       12.401462901176439     
   11.1400003       12.367262959784560     
   11.1499996       12.333158958703359     
   11.1599998       12.299150620995400     
   11.1700001       12.265237670562341     
   11.1800003       12.231419832142240     
   11.1899996       12.197696831306745     
   11.1999998       12.164068394458388     
   11.2100000       12.130534248827860     
   11.2200003       12.097094122471283     
   11.2299995       12.063747744267522     
   11.2399998       12.030494843915461     
   11.2500000       11.997335151931333     
   11.2600002       11.964268399646043     
   11.2700005       11.931294319202511     
   11.2799997       11.898412643553003     
   11.2900000       11.865623106456464     
   11.3000002       11.832925442475938     
   11.3100004       11.800319386975913     
   11.3199997       11.767804676119646     
   11.3299999       11.735381046866667     
   11.3400002       11.703048236970073     
   11.3500004       11.670805984974002     
   11.3599997       11.638654030211070     
   11.3699999       11.606592112799740     
   11.3800001       11.574619973641786     
   11.3900003       11.542737354419771     
   11.3999996       11.510943997594492     
   11.4099998       11.479239646402425     
   11.4200001       11.447624044853193     
   11.4300003       11.416096937727135     
   11.4399996       11.384658070572680     
   11.4499998       11.353307189703981     
   11.4600000       11.322044042198321     
   11.4700003       11.290868375893695     
   11.4799995       11.259779939386325     
   11.4899998       11.228778482028206     
   11.5000000       11.197863753924652     
   11.5100002       11.167035505931864     
   11.5200005       11.136293489654468     
   11.5299997       11.105637457443166     
   11.5400000       11.075067162392212     
   11.5500002       11.044582358337101     
   11.5600004       11.014182799852149     
   11.5699997       10.983868242248031     
   11.5799999       10.953638441569565     
   11.5900002       10.923493154593151     
   11.6000004       10.893432138824540     
   11.6099997       10.863455152496430     
   11.6199999       10.833561954566145     
   11.6300001       10.803752304713280     
   11.6400003       10.774025963337344     
   11.6499996       10.744382691555515     
   11.6599998       10.714822251200282     
   11.6700001       10.685344404817139     
   11.6800003       10.655948915662293     
   11.6899996       10.626635547700406     
   11.6999998       10.597404065602275     
   11.7100000       10.568254234742586     
   11.7200003       10.539185821197654     
   11.7299995       10.510198591743174     
   11.7399998       10.481292313851947     
   11.7500000       10.452466755691677     
   11.7600002       10.423721686122729     
   11.7700005       10.395056874695880     
   11.7799997       10.366472091650172     
   11.7900000       10.337967107910634     
   11.8000002       10.309541695086130     
   11.8100004       10.281195625467152     
   11.8199997       10.252928672023655     
   11.8299999       10.224740608402858     
   11.8400002       10.196631208927066     
   11.8500004       10.168600248591604     
   11.8599997       10.140647503062544     
   11.8699999       10.112772748674621     
   11.8800001       10.084975762429112     
   11.8900003       10.057256321991687     
   11.8999996       10.029614205690264     
   11.9099998       10.002049192512960     
   11.9200001       9.9745610621059271     
   11.9300003       9.9471495947712683     
   11.9399996       9.9198145714650146     
   11.9499998       9.8925557737948946     
   11.9600000       9.8653729840184301     
   11.9700003       9.8382659850407155     
   11.9799995       9.8112345604124869     
   11.9899998       9.7842784943279746     
   12.0000000       9.7573975716229207     
   12.0100002       9.7305915777724614     
   12.0200005       9.7038602988892002     
   12.0299997       9.6772035217211165     
   12.0400000       9.6506210336495393     
   12.0500002       9.6241126226871661     
   12.0600004       9.5976780774760453     
   12.0699997       9.5713171872856257     
   12.0799999       9.5450297420106711     
   12.0900002       9.5188155321693877     
   12.1000004       9.4926743489013532     
   12.1099997       9.4666059839656214     
   12.1199999       9.4406102297387271     
   12.1300001       9.4146868792127449     
   12.1400003       9.3888357259932960     
   12.1499996       9.3630565642976880     
   12.1599998       9.3373491889529188     
   12.1700001       9.3117133953937703     
   12.1800003       9.2861489796609078     
   12.1899996       9.2606557383989099     
   12.1999998       9.2352334688544122     
   12.2100000       9.2098819688742033     
   12.2200003       9.1846010369033184     
   12.2299995       9.1593904719831478     
   12.2399998       9.1342500737495502     
   12.2500000       9.1091796424310232     
   12.2600002       9.0841789788467970     
   12.2700005       9.0592478844049449     
   12.2799997       9.0343861611006204     
   12.2900000       9.0095936115141164     
   12.3000002       8.9848700388090883     
   12.3100004       8.9602152467306695     
   12.3199997       8.9356290396036862     
   12.3299999       8.9111112223307902     
   12.3400002       8.8866616003907115     
   12.3500004       8.8622799798363587     
   12.3599997       8.8379661672931054     
   12.3699999       8.8137199699569120     
   12.3800001       8.7895411955925908     
   12.3900003       8.7654296525320134     
   12.3999996       8.7413851496723183     
   12.4099998       8.7174074964741290     
   12.4200001       8.6934965029598104     
   12.4300003       8.6696519797117269     
   12.4399996       8.6458737378704225     
   12.4499998       8.6221615891329098     
   12.4600000       8.5985153457509877     
   12.4700003       8.5749348205293980     
   12.4799995       8.5514198268241426     
   12.4899998       8.5279701785408264     
   12.5000000       8.5045856901327781     
   12.5100002       8.4812661765995276     
   12.5200005       8.4580114534849535     
   12.5299997       8.4348213368756735     
   12.5400000       8.4116956433992893     
   12.5500002       8.3886341902227244     
   12.5600004       8.3656367950505555     
   12.5699997       8.3427032761233235     
   12.5799999       8.3198334522158266     
   12.5900002       8.2970271426355229     
   12.6000004       8.2742841672208272     
   12.6099997       8.2516043463394428     
   12.6199999       8.2289875008867757     
   12.6300001       8.2064334522841911     
   12.6400003       8.1839420224774990     
   12.6499996       8.1615130339352149     
   12.6599998       8.1391463096470016     
   12.6700001       8.1168416731220088     
   12.6800003       8.0945989483872989     
   12.6899996       8.0724179599861845     
   12.6999998       8.0502985329766794     
   12.7100000       8.0282404929298572     
   12.7200003       8.0062436659282792     
   12.7299995       7.9843078785644002     
   12.7399998       7.9624329579389803     
   12.7500000       7.9406187316595664     
   12.7600002       7.9188650278387742     
   12.7700005       7.8971716750929266     
   12.7799997       7.8755385025402962     
   12.7900000       7.8539653397997089     
   12.8000002       7.8324520169888734     
   12.8100004       7.8109983647229040     
   12.8199997       7.7896042141127504     
   12.8299999       7.7682693967637109     
   12.8400002       7.7469937447738086     
   12.8500004       7.7257770907324046     
   12.8599997       7.7046192677185159     
   12.8699999       7.6835201092994545     
   12.8800001       7.6624794495292026     
   12.8900003       7.6414971229469906     
   12.8999996       7.6205729645757474     
   12.9099998       7.5997068099206366     
   12.9200001       7.5788984949675120     
   12.9300003       7.5581478561815549     
   12.9399996       7.5374547305056430     
   12.9499998       7.5168189553590086     
   12.9600000       7.4962403686356636     
   12.9700003       7.4757188087030428     
   12.9799995       7.4552541144004465     
   12.9899998       7.4348461250376259     
   13.0000000       7.4144946803933545     
   13.0100002       7.3941996207139606     
   13.0200005       7.3739607867119261     
   13.0299997       7.3537780195643609     
   13.0400000       7.3336511609116730     
   13.0500002       7.3135800528560884     
   13.0600004       7.2935645379602585     
   13.0699997       7.2736044592458162     
   13.0799999       7.2536996601919963     
   13.0900002       7.2338499847342090     
   13.1000004       7.2140552772626547     
   13.1099997       7.1943153826208981     
   13.1199999       7.1746301461045023     
   13.1300001       7.1549994134596737     
   13.1400003       7.1354230308817872     
   13.1499996       7.1159008450140773     
   13.1599998       7.0964327029462879     
   13.1700001       7.0770184522132276     
   13.1800003       7.0576579407934474     
   13.1899996       7.0383510171078969     
   13.1999998       7.0190975300185565     
   13.2100000       6.9998973288270578     
   13.2200003       6.9807502632733573     
   13.2299995       6.9616561835344282     
   13.2399998       6.9426149402228816     
   13.2500000       6.9236263843856483     
   13.2600002       6.9046903675026305     
   13.2700005       6.8858067414854256     
   13.2799997       6.8669753586759485     
   13.2900000       6.8481960718451669     
   13.3000002       6.8294687341917850     
   13.3100004       6.8107931993408863     
   13.3199997       6.7921693213426675     
   13.3299999       6.7735969546711807     
   13.3400002       6.7550759542229715     
   13.3500004       6.7366061753158224     
   13.3599997       6.7181874736874425     
   13.3699999       6.6998197054942699     
   13.3800001       6.6815027273100673     
   13.3900003       6.6632363961247592     
   13.3999996       6.6450205693431137     
   13.4099998       6.6268551047834734     
   13.4200001       6.6087398606765211     
   13.4300003       6.5906746956640108     
   13.4399996       6.5726594687975197     
   13.4499998       6.5546940395371918     
   13.4600000       6.5367782677505177     
   13.4700003       6.5189120137110788     
   13.4799995       6.5010951380973010     
   13.4899998       6.4833275019912389     
   13.5000000       6.4656089668773742     
   13.5100002       6.4479393946413337     
   13.5200005       6.4303186475687291     
   13.5299997       6.4127465883439063     
   13.5400000       6.3952230800487353     
   13.5500002       6.3777479861614434     
   13.5600004       6.3603211705553440     
   13.5699997       6.3429424974977104     
   13.5799999       6.3256118316485246     
   13.5900002       6.3083290380593153     
   13.6000004       6.2910939821719900     
   13.6099997       6.2739065298175936     
   13.6199999       6.2567665472151610     
   13.6300001       6.2396739009705673     
   13.6400003       6.2226284580753122     
   13.6499996       6.2056300859053959     
   13.6599998       6.1886786522200961     
   13.6700001       6.1717740251608770     
   13.6800003       6.1549160732501536     
   13.6899996       6.1381046653902525     
   13.6999998       6.1213396708621257     
   13.7100000       6.1046209593243228     
   13.7200003       6.0879484008117739     
   13.7299995       6.0713218657346983     
   13.7399998       6.0547412248774526     
   13.7500000       6.0382063493973845     
   13.7600002       6.0217171108237224     
   13.7700005       6.0052733810564698     
   13.7799997       5.9888750323652653     
   13.7900000       5.9725219373882510     
   13.8000002       5.9562139691310021     
   13.8100004       5.9399510009653680     
   13.8199997       5.9237329066284490     
   13.8299999       5.9075595602213848     
   13.8400002       5.8914308362083450     
   13.8500004       5.8753466094153870     
   13.8599997       5.8593067550294027     
   13.8699999       5.8433111485970208     
   13.8800001       5.8273596660234537     
   13.8900003       5.8114521835715660     
   13.8999996       5.7955885778606389     
   13.9099998       5.7797687258654040     
   13.9200001       5.7639925049149259     
   13.9300003       5.7482597926915711     
   13.9399996       5.7325704672298858     
   13.9499998       5.7169244069156004     
   13.9600000       5.7013214904845642     
   13.9700003       5.6857615970216457     
   13.9799995       5.6702446059597138     
   13.9899998       5.6547703970786101     
   14.0000000       5.6393388505041129     
   14.0100002       5.6239498467068225     
   14.0200005       5.6086032665012340     
   14.0299997       5.5932989910445805     
   14.0400000       5.5780369018359659     
   14.0500002       5.5628168807151708     
   14.0600004       5.5476388098617448     
   14.0699997       5.5325025717939589     
   14.0799999       5.5174080493677478     
   14.0900002       5.5023551257757504     
   14.1000004       5.4873436845462988     
   14.1099997       5.4723736095423678     
   14.1199999       5.4574447849606100     
   14.1300001       5.4425570953303577     
   14.1400003       5.4277104255126014     
   14.1499996       5.4129046606990201     
   14.1599998       5.3981396864109890     
   14.1700001       5.3834153884985687     
   14.1800003       5.3687316531395446     
   14.1899996       5.3540883668384573     
   14.1999998       5.3394854164255978     
   14.2100000       5.3249226890560459     
   14.2200003       5.3104000722087177     
   14.2299995       5.2959174536853517     
   14.2399998       5.2814747216095759     
   14.2500000       5.2670717644259897     
   14.2600002       5.2527084708990808     
   14.2700005       5.2383847301124060     
   14.2799997       5.2241004314675727     
   14.2900000       5.2098554646832591     
   14.3000002       5.1956497197943667     
   14.3100004       5.1814830871509612     
   14.3199997       5.1673554574174121     
   14.3299999       5.1532667215714349     
   14.3400002       5.1392167709031460     
   14.3500004       5.1252054970141367     
   14.3599997       5.1112327918165512     
   14.3699999       5.0972985475321435     
   14.3800001       5.0834026566913861     
   14.3900003       5.0695450121325205     
   14.3999996       5.0557255070006564     
   14.4099998       5.0419440347468543     
   14.4200001       5.0282004891272187     
   14.4300003       5.0144943264392401     
   14.4399996       5.0008262958970056     
   14.4499998       4.9871958749561820     
   14.4600000       4.9736029585755448     
   14.4700003       4.9600474420144094     
   14.4799995       4.9465292208316933     
   14.4899998       4.9330481908850778     
   14.5000000       4.9196042483300912     
   14.5100002       4.9061972896192136     
   14.5200005       4.8928272115010030     
   14.5299997       4.8794939110192317     
   14.5400000       4.8661972855119879     
   14.5500002       4.8529372326107989     
   14.5600004       4.8397136502397817     
   14.5699997       4.8265264366147402     
   14.5799999       4.8133754902423336     
   14.5900002       4.8002607099191819     
   14.6000004       4.7871819947310357     
   14.6099997       4.7741392440518897     
   14.6199999       4.7611323575431257     
   14.6300001       4.7481612351527014     
   14.6400003       4.7352257771142519     
   14.6499996       4.7223258839462670     
   14.6599998       4.7094614564512289     
   14.6700001       4.6966323957148042     
   14.6800003       4.6838386031049550     
   14.6899996       4.6710799802711547     
   14.6999998       4.6583564291435042     
   14.7100000       4.6456678519319299     
   14.7200003       4.6330141511253622     
   14.7299995       4.6203952294908808     
   14.7399998       4.6078109900729087     
   14.7500000       4.5952613361923849     
   14.7600002       4.5827461714459528     
   14.7700005       4.5702653997051348     
   14.7799997       4.5578189251155248     
   14.7900000       4.5454066520959877     
   14.8000002       4.5330284853378151     
   14.8100004       4.5206843298039692     
   14.8199997       4.5083740907282248     
   14.8299999       4.4960976736144396     
   14.8400002       4.4838549842356645     
   14.8500004       4.4716459286334320     
   14.8599997       4.4594704131169154     
   14.8699999       4.4473283442621510     
   14.8800001       4.4352196289112609     
   14.8900003       4.4231441741716297     
   14.8999996       4.4111018874151782     
   14.9099998       4.3990926762775251     
   14.9200001       4.3871164486572569     
   14.9300003       4.3751731127151032     
   14.9399996       4.3632625768732183     
   14.9499998       4.3513847498143656     
   14.9600000       4.3395395404811614     
   14.9700003       4.3277268580753292     
   14.9799995       4.3159466120568943     
   14.9899998       4.3041987121434664     
   15.0000000       4.2924830683094459     
