   0.0000000000000000        0.0000000000000000     
   5.0000000000000003E-002   2.0531213376015746E-002
  0.10000000000000001        4.0970927684335412E-002
  0.15000000000000002        6.1228018977610349E-002
  0.20000000000000001        8.1212405704620377E-002
  0.25000000000000000       0.10083538442453631     
  0.30000000000000004       0.12001003827074531     
  0.35000000000000003       0.13865163705532085     
  0.40000000000000002       0.15667802707702894     
  0.45000000000000001       0.17401000872689393     
  0.50000000000000000       0.19057170002448065     
  0.55000000000000004       0.20629088426511835     
  0.60000000000000009       0.22109934001322967     
  0.65000000000000002       0.23493315173965229     
  0.70000000000000007       0.24773299947128086     
  0.75000000000000000       0.25944442589943129     
  0.80000000000000004       0.27001807947897455     
  0.85000000000000009       0.27940993214343512     
  0.90000000000000002       0.28758147036185977     
  0.95000000000000007       0.29449985837128462     
   1.0000000000000000       0.30013807253406577     
   1.0500000000000000       0.30447500589216009     
   1.1000000000000001       0.30749554212068159     
   1.1500000000000001       0.30919059822072842     
   1.2000000000000002       0.30955713543661462     
   1.2500000000000000       0.30859813803528779     
   1.3000000000000000       0.30632255974590183     
   1.3500000000000001       0.30274523782526030     
   1.4000000000000001       0.29788677489013926     
   1.4500000000000002       0.29177338884027221     
   1.5000000000000000       0.28443673138590159     
   1.5500000000000000       0.27591367589103960     
   1.6000000000000001       0.26624607544757223     
   1.6500000000000001       0.25548049230556286     
   1.7000000000000002       0.24366790000083730     
   1.7500000000000000       0.23086335974119787     
   1.8000000000000000       0.21712567283615794     
   1.8500000000000001       0.20251701118033946     
   1.9000000000000001       0.18710252802566688     
   1.9500000000000002       0.17094995149986744     
   2.0000000000000000       0.15412916354574230     
   2.0500000000000003       0.13671176716393549     
   2.1000000000000001       0.11877064503777739     
   2.1499999999999999       0.10037951279801763     
   2.2000000000000002        8.1612470343301297E-002
   2.2500000000000000        6.2543554764127138E-002
   2.3000000000000003        4.3246298518552127E-002
   2.3500000000000001        2.3793296571756224E-002
   2.4000000000000004        4.2557862334709259E-003
   2.4500000000000002       -1.5296756597818937E-002
   2.5000000000000000       -3.4797001151617497E-002
   2.5500000000000003       -5.4180121962785835E-002
   2.6000000000000001       -7.3384132199311516E-002
   2.6500000000000004       -9.2350187079984172E-002
   2.7000000000000002      -0.11102285463080065     
   2.7500000000000000      -0.12935035139601841     
   2.8000000000000003      -0.14728474114087983     
   2.8500000000000001      -0.16478209505234656     
   2.9000000000000004      -0.18180261245385379     
   2.9500000000000002      -0.19831070159031947     
   3.0000000000000000      -0.21427502059890408     
   3.0500000000000003      -0.22966847934637083     
   3.1000000000000001      -0.24446820337147013     
   3.1500000000000004      -0.25865546170624731     
   3.2000000000000002      -0.27221556084939097     
   3.2500000000000000      -0.28513770761435508     
   3.3000000000000003      -0.29741484396247581     
   3.3500000000000001      -0.30904345725100307     
   3.4000000000000004      -0.32002336955519806     
   3.4500000000000002      -0.33035750988785378     
   3.5000000000000000      -0.34005167319922924     
   3.5500000000000003      -0.34911427002689560     
   3.6000000000000001      -0.35755607056741417     
   3.6500000000000004      -0.36538994677118503     
   3.7000000000000002      -0.37263061582663193     
   3.7500000000000000      -0.37929438811082899     
   3.8000000000000003      -0.38539892235250794     
   3.8500000000000001      -0.39096299039248539     
   3.9000000000000004      -0.39600625354824193     
   3.9500000000000002      -0.40054905220545145     
   4.0000000000000000      -0.40461220988051383     
   4.0499999999999998      -0.40821685263406010     
   4.1000000000000005      -0.41138424437388837     
   4.1500000000000004      -0.41413563827308286     
   4.2000000000000002      -0.41649214424966252     
   4.2500000000000000      -0.41847461221083498     
   4.2999999999999998      -0.42010353055909572     
   4.3500000000000005      -0.42139893928895683     
   4.4000000000000004      -0.42238035687079528     
   4.4500000000000002      -0.42306672002008366     
   4.5000000000000000      -0.42347633538327462     
   4.5499999999999998      -0.42362684213261631     
   4.6000000000000005      -0.42353518444762611     
   4.6500000000000004      -0.42321759286721761     
   4.7000000000000002      -0.42268957351999731     
   4.7500000000000000      -0.42196590427757780     
   4.8000000000000007      -0.42106063692374240     
   4.8500000000000005      -0.41998710448805493     
   4.9000000000000004      -0.41875793295349162     
   4.9500000000000002      -0.41738505661168945     
   5.0000000000000000      -0.41587973640460996     
   5.0500000000000007      -0.41425258065626108     
   5.1000000000000005      -0.41251356766141556     
   5.1500000000000004      -0.41067206965904451     
   5.2000000000000002      -0.40873687777576695     
   5.2500000000000000      -0.40671622757851433     
   5.3000000000000007      -0.40461782492551907     
   5.3500000000000005      -0.40244887185050193     
   5.4000000000000004      -0.40021609225653326     
   5.4500000000000002      -0.39792575723352186     
   5.5000000000000000      -0.39558370984680397     
   5.5500000000000007      -0.39319538927402808     
   5.6000000000000005      -0.39076585419370957     
   5.6500000000000004      -0.38829980535169634     
   5.7000000000000002      -0.38580160725161955     
   5.7500000000000000      -0.38327530893246081     
   5.8000000000000007      -0.38072466381091874     
   5.8500000000000005      -0.37815314857855903     
   5.9000000000000004      -0.37556398115402401     
   5.9500000000000002      -0.37296013769909675     
   6.0000000000000000      -0.37034436871436627     
   6.0500000000000007      -0.36771921423582854     
   6.1000000000000005      -0.36508701815815803     
   6.1500000000000004      -0.36244994171376016     
   6.2000000000000002      -0.35980997613921051     
   6.2500000000000000      -0.35716895456243808     
   6.3000000000000007      -0.35452856314512599     
   6.3500000000000005      -0.35189035151538944     
   6.4000000000000004      -0.34925574252593961     
   6.4500000000000002      -0.34662604137272734     
   6.5000000000000000      -0.34400244410855191     
   6.5500000000000007      -0.34138604558537822     
   6.6000000000000005      -0.33877784685817952     
   6.6500000000000004      -0.33617876208205438     
   6.7000000000000002      -0.33358962493319327     
   6.7500000000000000      -0.33101119458302819     
   6.8000000000000007      -0.32844416125360099     
   6.8500000000000005      -0.32588915138087060     
   6.9000000000000004      -0.32334673241135359     
   6.9500000000000002      -0.32081741725616730     
   7.0000000000000000      -0.31830166842524771     
   7.0500000000000007      -0.31579990186323803     
   7.1000000000000005      -0.31331249050730425     
   7.1500000000000004      -0.31083976758593423     
   7.2000000000000002      -0.30838202967662520     
   7.2500000000000000      -0.30593953953925257     
   7.3000000000000007      -0.30351252874085949     
   7.3500000000000005      -0.30110120008659652     
   7.4000000000000004      -0.29870572987058230     
   7.4500000000000002      -0.29632626995955091     
   7.5000000000000000      -0.29396294972129300     
   7.5500000000000007      -0.29161587780908654     
   7.6000000000000005      -0.28928514381255394     
   7.6500000000000004      -0.28697081978466088     
   7.7000000000000002      -0.28467296165390293     
   7.7500000000000000      -0.28239161053009171     
   7.8000000000000007      -0.28012679391156126     
   7.8500000000000005      -0.27787852680106284     
   7.9000000000000004      -0.27564681273709885     
   7.9500000000000002      -0.27343164474696163     
   8.0000000000000000      -0.27123300622729435     
   8.0500000000000007      -0.26905087175757192     
   8.0999999999999996      -0.26688520785150210     
   8.1500000000000004      -0.26473597365099300     
   8.2000000000000011      -0.26260312156698190     
   8.2500000000000000      -0.26048659787111583     
   8.3000000000000007      -0.25838634324197329     
   8.3499999999999996      -0.25630229326924797     
   8.4000000000000004      -0.25423437891906225     
   8.4500000000000011      -0.25218252696334076     
   8.5000000000000000      -0.25014666037596123     
   8.5500000000000007      -0.24812669869819151     
   8.5999999999999996      -0.24612255837573954     
   8.6500000000000004      -0.24413415306956765     
   8.7000000000000011      -0.24216139394245895     
   8.7500000000000000      -0.24020418992317893     
   8.8000000000000007      -0.23826244794993368     
   8.8499999999999996      -0.23633607319469846     
   8.9000000000000004      -0.23442496926987491     
   8.9500000000000011      -0.23252903841862022     
   9.0000000000000000      -0.23064818169009560     
   9.0500000000000007      -0.22878229910078260     
   9.0999999999999996      -0.22693128978293245     
   9.1500000000000004      -0.22509505212113071     
   9.2000000000000011      -0.22327348387788618     
   9.2500000000000000      -0.22146648230908422     
   9.3000000000000007      -0.21967394427008019     
   9.3499999999999996      -0.21789576631315061     
   9.4000000000000004      -0.21613184477696504     
   9.4500000000000011      -0.21438207586868982     
   9.5000000000000000      -0.21264635573929205     
   9.5500000000000007      -0.21092458055256363     
   9.6000000000000014      -0.20921664654835087     
   9.6500000000000004      -0.20752245010043463     
   9.7000000000000011      -0.20584188776947360     
   9.7500000000000000      -0.20417485635139179     
   9.8000000000000007      -0.20252125292156134     
   9.8500000000000014      -0.20088097487510656     
   9.9000000000000004      -0.19925391996362890     
   9.9500000000000011      -0.19763998632863039     
   10.000000000000000      -0.19603907253189096     
   10.050000000000001      -0.19445107758303729     
   10.100000000000001      -0.19287590096452059     
   10.150000000000000      -0.19131344265420580     
   10.200000000000001      -0.18976360314575871     
   10.250000000000000      -0.18822628346700207     
   10.300000000000001      -0.18670138519640075     
   10.350000000000001      -0.18518881047782224     
   10.400000000000000      -0.18368846203370814     
   10.450000000000001      -0.18220024317678149     
   10.500000000000000      -0.18072405782040599     
   10.550000000000001      -0.17925981048770342     
   10.600000000000001      -0.17780740631952810     
   10.650000000000000      -0.17636675108138930     
   10.700000000000001      -0.17493775116940552     
   10.750000000000000      -0.17352031361536788     
   10.800000000000001      -0.17211434609098514     
   10.850000000000001      -0.17071975691137567     
   10.900000000000000      -0.16933645503786710     
   10.950000000000001      -0.16796435008016133     
   11.000000000000000      -0.16660335229791562     
   11.050000000000001      -0.16525337260178777     
   11.100000000000001      -0.16391432255399105     
   11.150000000000000      -0.16258611436839801     
   11.200000000000001      -0.16126866091023220     
   11.250000000000000      -0.15996187569538162     
   11.300000000000001      -0.15866567288936734     
   11.350000000000001      -0.15737996730599554     
   11.400000000000000      -0.15610467440572101     
   11.450000000000001      -0.15483971029374757     
   11.500000000000000      -0.15358499171788823     
   11.550000000000001      -0.15234043606620670     
   11.600000000000001      -0.15110596136446036     
   11.650000000000000      -0.14988148627336245     
   11.700000000000001      -0.14866693008568083     
   11.750000000000000      -0.14746221272318841     
   11.800000000000001      -0.14626725473348021     
   11.850000000000001      -0.14508197728666899     
   11.900000000000000      -0.14390630217197353     
   11.950000000000001      -0.14274015179420896     
   12.000000000000000      -0.14158344917019033     
   12.050000000000001      -0.14043611792505914     
   12.100000000000001      -0.13929808228854115     
   12.150000000000000      -0.13816926709114344     
   12.200000000000001      -0.13704959776029907     
   12.250000000000000      -0.13593900031646458     
   12.300000000000001      -0.13483740136917843     
   12.350000000000001      -0.13374472811308499     
   12.400000000000000      -0.13266090832392929     
   12.450000000000001      -0.13158587035452901     
   12.500000000000000      -0.13051954313072581     
   12.550000000000001      -0.12946185614732231     
   12.600000000000001      -0.12841273946400705     
   12.650000000000000      -0.12737212370127193     
   12.700000000000001      -0.12633994003632457     
   12.750000000000000      -0.12531612019899901     
   12.800000000000001      -0.12430059646766717     
   12.850000000000001      -0.12329330166515345     
   12.900000000000000      -0.12229416915465553     
   12.950000000000001      -0.12130313283567204     
   13.000000000000000      -0.12032012713994011     
   13.050000000000001      -0.11934508702738428     
   13.100000000000001      -0.11837794798207794     
   13.150000000000000      -0.11741864600821904     
   13.200000000000001      -0.11646711762612159     
   13.250000000000000      -0.11552329986822356     
   13.300000000000001      -0.11458713027511268     
   13.350000000000001      -0.11365854689157107     
   13.400000000000000      -0.11273748826263924     
   13.450000000000001      -0.11182389342970096     
   13.500000000000000      -0.11091770192658872     
   13.550000000000001      -0.11001885377571140     
   13.600000000000001      -0.10912728948420400     
   13.650000000000000      -0.10824295004010041     
   13.700000000000001      -0.10736577690852947     
   13.750000000000000      -0.10649571202793449     
   13.800000000000001      -0.10563269780631722     
   13.850000000000001      -0.10477667711750578     
   13.900000000000000      -0.10392759329744759     
   13.950000000000001      -0.10308539014052695     
   14.000000000000000      -0.10225001189590768     
   14.050000000000001      -0.10142140326390116     
   14.100000000000001      -0.10059950939235945     
   14.150000000000000       -9.9784275873094075E-002
   14.200000000000001       -9.8975648738320390E-002
   14.250000000000000       -9.8173574457127225E-002
   14.300000000000001       -9.7377999931972617E-002
   14.350000000000001       -9.6588872495204883E-002
   14.400000000000000       -9.5806139905609461E-002
   14.450000000000001       -9.5029750344981359E-002
   14.500000000000000       -9.4259652414723311E-002
   14.550000000000001       -9.3495795132469459E-002
   14.600000000000001       -9.2738127928734357E-002
   14.650000000000000       -9.1986600643587782E-002
   14.700000000000001       -9.1241163523354776E-002
   14.750000000000000       -9.0501767217340906E-002
   14.800000000000001       -8.9768362774582736E-002
   14.850000000000001       -8.9040901640623518E-002
   14.900000000000000       -8.8319335654313699E-002
   14.950000000000001       -8.7603617044636484E-002
   15.000000000000000       -8.6893698427557967E-002
   15.050000000000001       -8.6189532802902036E-002
   15.100000000000001       -8.5491073551249699E-002
   15.150000000000000       -8.4798274430862727E-002
   15.200000000000001       -8.4111089574631689E-002
   15.250000000000000       -8.3429473487047837E-002
   15.300000000000001       -8.2753381041199073E-002
   15.350000000000001       -8.2082767475789783E-002
   15.400000000000000       -8.1417588392184007E-002
   15.450000000000001       -8.0757799751472362E-002
   15.500000000000000       -8.0103357871562225E-002
   15.550000000000001       -7.9454219424291123E-002
   15.600000000000001       -7.8810341432562894E-002
   15.650000000000000       -7.8171681267507204E-002
   15.700000000000001       -7.7538196645661223E-002
   15.750000000000000       -7.6909845626174242E-002
   15.800000000000001       -7.6286586608034418E-002
   15.850000000000001       -7.5668378327317903E-002
   15.900000000000000       -7.5055179854459947E-002
   15.950000000000001       -7.4446950591548003E-002
   16.000000000000000       -7.3843650269636338E-002
   16.050000000000001       -7.3245238946082508E-002
   16.100000000000001       -7.2651677001905030E-002
   16.150000000000002       -7.2062925139162445E-002
   16.199999999999999       -7.1478944378353379E-002
   16.250000000000000       -7.0899696055837777E-002
   16.300000000000001       -7.0325141821278400E-002
   16.350000000000001       -6.9755243635103520E-002
   16.400000000000002       -6.9189963765989779E-002
   16.449999999999999       -6.8629264788365313E-002
   16.500000000000000       -6.8073109579933191E-002
   16.550000000000001       -6.7521461319214576E-002
   16.600000000000001       -6.6974283483112143E-002
   16.650000000000002       -6.6431539844492626E-002
   16.699999999999999       -6.5893194469789404E-002
   16.750000000000000       -6.5359211716624177E-002
   16.800000000000001       -6.4829556231447871E-002
   16.850000000000001       -6.4304192947200745E-002
   16.900000000000002       -6.3783087080991174E-002
   16.949999999999999       -6.3266204131793444E-002
   17.000000000000000       -6.2753509878164068E-002
   17.050000000000001       -6.2244970375976566E-002
   17.100000000000001       -6.1740551956174582E-002
   17.150000000000002       -6.1240221222543058E-002
   17.199999999999999       -6.0743945049497670E-002
   17.250000000000000       -6.0251690579892034E-002
   17.300000000000001       -5.9763425222842566E-002
   17.350000000000001       -5.9279116651571082E-002
   17.400000000000002       -5.8798732801264776E-002
   17.449999999999999       -5.8322241866953603E-002
   17.500000000000000       -5.7849612301404812E-002
   17.550000000000001       -5.7380812813034393E-002
   17.600000000000001       -5.6915812363835611E-002
   17.650000000000002       -5.6454580167324325E-002
   17.699999999999999       -5.5997085686500754E-002
   17.750000000000000       -5.5543298631827935E-002
   17.800000000000001       -5.5093188959226422E-002
   17.850000000000001       -5.4646726868085374E-002
   17.900000000000002       -5.4203882799289546E-002
   17.949999999999999       -5.3764627433262435E-002
   18.000000000000000       -5.3328931688025244E-002
   18.050000000000001       -5.2896766717271497E-002
   18.100000000000001       -5.2468103908457263E-002
   18.150000000000002       -5.2042914880906947E-002
   18.199999999999999       -5.1621171483934331E-002
   18.250000000000000       -5.1202845794978823E-002
   18.300000000000001       -5.0787910117756886E-002
   18.350000000000001       -5.0376336980428413E-002
   18.400000000000002       -4.9968099133777859E-002
   18.449999999999999       -4.9563169549410292E-002
   18.500000000000000       -4.9161521417961943E-002
   18.550000000000001       -4.8763128147325217E-002
   18.600000000000001       -4.8367963360888160E-002
   18.650000000000002       -4.7976000895788184E-002
   18.699999999999999       -4.7587214801179903E-002
   18.750000000000000       -4.7201579336517113E-002
   18.800000000000001       -4.6819068969848450E-002
   18.850000000000001       -4.6439658376127173E-002
   18.900000000000002       -4.6063322435534348E-002
   18.949999999999999       -4.5690036231815841E-002
   19.000000000000000       -4.5319775050632671E-002
   19.050000000000001       -4.4952514377924732E-002
   19.100000000000001       -4.4588229898287819E-002
   19.150000000000002       -4.4226897493363830E-002
   19.200000000000003       -4.3868493240243875E-002
   19.250000000000000       -4.3512993409884446E-002
   19.300000000000001       -4.3160374465536493E-002
   19.350000000000001       -4.2810613061186928E-002
   19.400000000000002       -4.2463686040013139E-002
   19.450000000000003       -4.2119570432849737E-002
   19.500000000000000       -4.1778243456667911E-002
   19.550000000000001       -4.1439682513066976E-002
   19.600000000000001       -4.1103865186778207E-002
   19.650000000000002       -4.0770769244180806E-002
   19.700000000000003       -4.0440372631829882E-002
   19.750000000000000       -4.0112653474996304E-002
   19.800000000000001       -3.9787590076218508E-002
   19.850000000000001       -3.9465160913865878E-002
   19.900000000000002       -3.9145344640713987E-002
   19.950000000000003       -3.8828120082531108E-002
   20.000000000000000       -3.8513466236676432E-002
   20.050000000000001       -3.8201362270709548E-002
   20.100000000000001       -3.7891787521011085E-002
   20.150000000000002       -3.7584721491414716E-002
   20.200000000000003       -3.7280143851850134E-002
   20.250000000000000       -3.6978034436997008E-002
   20.300000000000001       -3.6678373244949984E-002
   20.350000000000001       -3.6381140435894348E-002
   20.400000000000002       -3.6086316330792505E-002
   20.450000000000003       -3.5793881410081031E-002
   20.500000000000000       -3.5503816312378415E-002
   20.550000000000001       -3.5216101833203166E-002
   20.600000000000001       -3.4930718923702288E-002
   20.650000000000002       -3.4647648689390152E-002
   20.700000000000003       -3.4366872388897546E-002
   20.750000000000000       -3.4088371432730788E-002
   20.800000000000001       -3.3812127382041077E-002
   20.850000000000001       -3.3538121947403618E-002
   20.900000000000002       -3.3266336987606754E-002
   20.950000000000003       -3.2996754508450868E-002
   21.000000000000000       -3.2729356661557039E-002
   21.050000000000001       -3.2464125743185357E-002
   21.100000000000001       -3.2201044193062807E-002
   21.150000000000002       -3.1940094593220662E-002
   21.200000000000003       -3.1681259666841231E-002
   21.250000000000000       -3.1424522277114036E-002
   21.300000000000001       -3.1169865426101243E-002
   21.350000000000001       -3.0917272253612262E-002
   21.400000000000002       -3.0666726036087454E-002
   21.450000000000003       -3.0418210185490908E-002
   21.500000000000000       -3.0171708248212241E-002
   21.550000000000001       -2.9927203903977177E-002
   21.600000000000001       -2.9684680964767077E-002
   21.650000000000002       -2.9444123373747137E-002
   21.700000000000003       -2.9205515204203308E-002
   21.750000000000000       -2.8968840658487857E-002
   21.800000000000001       -2.8734084066973416E-002
   21.850000000000001       -2.8501229887015561E-002
   21.900000000000002       -2.8270262701923739E-002
   21.950000000000003       -2.8041167219940603E-002
   22.000000000000000       -2.7813928273229562E-002
   22.050000000000001       -2.7588530816870550E-002
   22.100000000000001       -2.7364959927863981E-002
   22.150000000000002       -2.7143200804142665E-002
   22.200000000000003       -2.6923238763591865E-002
   22.250000000000000       -2.6705059243077194E-002
   22.300000000000001       -2.6488647797480464E-002
   22.350000000000001       -2.6273990098743281E-002
   22.400000000000002       -2.6061071934918380E-002
   22.450000000000003       -2.5849879209228779E-002
   22.500000000000000       -2.5640397939134422E-002
   22.550000000000001       -2.5432614255406424E-002
   22.600000000000001       -2.5226514401208815E-002
   22.650000000000002       -2.5022084731187767E-002
   22.700000000000003       -2.4819311710568136E-002
   22.750000000000000       -2.4618181914257381E-002
   22.800000000000001       -2.4418682025956717E-002
   22.850000000000001       -2.4220798837279477E-002
   22.900000000000002       -2.4024519246876617E-002
   22.950000000000003       -2.3829830259569303E-002
   23.000000000000000       -2.3636718985488546E-002
   23.050000000000001       -2.3445172639221776E-002
   23.100000000000001       -2.3255178538966366E-002
   23.150000000000002       -2.3066724105690023E-002
   23.200000000000003       -2.2879796862297897E-002
   23.250000000000000       -2.2694384432806570E-002
   23.300000000000001       -2.2510474541524654E-002
   23.350000000000001       -2.2328055012240035E-002
   23.400000000000002       -2.2147113767413719E-002
   23.450000000000003       -2.1967638827380211E-002
   23.500000000000000       -2.1789618309554386E-002
   23.550000000000001       -2.1613040427644770E-002
   23.600000000000001       -2.1437893490873168E-002
   23.650000000000002       -2.1264165903200682E-002
   23.700000000000003       -2.1091846162559946E-002
   23.750000000000000       -2.0920922860093612E-002
   23.800000000000001       -2.0751384679398997E-002
   23.850000000000001       -2.0583220395778860E-002
   23.900000000000002       -2.0416418875498245E-002
   23.950000000000003       -2.0250969075047320E-002
   24.000000000000000       -2.0086860040410204E-002
   24.050000000000001       -1.9924080906339812E-002
   24.100000000000001       -1.9762620895638391E-002
   24.150000000000002       -1.9602469318444043E-002
   24.200000000000003       -1.9443615571522979E-002
   24.250000000000000       -1.9286049137567471E-002
   24.300000000000001       -1.9129759584499584E-002
   24.350000000000001       -1.8974736564780419E-002
   24.400000000000002       -1.8820969814725107E-002
   24.450000000000003       -1.8668449153823211E-002
   24.500000000000000       -1.8517164484064739E-002
   24.550000000000001       -1.8367105789271591E-002
   24.600000000000001       -1.8218263134434351E-002
   24.650000000000002       -1.8070626665054591E-002
   24.700000000000003       -1.7924186606492368E-002
   24.750000000000000       -1.7778933263319117E-002
   24.800000000000001       -1.7634857018675700E-002
   24.850000000000001       -1.7491948333635716E-002
   24.900000000000002       -1.7350197746573974E-002
   24.950000000000003       -1.7209595872540024E-002
   25.000000000000000       -1.7070133402636817E-002
   25.050000000000001       -1.6931801103404413E-002
   25.100000000000001       -1.6794589816208627E-002
   25.150000000000002       -1.6658490456634648E-002
   25.200000000000003       -1.6523494013885622E-002
   25.250000000000000       -1.6389591550186034E-002
   25.300000000000001       -1.6256774200189984E-002
   25.350000000000001       -1.6125033170394220E-002
   25.400000000000002       -1.5994359738555949E-002
   25.450000000000003       -1.5864745253115365E-002
   25.500000000000000       -1.5736181132622828E-002
   25.550000000000001       -1.5608658865170748E-002
   25.600000000000001       -1.5482170007829994E-002
   25.650000000000002       -1.5356706186090922E-002
   25.700000000000003       -1.5232259093308930E-002
   25.750000000000000       -1.5108820490154475E-002
   25.800000000000001       -1.4986382204067589E-002
   25.850000000000001       -1.4864936128716782E-002
   25.900000000000002       -1.4744474223462350E-002
   25.950000000000003       -1.4624988512824016E-002
   26.000000000000000       -1.4506471085952896E-002
   26.050000000000001       -1.4388914096107753E-002
   26.100000000000001       -1.4272309760135458E-002
   26.150000000000002       -1.4156650357955715E-002
   26.200000000000003       -1.4041928232049914E-002
   26.250000000000000       -1.3928135786954159E-002
   26.300000000000001       -1.3815265488756390E-002
   26.350000000000001       -1.3703309864597562E-002
   26.400000000000002       -1.3592261502176918E-002
   26.450000000000003       -1.3482113049261221E-002
   26.500000000000000       -1.3372857213197966E-002
   26.550000000000001       -1.3264486760432593E-002
   26.600000000000001       -1.3156994516029521E-002
   26.650000000000002       -1.3050373363197164E-002
   26.700000000000003       -1.2944616242816700E-002
   26.750000000000000       -1.2839716152974747E-002
   26.800000000000001       -1.2735666148499745E-002
   26.850000000000001       -1.2632459340502162E-002
   26.900000000000002       -1.2530088895918388E-002
   26.950000000000003       -1.2428548037058326E-002
   27.000000000000000       -1.2327830041156673E-002
   27.050000000000001       -1.2227928239927823E-002
   27.100000000000001       -1.2128836019124352E-002
   27.150000000000002       -1.2030546818099138E-002
   27.200000000000003       -1.1933054129370976E-002
   27.250000000000000       -1.1836351498193743E-002
   27.300000000000001       -1.1740432522129042E-002
   27.350000000000001       -1.1645290850622313E-002
   27.400000000000002       -1.1550920184582376E-002
   27.450000000000003       -1.1457314275964390E-002
   27.500000000000000       -1.1364466927356183E-002
   27.550000000000001       -1.1272371991567944E-002
   27.600000000000001       -1.1181023371225207E-002
   27.650000000000002       -1.1090415018365194E-002
   27.700000000000003       -1.1000540934036372E-002
   27.750000000000000       -1.0911395167901284E-002
   27.800000000000001       -1.0822971817842596E-002
   27.850000000000001       -1.0735265029572321E-002
   27.900000000000002       -1.0648268996244230E-002
   27.950000000000003       -1.0561977958069403E-002
   28.000000000000000       -1.0476386201934867E-002
   28.050000000000001       -1.0391488061025366E-002
   28.100000000000001       -1.0307277914448163E-002
   28.150000000000002       -1.0223750186860895E-002
   28.200000000000003       -1.0140899348102455E-002
   28.250000000000000       -1.0058719912826837E-002
   28.300000000000001       -9.9772064401399806E-003
   28.350000000000001       -9.8963535332395360E-003
   28.400000000000002       -9.8161558390575474E-003
   28.450000000000003       -9.7366080479060549E-003
   28.500000000000000       -9.6577048931255436E-003
   28.550000000000001       -9.5794411507362596E-003
   28.600000000000001       -9.5018116390923318E-003
   28.650000000000002       -9.4248112185387097E-003
   28.700000000000003       -9.3484347910708990E-003
   28.750000000000000       -9.2726772999974054E-003
   28.800000000000001       -9.1975337296049692E-003
   28.850000000000001       -9.1229991048264736E-003
   28.900000000000002       -9.0490684909115653E-003
   28.950000000000003       -8.9757369930999267E-003
   29.000000000000000       -8.9029997562972193E-003
   29.050000000000001       -8.8308519647536388E-003
   29.100000000000001       -8.7592888417450526E-003
   29.150000000000002       -8.6883056492567824E-003
   29.200000000000003       -8.6178976876698874E-003
   29.250000000000000       -8.5480602954500166E-003
   29.300000000000001       -8.4787888488387902E-003
   29.350000000000001       -8.4100787615476614E-003
   29.400000000000002       -8.3419254844542753E-003
   29.450000000000003       -8.2743245053012865E-003
   29.500000000000000       -8.2072713483976028E-003
   29.550000000000001       -8.1407615743220724E-003
   29.600000000000001       -8.0747907796295572E-003
   29.650000000000002       -8.0093545965593833E-003
   29.700000000000003       -7.9444486927461762E-003
   29.750000000000000       -7.8800687709330193E-003
   29.800000000000001       -7.8162105686869401E-003
   29.850000000000001       -7.7528698581167139E-003
   29.900000000000002       -7.6900424455929352E-003
   29.950000000000003       -7.6277241714703776E-003
   30.000000000000000       -7.5659109098125867E-003
   30.050000000000001       -7.5045985681187182E-003
   30.100000000000001       -7.4437830870525811E-003
   30.150000000000002       -7.3834604401738727E-003
   30.200000000000003       -7.3236266336716106E-003
   30.250000000000000       -7.2642777060997026E-003
   30.300000000000001       -7.2054097281146774E-003
   30.350000000000001       -7.1470188022155230E-003
   30.400000000000002       -7.0891010624856525E-003
   30.450000000000003       -7.0316526743369415E-003
   30.500000000000000       -6.9746698342558642E-003
   30.550000000000001       -6.9181487695516566E-003
   30.600000000000001       -6.8620857381065433E-003
   30.650000000000002       -6.8064770281279852E-003
   30.700000000000003       -6.7513189579029211E-003
   30.750000000000000       -6.6966078755540176E-003
   30.800000000000001       -6.6423401587978916E-003
   30.850000000000001       -6.5885122147052782E-003
   30.900000000000002       -6.5351204794631534E-003
   30.950000000000003       -6.4821614181387920E-003
   31.000000000000000       -6.4296315244457194E-003
   31.050000000000001       -6.3775273205115722E-003
   31.100000000000001       -6.3258453566478389E-003
   31.150000000000002       -6.2745822111214588E-003
   31.200000000000003       -6.2237344899282862E-003
   31.250000000000000       -6.1732988265683761E-003
   31.300000000000001       -6.1232718818230959E-003
   31.350000000000001       -6.0736503435340500E-003
   31.400000000000002       -6.0244309263837821E-003
   31.450000000000003       -5.9756103716782699E-003
   31.500000000000000       -5.9271854471311704E-003
   31.550000000000001       -5.8791529466498214E-003
   31.600000000000001       -5.8315096901229721E-003
   31.650000000000002       -5.7842525232102340E-003
   31.700000000000003       -5.7373783171332489E-003
   31.750000000000000       -5.6908839684685249E-003
   31.800000000000001       -5.6447663989419869E-003
   31.850000000000001       -5.5990225552251483E-003
   31.900000000000002       -5.5536494087329788E-003
   31.950000000000003       -5.5086439554233773E-003
   32.000000000000000       -5.4640032155982825E-003
   32.050000000000004       -5.4197242337064057E-003
   32.100000000000001       -5.3758040781475332E-003
   32.149999999999999       -5.3322398410784472E-003
   32.200000000000003       -5.2890286382203970E-003
   32.250000000000000       -5.2461676086681388E-003
   32.300000000000004       -5.2036539147005314E-003
   32.350000000000001       -5.1614847415926441E-003
   32.399999999999999       -5.1196572974294063E-003
   32.450000000000003       -5.0781688129207690E-003
   32.500000000000000       -5.0370165412183454E-003
   32.550000000000004       -4.9961977577335590E-003
   32.600000000000001       -4.9557097599572447E-003
   32.649999999999999       -4.9155498672807307E-003
   32.700000000000003       -4.8757154208183663E-003
   32.750000000000000       -4.8362037832314691E-003
   32.800000000000004       -4.7970123385537248E-003
   32.850000000000001       -4.7581384920179883E-003
   32.899999999999999       -4.7195796698844914E-003
   32.950000000000003       -4.6813333192704384E-003
   33.000000000000000       -4.6433969079809874E-003
   33.050000000000004       -4.6057679243416035E-003
   33.100000000000001       -4.5684438770317616E-003
   33.149999999999999       -4.5314222949200070E-003
   33.200000000000003       -4.4947007269003506E-003
   33.250000000000000       -4.4582767417299740E-003
   33.300000000000004       -4.4221479278682800E-003
   33.350000000000001       -4.3863118933172183E-003
   33.399999999999999       -4.3507662654629249E-003
   33.450000000000003       -4.3155086909186305E-003
   33.500000000000000       -4.2805368353688537E-003
   33.550000000000004       -4.2458483834148502E-003
   33.600000000000001       -4.2114410384213137E-003
   33.649999999999999       -4.1773125223643287E-003
   33.700000000000003       -4.1434605756805430E-003
   33.750000000000000       -4.1098829571175628E-003
   33.800000000000004       -4.0765774435855759E-003
   33.850000000000001       -4.0435418300101573E-003
   33.899999999999999       -4.0107739291862831E-003
   33.950000000000003       -3.9782715716335168E-003
   34.000000000000000       -3.9460326054523761E-003
   34.050000000000004       -3.9140548961818606E-003
   34.100000000000001       -3.8823363266581308E-003
   34.149999999999999       -3.8508747968743419E-003
   34.200000000000003       -3.8196682238416059E-003
   34.250000000000000       -3.7887145414510783E-003
   34.300000000000004       -3.7580117003371723E-003
   34.350000000000001       -3.7275576677418668E-003
   34.399999999999999       -3.6973504273801337E-003
   34.450000000000003       -3.6673879793064370E-003
   34.500000000000000       -3.6376683397823205E-003
   34.550000000000004       -3.6081895411450779E-003
   34.600000000000001       -3.5789496316774691E-003
   34.649999999999999       -3.5499466754785073E-003
   34.700000000000003       -3.5211787523352894E-003
   34.750000000000000       -3.4926439575958547E-003
   34.800000000000004       -3.4643404020430948E-003
   34.850000000000001       -3.4362662117696616E-003
   34.899999999999999       -3.4084195280539116E-003
   34.950000000000003       -3.3807985072368358E-003
   35.000000000000000       -3.3534013206000003E-003
   35.050000000000004       -3.3262261542444703E-003
   35.100000000000001       -3.2992712089707148E-003
   35.149999999999999       -3.2725347001594900E-003
   35.200000000000003       -3.2460148576536805E-003
   35.250000000000000       -3.2197099256411040E-003
   35.300000000000004       -3.1936181625382607E-003
   35.350000000000001       -3.1677378408750301E-003
   35.399999999999999       -3.1420672471802998E-003
   35.450000000000003       -3.1166046818685172E-003
   35.500000000000000       -3.0913484591271684E-003
   35.550000000000004       -3.0662969068051614E-003
   35.600000000000001       -3.0414483663021184E-003
   35.649999999999999       -3.0168011924585668E-003
   35.700000000000003       -2.9923537534470154E-003
   35.750000000000000       -2.9681044306639091E-003
   35.800000000000004       -2.9440516186224775E-003
   35.850000000000001       -2.9201937248464283E-003
   35.899999999999999       -2.8965291697645211E-003
   35.950000000000003       -2.8730563866059835E-003
   36.000000000000000       -2.8497738212967813E-003
   36.050000000000004       -2.8266799323567252E-003
   36.100000000000001       -2.8037731907974155E-003
   36.149999999999999       -2.7810520800210102E-003
   36.200000000000003       -2.7585150957198166E-003
   36.250000000000000       -2.7361607457766922E-003
   36.300000000000004       -2.7139875501662573E-003
   36.350000000000001       -2.6919940408569056E-003
   36.399999999999999       -2.6701787617136106E-003
   36.450000000000003       -2.6485402684015167E-003
   36.500000000000000       -2.6270771282903131E-003
   36.550000000000004       -2.6057879203593868E-003
   36.600000000000001       -2.5846712351037344E-003
   36.649999999999999       -2.5637256744406481E-003
   36.700000000000003       -2.5429498516171506E-003
   36.750000000000000       -2.5223423911181777E-003
   36.800000000000004       -2.5019019285755142E-003
   36.850000000000001       -2.4816271106774578E-003
   36.899999999999999       -2.4615165950792254E-003
   36.950000000000003       -2.4415690503140765E-003
   37.000000000000000       -2.4217831557051569E-003
   37.050000000000004       -2.4021576012780671E-003
   37.100000000000001       -2.3826910876741251E-003
   37.149999999999999       -2.3633823260643446E-003
   37.200000000000003       -2.3442300380641023E-003
   37.250000000000000       -2.3252329556485009E-003
   37.300000000000004       -2.3063898210684119E-003
   37.350000000000001       -2.2876993867672088E-003
   37.399999999999999       -2.2691604152981675E-003
   37.450000000000003       -2.2507716792425372E-003
   37.500000000000000       -2.2325319611282758E-003
   37.550000000000004       -2.2144400533494453E-003
   37.600000000000001       -2.1964947580862594E-003
   37.649999999999999       -2.1786948872257765E-003
   37.700000000000003       -2.1610392622832438E-003
   37.750000000000000       -2.1435267143240632E-003
   37.800000000000004       -2.1261560838864088E-003
   37.850000000000001       -2.1089262209044546E-003
   37.899999999999999       -2.0918359846322353E-003
   37.950000000000003       -2.0748842435681205E-003
   38.000000000000000       -2.0580698753798984E-003
   38.050000000000004       -2.0413917668304711E-003
   38.100000000000001       -2.0248488137041484E-003
   38.149999999999999       -2.0084399207335418E-003
   38.200000000000003       -1.9921640015270509E-003
   38.250000000000000       -1.9760199784969309E-003
   38.300000000000004       -1.9600067827879549E-003
   38.350000000000001       -1.9441233542066409E-003
   38.400000000000006       -1.9283686411510660E-003
   38.450000000000003       -1.9127416005412369E-003
   38.500000000000000       -1.8972411977500334E-003
   38.550000000000004       -1.8818664065347072E-003
   38.600000000000001       -1.8666162089689363E-003
   38.650000000000006       -1.8514895953754323E-003
   38.700000000000003       -1.8364855642590905E-003
   38.750000000000000       -1.8216031222406850E-003
   38.800000000000004       -1.8068412839910987E-003
   38.850000000000001       -1.7921990721660860E-003
   38.900000000000006       -1.7776755173415681E-003
   38.950000000000003       -1.7632696579494478E-003
   39.000000000000000       -1.7489805402139461E-003
   39.050000000000004       -1.7348072180884578E-003
   39.100000000000001       -1.7207487531929117E-003
   39.150000000000006       -1.7068042147516476E-003
   39.200000000000003       -1.6929726795317885E-003
   39.250000000000000       -1.6792532317821179E-003
   39.300000000000004       -1.6656449631724487E-003
   39.350000000000001       -1.6521469727334855E-003
   39.400000000000006       -1.6387583667971742E-003
   39.450000000000003       -1.6254782589375323E-003
   39.500000000000000       -1.6123057699119646E-003
   39.550000000000004       -1.5992400276030479E-003
   39.600000000000001       -1.5862801669607909E-003
   39.650000000000006       -1.5734253299453621E-003
   39.700000000000003       -1.5606746654702787E-003
   39.750000000000000       -1.5480273293460621E-003
   39.800000000000004       -1.5354824842243456E-003
   39.850000000000001       -1.5230392995424305E-003
   39.900000000000006       -1.5106969514683047E-003
   39.950000000000003       -1.4984546228460926E-003
   40.000000000000000       -1.4863115031419551E-003
   40.050000000000004       -1.4742667883904273E-003
   40.100000000000001       -1.4623196811411885E-003
   40.150000000000006       -1.4504693904062666E-003
   40.200000000000003       -1.4387151316076674E-003
   40.250000000000000       -1.4270561265254289E-003
   40.300000000000004       -1.4154916032461007E-003
   40.350000000000001       -1.4040207961116327E-003
   40.400000000000006       -1.3926429456686882E-003
   40.450000000000003       -1.3813572986183574E-003
   40.500000000000000       -1.3701631077662868E-003
   40.550000000000004       -1.3590596319732076E-003
   40.600000000000001       -1.3480461361058678E-003
   40.650000000000006       -1.3371218909883598E-003
   40.700000000000003       -1.3262861733538448E-003
   40.750000000000000       -1.3155382657966648E-003
   40.800000000000004       -1.3048774567248490E-003
   40.850000000000001       -1.2943030403129959E-003
   40.900000000000006       -1.2838143164555468E-003
   40.950000000000003       -1.2734105907204318E-003
   41.000000000000000       -1.2630911743030922E-003
   41.050000000000004       -1.2528553839808796E-003
   41.100000000000001       -1.2427025420678173E-003
   41.150000000000006       -1.2326319763697352E-003
   41.200000000000003       -1.2226430201397645E-003
   41.250000000000000       -1.2127350120341954E-003
   41.300000000000004       -1.2029072960686893E-003
   41.350000000000001       -1.1931592215748484E-003
   41.400000000000006       -1.1834901431571380E-003
   41.450000000000003       -1.1738994206501533E-003
   41.500000000000000       -1.1643864190762389E-003
   41.550000000000004       -1.1549505086034476E-003
   41.600000000000001       -1.1455910645038392E-003
   41.650000000000006       -1.1363074671121209E-003
   41.700000000000003       -1.1270991017846203E-003
   41.750000000000000       -1.1179653588585905E-003
   41.800000000000004       -1.1089056336118462E-003
   41.850000000000001       -1.0999193262227270E-003
   41.900000000000006       -1.0910058417303848E-003
   41.950000000000003       -1.0821645899953918E-003
   42.000000000000000       -1.0733949856606706E-003
   42.050000000000004       -1.0646964481127385E-003
   42.100000000000001       -1.0560684014432650E-003
   42.150000000000006       -1.0475102744109451E-003
   42.200000000000003       -1.0390215004036768E-003
   42.250000000000000       -1.0306015174010475E-003
   42.300000000000004       -1.0222497679371245E-003
   42.350000000000001       -1.0139656990635468E-003
   42.400000000000006       -1.0057487623129145E-003
   42.450000000000003       -9.9759841366247790E-004
   42.500000000000000       -9.8951411349811730E-004
   42.550000000000004       -9.8149532657861808E-004
   42.600000000000001       -9.7354152200023229E-004
   42.650000000000006       -9.6565217316153091E-004
   42.700000000000003       -9.5782675772853655E-004
   42.750000000000000       -9.5006475760014226E-004
   42.800000000000004       -9.4236565887380959E-004
   42.850000000000001       -9.3472895181154387E-004
   42.900000000000006       -9.2715413080614512E-004
   42.950000000000003       -9.1964069434773458E-004
   43.000000000000000       -9.1218814499055014E-004
   43.050000000000004       -9.0479598932001167E-004
   43.100000000000001       -8.9746373792005301E-004
   43.150000000000006       -8.9019090534072005E-004
   43.200000000000003       -8.8297701006602913E-004
   43.250000000000000       -8.7582157448208749E-004
   43.300000000000004       -8.6872412484547226E-004
   43.350000000000001       -8.6168419125186399E-004
   43.400000000000006       -8.5470130760493634E-004
   43.450000000000003       -8.4777501158549617E-004
   43.500000000000000       -8.4090484462087548E-004
   43.550000000000004       -8.3409035185457001E-004
   43.600000000000001       -8.2733108211612450E-004
   43.650000000000006       -8.2062658789126169E-004
   43.700000000000003       -8.1397642529225302E-004
   43.750000000000000       -8.0738015402853083E-004
   43.800000000000004       -8.0083733737753811E-004
   43.850000000000001       -7.9434754215581226E-004
   43.900000000000006       -7.8791033869030774E-004
   43.950000000000003       -7.8152530078994572E-004
   44.000000000000000       -7.7519200571739950E-004
   44.050000000000004       -7.6891003416110486E-004
   44.100000000000001       -7.6267897020749836E-004
   44.150000000000006       -7.5649840131348134E-004
   44.200000000000003       -7.5036791827910591E-004
   44.250000000000000       -7.4428711522048403E-004
   44.300000000000004       -7.3825558954291335E-004
   44.350000000000001       -7.3227294191422366E-004
   44.400000000000006       -7.2633877623833737E-004
   44.450000000000003       -7.2045269962904546E-004
   44.500000000000000       -7.1461432238399474E-004
   44.550000000000004       -7.0882325795888789E-004
   44.600000000000001       -7.0307912294188997E-004
   44.650000000000006       -6.9738153702824496E-004
   44.700000000000003       -6.9173012299509511E-004
   44.750000000000000       -6.8612450667650791E-004
   44.800000000000004       -6.8056431693870253E-004
   44.850000000000001       -6.7504918565547693E-004
   44.900000000000006       -6.6957874768383736E-004
   44.950000000000003       -6.6415264083982141E-004
   45.000000000000000       -6.5877050587451950E-004
   45.050000000000004       -6.5343198645028994E-004
   45.100000000000001       -6.4813672911716595E-004
   45.150000000000006       -6.4288438328945565E-004
   45.200000000000003       -6.3767460122252995E-004
   45.250000000000000       -6.3250703798979949E-004
   45.300000000000004       -6.2738135145987823E-004
   45.350000000000001       -6.2229720227393096E-004
   45.400000000000006       -6.1725425382320607E-004
   45.450000000000003       -6.1225217222674912E-004
   45.500000000000000       -6.0729062630929731E-004
   45.550000000000004       -6.0236928757935362E-004
   45.600000000000001       -5.9748783020743812E-004
   45.650000000000006       -5.9264593100451495E-004
   45.700000000000003       -5.8784326940059526E-004
   45.750000000000000       -5.8307952742351363E-004
   45.800000000000004       -5.7835438967787525E-004
   45.850000000000001       -5.7366754332417410E-004
   45.900000000000006       -5.6901867805808182E-004
   45.950000000000003       -5.6440748608990168E-004
   46.000000000000000       -5.5983366212419188E-004
   46.050000000000004       -5.5529690333955251E-004
   46.100000000000001       -5.5079690936857533E-004
   46.150000000000006       -5.4633338227795937E-004
   46.200000000000003       -5.4190602654878269E-004
   46.250000000000000       -5.3751454905693989E-004
   46.300000000000004       -5.3315865905373264E-004
   46.350000000000001       -5.2883806814662106E-004
   46.400000000000006       -5.2455249028013026E-004
   46.450000000000003       -5.2030164171690989E-004
   46.500000000000000       -5.1608524101895046E-004
   46.550000000000004       -5.1190300902894878E-004
   46.600000000000001       -5.0775466885182605E-004
   46.650000000000006       -5.0363994583639538E-004
   46.700000000000003       -4.9955856755717746E-004
   46.750000000000000       -4.9551026379636464E-004
   46.800000000000004       -4.9149476652592973E-004
   46.850000000000001       -4.8751180988988106E-004
   46.900000000000006       -4.8356113018666096E-004
   46.950000000000003       -4.7964246585168580E-004
   47.000000000000000       -4.7575555744002932E-004
   47.050000000000004       -4.7190014760924582E-004
   47.100000000000001       -4.6807598110233065E-004
   47.150000000000006       -4.6428280473082169E-004
   47.200000000000003       -4.6052036735803572E-004
   47.250000000000000       -4.5678841988244139E-004
   47.300000000000004       -4.5308671522116713E-004
   47.350000000000001       -4.4941500829364192E-004
   47.400000000000006       -4.4577305600536951E-004
   47.450000000000003       -4.4216061723183355E-004
   47.500000000000000       -4.3857745280253342E-004
   47.550000000000004       -4.3502332548514934E-004
   47.600000000000001       -4.3149799996983554E-004
   47.650000000000006       -4.2800124285364178E-004
   47.700000000000003       -4.2453282262505920E-004
   47.750000000000000       -4.2109250964869339E-004
   47.800000000000004       -4.1768007615006095E-004
   47.850000000000001       -4.1429529620050788E-004
   47.900000000000006       -4.1093794570225278E-004
   47.950000000000003       -4.0760780237354910E-004
   48.000000000000000       -4.0430464573396892E-004
   48.050000000000004       -4.0102825708980528E-004
   48.100000000000001       -3.9777841951959240E-004
   48.150000000000006       -3.9455491785974511E-004
   48.200000000000003       -3.9135753869031246E-004
   48.250000000000000       -3.8818607032084783E-004
   48.300000000000004       -3.8504030277639414E-004
   48.350000000000001       -3.8192002778358061E-004
   48.400000000000006       -3.7882503875683504E-004
   48.450000000000003       -3.7575513078470498E-004
   48.500000000000000       -3.7271010061629210E-004
   48.550000000000004       -3.6968974664779484E-004
   48.600000000000001       -3.6669386890916057E-004
   48.650000000000006       -3.6372226905084679E-004
   48.700000000000003       -3.6077475033068833E-004
   48.750000000000000       -3.5785111760087176E-004
   48.800000000000004       -3.5495117729501520E-004
   48.850000000000001       -3.5207473741535216E-004
   48.900000000000006       -3.4922160752002093E-004
   48.950000000000003       -3.4639159871045522E-004
   49.000000000000000       -3.4358452361887750E-004
   49.050000000000004       -3.4080019639589449E-004
   49.100000000000001       -3.3803843269819187E-004
   49.150000000000006       -3.3529904967632984E-004
   49.200000000000003       -3.3258186596263686E-004
   49.250000000000000       -3.2988670165920203E-004
   49.300000000000004       -3.2721337832596406E-004
   49.350000000000001       -3.2456171896889750E-004
   49.400000000000006       -3.2193154802829458E-004
   49.450000000000003       -3.1932269136714136E-004
   49.500000000000000       -3.1673497625958906E-004
   49.550000000000004       -3.1416823137951790E-004
   49.600000000000001       -3.1162228678919412E-004
   49.650000000000006       -3.0909697392801936E-004
   49.700000000000003       -3.0659212560136975E-004
   49.750000000000000       -3.0410757596952698E-004
   49.800000000000004       -3.0164316053669867E-004
   49.850000000000001       -2.9919871614012672E-004
   49.900000000000006       -2.9677408093928568E-004
   49.950000000000003       -2.9436909440516679E-004
   50.000000000000000       -2.9198359730965047E-004
   50.050000000000004       -2.8961743171496384E-004
   50.100000000000001       -2.8727044096322406E-004
   50.150000000000006       -2.8494246966606656E-004
   50.200000000000003       -2.8263336369435709E-004
   50.250000000000000       -2.8034297016798739E-004
   50.300000000000004       -2.7807113744575293E-004
   50.350000000000001       -2.7581771511531362E-004
   50.400000000000006       -2.7358255398323518E-004
   50.450000000000003       -2.7136550606511129E-004
   50.500000000000000       -2.6916642457576608E-004
   50.550000000000004       -2.6698516391953600E-004
   50.600000000000001       -2.6482157968062977E-004
   50.650000000000006       -2.6267552861356782E-004
   50.700000000000003       -2.6054686863369726E-004
   50.750000000000000       -2.5843545880778582E-004
   50.800000000000004       -2.5634115934469059E-004
   50.850000000000001       -2.5426383158610278E-004
   50.900000000000006       -2.5220333799736745E-004
   50.950000000000003       -2.5015954215837789E-004
   51.000000000000000       -2.4813230875454334E-004
   51.050000000000004       -2.4612150356783025E-004
   51.100000000000001       -2.4412699346787641E-004
   51.150000000000006       -2.4214864640317599E-004
   51.200000000000003       -2.4018633139233738E-004
   51.250000000000000       -2.3823991851541093E-004
   51.300000000000004       -2.3630927890528738E-004
   51.350000000000001       -2.3439428473916575E-004
   51.400000000000006       -2.3249480923009087E-004
   51.450000000000003       -2.3061072661855855E-004
   51.500000000000000       -2.2874191216418991E-004
   51.550000000000004       -2.2688824213747241E-004
   51.600000000000001       -2.2504959381156796E-004
   51.650000000000006       -2.2322584545418763E-004
   51.700000000000003       -2.2141687631953196E-004
   51.750000000000000       -2.1962256664029666E-004
   51.800000000000004       -2.1784279761974344E-004
   51.850000000000001       -2.1607745142383409E-004
   51.900000000000006       -2.1432641117342981E-004
   51.950000000000003       -2.1258956093655223E-004
   52.000000000000000       -2.1086678572070831E-004
   52.050000000000004       -2.0915797146527686E-004
   52.100000000000001       -2.0746300503395650E-004
   52.150000000000006       -2.0578177420727597E-004
   52.200000000000003       -2.0411416767516355E-004
   52.250000000000000       -2.0246007502957802E-004
   52.300000000000004       -2.0081938675719864E-004
   52.350000000000001       -1.9919199423217447E-004
   52.400000000000006       -1.9757778970893274E-004
   52.450000000000003       -1.9597666631504507E-004
   52.500000000000000       -1.9438851804415188E-004
   52.550000000000004       -1.9281323974894391E-004
   52.600000000000001       -1.9125072713420055E-004
   52.650000000000006       -1.8970087674988499E-004
   52.700000000000003       -1.8816358598429479E-004
   52.750000000000000       -1.8663875305726836E-004
   52.800000000000004       -1.8512627701344639E-004
   52.850000000000001       -1.8362605771558775E-004
   52.900000000000006       -1.8213799583793961E-004
   52.950000000000003       -1.8066199285966144E-004
   53.000000000000000       -1.7919795105830221E-004
   53.050000000000004       -1.7774577350333036E-004
   53.100000000000001       -1.7630536404971629E-004
   53.150000000000006       -1.7487662733156682E-004
   53.200000000000003       -1.7345946875581123E-004
   53.250000000000000       -1.7205379449593871E-004
   53.300000000000004       -1.7065951148578594E-004
   53.350000000000001       -1.6927652741337583E-004
   53.400000000000006       -1.6790475071480548E-004
   53.450000000000003       -1.6654409056818411E-004
   53.500000000000000       -1.6519445688761985E-004
   53.550000000000004       -1.6385576031725566E-004
   53.600000000000001       -1.6252791222535280E-004
   53.650000000000006       -1.6121082469842341E-004
   53.700000000000003       -1.5990441053540942E-004
   53.750000000000000       -1.5860858324190930E-004
   53.800000000000004       -1.5732325702445176E-004
   53.850000000000001       -1.5604834678481524E-004
   53.900000000000006       -1.5478376811439403E-004
   53.950000000000003       -1.5352943728860969E-004
   54.000000000000000       -1.5228527126136761E-004
   54.050000000000004       -1.5105118765955925E-004
   54.100000000000001       -1.4982710477760800E-004
   54.150000000000006       -1.4861294157205977E-004
   54.200000000000003       -1.4740861765621748E-004
   54.250000000000000       -1.4621405329481852E-004
   54.300000000000004       -1.4502916939875606E-004
   54.350000000000001       -1.4385388751984247E-004
   54.400000000000006       -1.4268812984561557E-004
   54.450000000000003       -1.4153181919418693E-004
   54.500000000000000       -1.4038487900913167E-004
   54.550000000000004       -1.3924723335442002E-004
   54.600000000000001       -1.3811880690938974E-004
   54.650000000000006       -1.3699952496375927E-004
   54.700000000000003       -1.3588931341268140E-004
   54.750000000000000       -1.3478809875183703E-004
   54.800000000000004       -1.3369580807256852E-004
   54.850000000000001       -1.3261236905705271E-004
   54.900000000000006       -1.3153770997351277E-004
   54.950000000000003       -1.3047175967146910E-004
   55.000000000000000       -1.2941444757702878E-004
   55.050000000000004       -1.2836570368821292E-004
   55.100000000000001       -1.2732545857032187E-004
   55.150000000000006       -1.2629364335133844E-004
   55.200000000000003       -1.2527018971736768E-004
   55.250000000000000       -1.2425502990811438E-004
   55.300000000000004       -1.2324809671239656E-004
   55.350000000000001       -1.2224932346369564E-004
   55.400000000000006       -1.2125864403574263E-004
   55.450000000000003       -1.2027599283814016E-004
   55.500000000000000       -1.1930130481201976E-004
   55.550000000000004       -1.1833451542573464E-004
   55.600000000000001       -1.1737556067058699E-004
   55.650000000000006       -1.1642437705659041E-004
   55.700000000000003       -1.1548090160826611E-004
   55.750000000000000       -1.1454507186047366E-004
   55.800000000000004       -1.1361682585427527E-004
   55.850000000000001       -1.1269610213283364E-004
   55.900000000000006       -1.1178283973734301E-004
   55.950000000000003       -1.1087697820299331E-004
   56.000000000000000       -1.0997845755496692E-004
   56.050000000000004       -1.0908721830446787E-004
   56.100000000000001       -1.0820320144478310E-004
   56.150000000000006       -1.0732634844737619E-004
   56.200000000000003       -1.0645660125801176E-004
   56.250000000000000       -1.0559390229291235E-004
   56.300000000000004       -1.0473819443494563E-004
   56.350000000000001       -1.0388942102984293E-004
   56.400000000000006       -1.0304752588244834E-004
   56.450000000000003       -1.0221245325299804E-004
   56.500000000000000       -1.0138414785343008E-004
   56.550000000000004       -1.0056255484372376E-004
   56.600000000000001       -9.9747619828268808E-005
   56.650000000000006       -9.8939288852264166E-005
   56.700000000000003       -9.8137508398145535E-005
   56.750000000000000       -9.7342225382042216E-005
   56.800000000000004       -9.6553387150262717E-005
   56.850000000000001       -9.5770941475808297E-005
   56.900000000000006       -9.4994836554915623E-005
   56.950000000000003       -9.4225021003626545E-005
   57.000000000000000       -9.3461443854386356E-005
   57.050000000000004       -9.2704054552669320E-005
   57.100000000000001       -9.1952802953631485E-005
   57.150000000000006       -9.1207639318790869E-005
   57.200000000000003       -9.0468514312734208E-005
   57.250000000000000       -8.9735378999850730E-005
   57.300000000000004       -8.9008184841092247E-005
   57.350000000000001       -8.8286883690759404E-005
   57.400000000000006       -8.7571427793314233E-005
   57.450000000000003       -8.6861769780218159E-005
   57.500000000000000       -8.6157862666796039E-005
   57.550000000000004       -8.5459659849125341E-005
   57.600000000000001       -8.4767115100950645E-005
   57.650000000000006       -8.4080182570623124E-005
   57.700000000000003       -8.3398816778064769E-005
   57.750000000000000       -8.2722972611757326E-005
   57.800000000000004       -8.2052605325755524E-005
   57.850000000000001       -8.1387670536724587E-005
   57.900000000000006       -8.0728124221001775E-005
   57.950000000000003       -8.0073922711681520E-005
   58.000000000000000       -7.9425022695724605E-005
   58.050000000000004       -7.8781381211090272E-005
   58.100000000000001       -7.8142955643891953E-005
   58.150000000000006       -7.7509703725575893E-005
   58.200000000000003       -7.6881583530122630E-005
   58.250000000000000       -7.6258553471271161E-005
   58.300000000000004       -7.5640572299765725E-005
   58.350000000000001       -7.5027599100624604E-005
   58.400000000000006       -7.4419593290431439E-005
   58.450000000000003       -7.3816514614648176E-005
   58.500000000000000       -7.3218323144949997E-005
   58.550000000000004       -7.2624979276581701E-005
   58.600000000000001       -7.2036443725735611E-005
   58.650000000000006       -7.1452677526950674E-005
   58.700000000000003       -7.0873642030532644E-005
   58.750000000000000       -7.0299298899995208E-005
   58.800000000000004       -6.9729610109521846E-005
   58.850000000000001       -6.9164537941448159E-005
   58.900000000000006       -6.8604044983764783E-005
   58.950000000000003       -6.8048094127640317E-005
   59.000000000000000       -6.7496648564964530E-005
   59.050000000000004       -6.6949671785911349E-005
   59.100000000000001       -6.6407127576521656E-005
   59.150000000000006       -6.5868980016305643E-005
   59.200000000000003       -6.5335193475864599E-005
   59.250000000000000       -6.4805732614531947E-005
   59.300000000000004       -6.4280562378033547E-005
   59.350000000000001       -6.3759647996166651E-005
   59.400000000000006       -6.3242954980498043E-005
   59.450000000000003       -6.2730449122080500E-005
   59.500000000000000       -6.2222096489188020E-005
   59.550000000000004       -6.1717863425069213E-005
   59.600000000000001       -6.1217716545718966E-005
   59.650000000000006       -6.0721622737668266E-005
   59.700000000000003       -6.0229549155791725E-005
   59.750000000000000       -5.9741463221133044E-005
   59.800000000000004       -5.9257332618748034E-005
   59.850000000000001       -5.8777125295565139E-005
   59.900000000000006       -5.8300809458263243E-005
   59.950000000000003       -5.7828353571166752E-005
   60.000000000000000       -5.7359726354157665E-005
   60.050000000000004       -5.6894896780604645E-005
   60.100000000000001       -5.6433834075308772E-005
   60.150000000000006       -5.5976507712466050E-005
   60.200000000000003       -5.5522887413646278E-005
   60.250000000000000       -5.5072943145788502E-005
   60.300000000000004       -5.4626645119212501E-005
   60.350000000000001       -5.4183963785646552E-005
   60.400000000000006       -5.3744869836271132E-005
   60.450000000000003       -5.3309334199778332E-005
   60.500000000000000       -5.2877328040447293E-005
   60.550000000000004       -5.2448822756234931E-005
   60.600000000000001       -5.2023789976882324E-005
   60.650000000000006       -5.1602201562036367E-005
   60.700000000000003       -5.1184029599386693E-005
   60.750000000000000       -5.0769246402817646E-005
   60.800000000000004       -5.0357824510575292E-005
   60.850000000000001       -4.9949736683449159E-005
   60.900000000000006       -4.9544955902968927E-005
   60.950000000000003       -4.9143455369615456E-005
   61.000000000000000       -4.8745208501046610E-005
   61.050000000000004       -4.8350188930337158E-005
   61.100000000000001       -4.7958370504233194E-005
   61.150000000000006       -4.7569727281420544E-005
   61.200000000000003       -4.7184233530807303E-005
   61.250000000000000       -4.6801863729820178E-005
   61.300000000000004       -4.6422592562714741E-005
   61.350000000000001       -4.6046394918899353E-005
   61.400000000000006       -4.5673245891272595E-005
   61.450000000000003       -4.5303120774574311E-005
   61.500000000000000       -4.4935995063749866E-005
   61.550000000000004       -4.4571844452327770E-005
   61.600000000000001       -4.4210644830810423E-005
   61.650000000000006       -4.3852372285077806E-005
   61.700000000000003       -4.3497003094804260E-005
   61.750000000000000       -4.3144513731888009E-005
   61.800000000000004       -4.2794880858893426E-005
   61.850000000000001       -4.2448081327505857E-005
   61.900000000000006       -4.2104092176999142E-005
   61.950000000000003       -4.1762890632715335E-005
   62.000000000000000       -4.1424454104556904E-005
   62.050000000000004       -4.1088760185491158E-005
   62.100000000000001       -4.0755786650066578E-005
   62.150000000000006       -4.0425511452941461E-005
   62.200000000000003       -4.0097912727424320E-005
   62.250000000000000       -3.9772968784026082E-005
   62.300000000000004       -3.9450658109024209E-005
   62.350000000000001       -3.9130959363038155E-005
   62.400000000000006       -3.8813851379616739E-005
   62.450000000000003       -3.8499313163836570E-005
   62.500000000000000       -3.8187323890912184E-005
   62.550000000000004       -3.7877862904817191E-005
   62.600000000000001       -3.7570909716916734E-005
   62.650000000000006       -3.7266444004610969E-005
   62.700000000000003       -3.6964445609989596E-005
   62.750000000000000       -3.6664894538497197E-005
   62.800000000000004       -3.6367770957609479E-005
   62.850000000000001       -3.6073055195520197E-005
   62.900000000000006       -3.5780727739838761E-005
   62.950000000000003       -3.5490769236298337E-005
   63.000000000000000       -3.5203160487474467E-005
   63.050000000000004       -3.4917882451514068E-005
   63.100000000000001       -3.4634916240874676E-005
   63.150000000000006       -3.4354243121074003E-005
   63.200000000000003       -3.4075844509449528E-005
   63.250000000000000       -3.3799701973928197E-005
   63.300000000000004       -3.3525797231806147E-005
   63.350000000000001       -3.3254112148538127E-005
   63.400000000000006       -3.2984628736536943E-005
   63.450000000000003       -3.2717329153982565E-005
   63.500000000000000       -3.2452195703640786E-005
   63.550000000000004       -3.2189210831691609E-005
   63.600000000000001       -3.1928357126566970E-005
   63.650000000000006       -3.1669617317798040E-005
   63.700000000000003       -3.1412974274871754E-005
   63.750000000000000       -3.1158411006096652E-005
   63.800000000000004       -3.0905910657477903E-005
   63.850000000000001       -3.0655456511601420E-005
   63.900000000000006       -3.0407031986527090E-005
   63.950000000000003       -3.0160620634690873E-005
   64.000000000000000       -2.9916206141815887E-005
   64.049999999999997       -2.9673772325832264E-005
   64.100000000000009       -2.9433303135805795E-005
   64.150000000000006       -2.9194782650875195E-005
   64.200000000000003       -2.8958195079198065E-005
   64.250000000000000       -2.8723524756905341E-005
   64.299999999999997       -2.8490756147064220E-005
   64.350000000000009       -2.8259873838649523E-005
   64.400000000000006       -2.8030862545523308E-005
   64.450000000000003       -2.7803707105422912E-005
   64.500000000000000       -2.7578392478957011E-005
   64.549999999999997       -2.7354903748609924E-005
   64.600000000000009       -2.7133226117753993E-005
   64.650000000000006       -2.6913344909669881E-005
   64.700000000000003       -2.6695245566574905E-005
   64.750000000000000       -2.6478913648659197E-005
   64.799999999999997       -2.6264334833129648E-005
   64.850000000000009       -2.6051494913261704E-005
   64.900000000000006       -2.5840379797458664E-005
   64.950000000000003       -2.5630975508318828E-005
   65.000000000000000       -2.5423268181709990E-005
   65.049999999999997       -2.5217244065851601E-005
   65.100000000000009       -2.5012889520404265E-005
   65.150000000000006       -2.4810191015566633E-005
   65.200000000000003       -2.4609135131179674E-005
   65.250000000000000       -2.4409708555838110E-005
   65.299999999999997       -2.4211898086009137E-005
   65.350000000000009       -2.4015690625158234E-005
   65.400000000000006       -2.3821073182882078E-005
   65.450000000000003       -2.3628032874048486E-005
   65.500000000000000       -2.3436556917943322E-005
   65.549999999999997       -2.3246632637424307E-005
   65.600000000000009       -2.3058247458081714E-005
   65.650000000000006       -2.2871388907405844E-005
   65.700000000000003       -2.2686044613961237E-005
   65.750000000000000       -2.2502202306567626E-005
   65.799999999999997       -2.2319849813487444E-005
   65.850000000000009       -2.2138975061620005E-005
   65.900000000000006       -2.1959566075702129E-005
   65.950000000000003       -2.1781610977515360E-005
   66.000000000000000       -2.1605097985099469E-005
   66.049999999999997       -2.1430015411972442E-005
   66.100000000000009       -2.1256351666356731E-005
   66.150000000000006       -2.1084095250411799E-005
   66.200000000000003       -2.0913234759472866E-005
   66.250000000000000       -2.0743758881295841E-005
   66.299999999999997       -2.0575656395308372E-005
   66.350000000000009       -2.0408916171866957E-005
   66.400000000000006       -2.0243527171520063E-005
   66.450000000000003       -2.0079478444277264E-005
   66.500000000000000       -1.9916759128884242E-005
   66.549999999999997       -1.9755358452103703E-005
   66.600000000000009       -1.9595265728002104E-005
   66.650000000000006       -1.9436470357242157E-005
   66.700000000000003       -1.9278961826381081E-005
   66.750000000000000       -1.9122729707174548E-005
   66.799999999999997       -1.8967763655886241E-005
   66.850000000000009       -1.8814053412602991E-005
   66.900000000000006       -1.8661588800555560E-005
   66.950000000000003       -1.8510359725444799E-005
   67.000000000000000       -1.8360356174773381E-005
   67.049999999999997       -1.8211568217182859E-005
   67.100000000000009       -1.8063986001796164E-005
   67.150000000000006       -1.7917599757565370E-005
   67.200000000000003       -1.7772399792624809E-005
   67.250000000000000       -1.7628376493649402E-005
   67.299999999999997       -1.7485520325218150E-005
   67.350000000000009       -1.7343821829182845E-005
   67.400000000000006       -1.7203271624041860E-005
   67.450000000000003       -1.7063860404319016E-005
   67.500000000000000       -1.6925578939947511E-005
   67.549999999999997       -1.6788418075658802E-005
   67.600000000000009       -1.6652368730376465E-005
   67.650000000000006       -1.6517421896614949E-005
   67.700000000000003       -1.6383568639883247E-005
   67.750000000000000       -1.6250800098093310E-005
   67.799999999999997       -1.6119107480973367E-005
   67.850000000000009       -1.5988482069485909E-005
   67.900000000000006       -1.5858915215250421E-005
   67.950000000000003       -1.5730398339970831E-005
   68.000000000000000       -1.5602922934867519E-005
   68.049999999999997       -1.5476480560113982E-005
   68.100000000000009       -1.5351062844278090E-005
   68.150000000000006       -1.5226661483767780E-005
   68.200000000000003       -1.5103268242281339E-005
   68.250000000000000       -1.4980874950262082E-005
   68.299999999999997       -1.4859473504357459E-005
   68.350000000000009       -1.4739055866882574E-005
   68.400000000000006       -1.4619614065288003E-005
   68.450000000000003       -1.4501140191631972E-005
   68.500000000000000       -1.4383626402056791E-005
   68.549999999999997       -1.4267064916269513E-005
   68.600000000000009       -1.4151448017026844E-005
   68.650000000000006       -1.4036768049624193E-005
   68.700000000000003       -1.3923017421388866E-005
   68.750000000000000       -1.3810188601177388E-005
   68.799999999999997       -1.3698274118876877E-005
   68.850000000000009       -1.3587266564910474E-005
   68.900000000000006       -1.3477158589746754E-005
   68.950000000000003       -1.3367942903413155E-005
   69.000000000000000       -1.3259612275013321E-005
   69.049999999999997       -1.3152159532248355E-005
   69.100000000000009       -1.3045577560941972E-005
   69.150000000000006       -1.2939859304569457E-005
   69.200000000000003       -1.2834997763790513E-005
   69.250000000000000       -1.2730985995985823E-005
   69.299999999999997       -1.2627817114797402E-005
   69.350000000000009       -1.2525484289672685E-005
   69.400000000000006       -1.2423980745412260E-005
   69.450000000000003       -1.2323299761721337E-005
   69.500000000000000       -1.2223434672764780E-005
   69.549999999999997       -1.2124378866725815E-005
   69.600000000000009       -1.2026125785368239E-005
   69.650000000000006       -1.1928668923602236E-005
   69.700000000000003       -1.1832001829053705E-005
   69.750000000000000       -1.1736118101637030E-005
   69.799999999999997       -1.1641011393131380E-005
   69.850000000000009       -1.1546675406760396E-005
   69.900000000000006       -1.1453103896775278E-005
   69.950000000000003       -1.1360290668041312E-005
   70.000000000000000       -1.1268229575627664E-005
   70.049999999999997       -1.1176914524400566E-005
   70.100000000000009       -1.1086339468619759E-005
   70.150000000000006       -1.0996498411538228E-005
   70.200000000000003       -1.0907385405005167E-005
   70.250000000000000       -1.0818994549072169E-005
   70.299999999999997       -1.0731319991602608E-005
   70.350000000000009       -1.0644355927884174E-005
   70.400000000000006       -1.0558096600244574E-005
   70.450000000000003       -1.0472536297670309E-005
   70.500000000000000       -1.0387669355428586E-005
   70.549999999999997       -1.0303490154692248E-005
   70.600000000000009       -1.0219993122167790E-005
   70.650000000000006       -1.0137172729726333E-005
   70.700000000000003       -1.0055023494037658E-005
   70.750000000000000       -9.9735399762071339E-006
   70.799999999999997       -9.8927167814156458E-006
   70.850000000000009       -9.8125485585624119E-006
   70.900000000000006       -9.7330299999106857E-006
   70.950000000000003       -9.6541558407363653E-006
   71.000000000000000       -9.5759208589794193E-006
   71.049999999999997       -9.4983198748981498E-006
   71.100000000000009       -9.4213477507262508E-006
   71.150000000000006       -9.3449993903326519E-006
   71.200000000000003       -9.2692697388841157E-006
   71.250000000000000       -9.1941537825105722E-006
   71.299999999999997       -9.1196465479731598E-006
   71.350000000000009       -9.0457431023349663E-006
   71.400000000000006       -8.9724385526344183E-006
   71.450000000000003       -8.8997280455613420E-006
   71.500000000000000       -8.8276067671356308E-006
   71.549999999999997       -8.7560699423885361E-006
   71.600000000000009       -8.6851128350465133E-006
   71.650000000000006       -8.6147307472176507E-006
   71.700000000000003       -8.5449190190806373E-006
   71.750000000000000       -8.4756730285762475E-006
   71.799999999999997       -8.4069881911013172E-006
   71.850000000000009       -8.3388599592052293E-006
   71.900000000000006       -8.2712838222888042E-006
   71.950000000000003       -8.2042553063056999E-006
   72.000000000000000       -8.1377699734661761E-006
   72.049999999999997       -8.0718234219432835E-006
   72.100000000000009       -8.0064112855814359E-006
   72.150000000000006       -7.9415292336073241E-006
   72.200000000000003       -7.8771729703432056E-006
   72.250000000000000       -7.8133382349224814E-006
   72.299999999999997       -7.7500208010076012E-006
   72.350000000000009       -7.6872164765102517E-006
   72.400000000000006       -7.6249211033138050E-006
   72.450000000000003       -7.5631305569980191E-006
   72.500000000000000       -7.5018407465659799E-006
   72.549999999999997       -7.4410476141732290E-006
   72.600000000000009       -7.3807471348591171E-006
   72.650000000000006       -7.3209353162803199E-006
   72.700000000000003       -7.2616081984465079E-006
   72.750000000000000       -7.2027618534581816E-006
   72.799999999999997       -7.1443923852465937E-006
   72.850000000000009       -7.0864959293158160E-006
   72.900000000000006       -7.0290686524868732E-006
   72.950000000000003       -6.9721067526439632E-006
   73.000000000000000       -6.9156064584827239E-006
   73.049999999999997       -6.8595640292605492E-006
   73.100000000000009       -6.8039757545489175E-006
   73.150000000000006       -6.7488379539877349E-006
   73.200000000000003       -6.6941469770416745E-006
   73.250000000000000       -6.6398992027584799E-006
   73.299999999999997       -6.5860910395292259E-006
   73.350000000000009       -6.5327189248505360E-006
   73.400000000000006       -6.4797793250887043E-006
   73.450000000000003       -6.4272687352457641E-006
   73.500000000000000       -6.3751836787274089E-006
   73.549999999999997       -6.3235207071128268E-006
   73.600000000000009       -6.2722763999263962E-006
   73.650000000000006       -6.2214473644112003E-006
   73.700000000000003       -6.1710302353044291E-006
   73.750000000000000       -6.1210216746145571E-006
   73.799999999999997       -6.0714183714003491E-006
   73.850000000000009       -6.0222170415516505E-006
   73.900000000000006       -5.9734144275719499E-006
   73.950000000000003       -5.9250072983627173E-006
   74.000000000000000       -5.8769924490094747E-006
   74.049999999999997       -5.8293667005696072E-006
   74.100000000000009       -5.7821268998618962E-006
   74.150000000000006       -5.7352699192577494E-006
   74.200000000000003       -5.6887926564741395E-006
   74.250000000000000       -5.6426920343681941E-006
   74.299999999999997       -5.5969650007334840E-006
   74.350000000000009       -5.5516085280979263E-006
   74.400000000000006       -5.5066196135233501E-006
   74.450000000000003       -5.4619952784066914E-006
   74.500000000000000       -5.4177325682827678E-006
   74.549999999999997       -5.3738285526286835E-006
   74.600000000000009       -5.3302803246698004E-006
   74.650000000000006       -5.2870850011872899E-006
   74.700000000000003       -5.2442397223272457E-006
   74.750000000000000       -5.2017416514113362E-006
   74.799999999999997       -5.1595879747489968E-006
   74.850000000000009       -5.1177759014511400E-006
   74.900000000000006       -5.0763026632453770E-006
   74.950000000000003       -5.0351655142927453E-006
   75.000000000000000       -4.9943617310059032E-006
   75.049999999999997       -4.9538886118688140E-006
   75.100000000000009       -4.9137434772578861E-006
   75.150000000000006       -4.8739236692645574E-006
   75.200000000000003       -4.8344265515193236E-006
   75.250000000000000       -4.7952495090171941E-006
   75.299999999999997       -4.7563899479445552E-006
   75.350000000000009       -4.7178452955074418E-006
   75.400000000000006       -4.6796129997612009E-006
   75.450000000000003       -4.6416905294415276E-006
   75.500000000000000       -4.6040753737968818E-006
   75.549999999999997       -4.5667650424222587E-006
   75.600000000000009       -4.5297570650943025E-006
   75.650000000000006       -4.4930489916077558E-006
   75.700000000000003       -4.4566383916132441E-006
   75.750000000000000       -4.4205228544563665E-006
   75.799999999999997       -4.3846999890180913E-006
   75.850000000000009       -4.3491674235564463E-006
   75.900000000000006       -4.3139228055494922E-006
   75.950000000000003       -4.2789638015395679E-006
   76.000000000000000       -4.2442880969787967E-006
   76.049999999999997       -4.2098933960758453E-006
   76.100000000000009       -4.1757774216439340E-006
   76.150000000000006       -4.1419379149500527E-006
   76.200000000000003       -4.1083726355654371E-006
   76.250000000000000       -4.0750793612172150E-006
   76.299999999999997       -4.0420558876412890E-006
   76.350000000000009       -4.0093000284363943E-006
   76.400000000000006       -3.9768096149193383E-006
   76.450000000000003       -3.9445824959814258E-006
   76.500000000000000       -3.9126165379460288E-006
   76.549999999999997       -3.8809096244273321E-006
   76.600000000000009       -3.8494596561902067E-006
   76.650000000000006       -3.8182645510112191E-006
   76.700000000000003       -3.7873222435407887E-006
   76.750000000000000       -3.7566306851664284E-006
   76.800000000000011       -3.7261878438771251E-006
   76.850000000000009       -3.6959917041287937E-006
   76.900000000000006       -3.6660402667108443E-006
   76.950000000000003       -3.6363315486138100E-006
   77.000000000000000       -3.6068635828980624E-006
   77.050000000000011       -3.5776344185635839E-006
   77.100000000000009       -3.5486421204207951E-006
   77.150000000000006       -3.5198847689624325E-006
   77.200000000000003       -3.4913604602364648E-006
   77.250000000000000       -3.4630673057200341E-006
   77.300000000000011       -3.4350034321944219E-006
   77.350000000000009       -3.4071669816210265E-006
   77.400000000000006       -3.3795561110183509E-006
   77.450000000000003       -3.3521689923399830E-006
   77.500000000000000       -3.3250038123535602E-006
   77.550000000000011       -3.2980587725207285E-006
   77.600000000000009       -3.2713320888780528E-006
   77.650000000000006       -3.2448219919189195E-006
   77.700000000000003       -3.2185267264763751E-006
   77.750000000000000       -3.1924445516069191E-006
   77.800000000000011       -3.1665737404752443E-006
   77.850000000000009       -3.1409125802399036E-006
   77.900000000000006       -3.1154593719399128E-006
   77.950000000000003       -3.0902124303822605E-006
   78.000000000000000       -3.0651700840303392E-006
   78.050000000000011       -3.0403306748932763E-006
   78.100000000000009       -3.0156925584161622E-006
   78.150000000000006       -2.9912541033711704E-006
   78.200000000000003       -2.9670136917495542E-006
   78.250000000000000       -2.9429697186545270E-006
   78.300000000000011       -2.9191205921950042E-006
   78.350000000000009       -2.8954647333802038E-006
   78.400000000000006       -2.8720005760151117E-006
   78.450000000000003       -2.8487265665967872E-006
   78.500000000000000       -2.8256411642115049E-006
   78.550000000000011       -2.8027428404327384E-006
   78.600000000000009       -2.7800300792199664E-006
   78.650000000000006       -2.7575013768182975E-006
   78.700000000000003       -2.7351552416589152E-006
   78.750000000000000       -2.7129901942603194E-006
   78.800000000000011       -2.6910047671303780E-006
   78.850000000000009       -2.6691975046691624E-006
   78.900000000000006       -2.6475669630725831E-006
   78.950000000000003       -2.6261117102367924E-006
   79.000000000000000       -2.6048303256633727E-006
   79.050000000000011       -2.5837214003652885E-006
   79.100000000000009       -2.5627835367735976E-006
   79.150000000000006       -2.5420153486449239E-006
   79.200000000000003       -2.5214154609696794E-006
   79.250000000000000       -2.5009825098810263E-006
   79.300000000000011       -2.4807151425645791E-006
   79.350000000000009       -2.4606120171688366E-006
   79.400000000000006       -2.4406718027163440E-006
   79.450000000000003       -2.4208931790155713E-006
   79.500000000000000       -2.4012748365735048E-006
   79.550000000000011       -2.3818154765089529E-006
   79.600000000000009       -2.3625138104665451E-006
   79.650000000000006       -2.3433685605314388E-006
   79.700000000000003       -2.3243784591447084E-006
   79.750000000000000       -2.3055422490194234E-006
   79.800000000000011       -2.2868586830574087E-006
   79.850000000000009       -2.2683265242666727E-006
   79.900000000000006       -2.2499445456795169E-006
   79.950000000000003       -2.2317115302712931E-006
