   9.99999978E-03   485.90184956946530     
   1.99999996E-02   482.54391829523001     
   2.99999993E-02   479.24078667882088     
   3.99999991E-02   475.99069282335148     
   5.00000007E-02   472.79195953454268     
   5.99999987E-02   469.64298897642777     
   7.00000003E-02   466.54225774174887     
   7.99999982E-02   463.48831229903669     
   9.00000036E-02   460.47976478236041     
  0.100000001       457.51528909327129     
  0.109999999       454.59361728757619     
  0.119999997       451.71353622233266     
  0.129999995       448.87388444090448     
  0.140000001       446.07354927608839     
  0.150000006       443.31146415324929     
  0.159999996       440.58660607712642     
  0.170000002       437.89799328750763     
  0.180000007       435.24468307033993     
  0.189999998       432.62576971207858     
  0.200000003       430.04038258617527     
  0.209999993       427.48768436159776     
  0.219999999       424.96686932416344     
  0.230000004       422.47716180227383     
  0.239999995       420.01781468935479     
  0.250000000       417.58810805596534     
  0.259999990       415.18734784512537     
  0.270000011       412.81486464495072     
  0.280000001       410.47001253316103     
  0.289999992       408.15216798847518     
  0.300000012       405.86072886430344     
  0.310000002       403.59511342050297     
  0.319999993       401.35475940931059     
  0.330000013       399.13912321184881     
  0.340000004       396.94767902188869     
  0.349999994       394.77991807380545     
  0.360000014       392.63534791187908     
  0.370000005       390.51349169832230     
  0.379999995       388.41388755759345     
  0.389999986       386.33608795473782     
  0.400000006       384.27965910566269     
  0.409999996       382.24418041739671     
  0.419999987       380.22924395652615     
  0.430000007       378.23445394411976     
  0.439999998       376.25942627558038     
  0.449999988       374.30378806395760     
  0.460000008       372.36717720536302     
  0.469999999       370.44924196521578     
  0.479999989       368.54964058413350     
  0.490000010       366.66804090235973     
  0.500000000       364.80412000169360     
  0.509999990       362.95756386394982     
  0.519999981       361.12806704504516     
  0.529999971       359.31533236386065     
  0.540000021       357.51907060508302     
  0.550000012       355.73900023527864     
  0.560000002       353.97484713150135     
  0.569999993       352.22634432177546     
  0.579999983       350.49323173683393     
  0.589999974       348.77525597253685     
  0.600000024       347.07217006241797     
  0.610000014       345.38373325984935     
  0.620000005       343.70971082934136     
  0.629999995       342.04987384651849     
  0.639999986       340.40399900634628     
  0.649999976       338.77186843920146     
  0.660000026       337.15326953440638     
  0.670000017       335.54799477086510     
  0.680000007       333.95584155446249     
  0.689999998       332.37661206190444     
  0.699999988       330.81011309069748     
  0.709999979       329.25615591497683     
  0.720000029       327.71455614691530     
  0.730000019       326.18513360345497     
  0.740000010       324.66771217811663     
  0.750000000       323.16211971765904     
  0.759999990       321.66818790336947     
  0.769999981       320.18575213677587     
  0.779999971       318.71465142958783     
  0.790000021       317.25472829767961     
  0.800000012       315.80582865893643     
  0.810000002       314.36780173479769     
  0.819999993       312.94049995533976     
  0.829999983       311.52377886774320     
  0.839999974       310.11749704800314     
  0.850000024       308.72151601574626     
  0.860000014       307.33570015202190     
  0.870000005       305.95991661994657     
  0.879999995       304.59403528808207     
  0.889999986       303.23792865643475     
  0.899999976       301.89147178497115     
  0.910000026       300.55454222454580     
  0.920000017       299.22701995014660     
  0.930000007       297.90878729636154     
  0.939999998       296.59972889498391     
  0.949999988       295.29973161466683     
  0.959999979       294.00868450254922     
  0.970000029       292.72647872777571     
  0.980000019       291.45300752683920     
  0.990000010       290.18816615067146     
   1.00000000       288.93185181342176     
   1.00999999       287.68396364285297     
   1.01999998       286.44440263229779     
   1.02999997       285.21307159411651     
   1.03999996       283.98987511459904     
   1.04999995       282.77471951025865     
   1.05999994       281.56751278546682     
   1.07000005       280.36816459137754     
   1.08000004       279.17658618609852     
   1.09000003       277.99269039606025     
   1.10000002       276.81639157854255     
   1.11000001       275.64760558531441     
   1.12000000       274.48624972735269     
   1.13000000       273.33224274059540     
   1.13999999       272.18550475269814     
   1.14999998       271.04595725075603     
   1.15999997       269.91352304995934     
   1.16999996       268.78812626314868     
   1.17999995       267.66969227124218     
   1.19000006       266.55814769450018     
   1.20000005       265.45342036460369     
   1.21000004       264.35543929751736     
   1.22000003       263.26413466710864     
   1.23000002       262.17943777950256     
   1.24000001       261.10128104814265     
   1.25000000       260.02959796953894     
   1.25999999       258.96432309967764     
   1.26999998       257.90539203107227     
   1.27999997       256.85274137043587     
   1.28999996       255.80630871695240     
   1.29999995       254.76603264113038     
   1.30999994       253.73185266421865     
   1.32000005       252.70370923816637     
   1.33000004       251.68154372611133     
   1.34000003       250.66529838337956     
   1.35000002       249.65491633897824     
   1.36000001       248.65034157757023     
   1.37000000       247.65151892191176     
   1.38000000       246.65839401574178     
   1.38999999       245.67091330710727     
   1.39999998       244.68902403211223     
   1.40999997       243.71267419907682     
   1.41999996       242.74181257309598     
   1.42999995       241.77638866098181     
   1.44000006       240.81635269658355     
   1.45000005       239.86165562646895     
   1.46000004       238.91224909595911     
   1.47000003       237.96808543550631     
   1.48000002       237.02911764740381     
   1.49000001       236.09529939281745     
   1.50000000       235.16658497913289     
   1.50999999       234.24292934760504     
   1.51999998       233.32428806130335     
   1.52999997       232.41061729334584     
   1.53999996       231.50187381541025     
   1.54999995       230.59801498651723     
   1.55999994       229.69899874207664     
   1.57000005       228.80478358318990     
   1.58000004       227.91532856620157     
   1.59000003       227.03059329249234     
   1.60000002       226.15053789850779     
   1.61000001       225.27512304601552     
   1.62000000       224.40430991258543     
   1.63000000       223.53806018228548     
   1.63999999       222.67633603658919     
   1.64999998       221.81910014548711     
   1.65999997       220.96631565879815     
   1.66999996       220.11794619767429     
   1.67999995       219.27395584629545     
   1.69000006       218.43430914374645     
   1.70000005       217.59897107607426     
   1.71000004       216.76790706851898     
   1.72000003       215.94108297791470     
   1.73000002       215.11846508525497     
   1.74000001       214.30002008842044     
   1.75000000       213.48571509506178     
   1.75999999       212.67551761563701     
   1.76999998       211.86939555659620     
   1.77999997       211.06731721371145     
   1.78999996       210.26925126554937     
   1.79999995       209.47516676708011     
   1.80999994       208.68503314342053     
   1.82000005       207.89882018370957     
   1.83000004       207.11649803510983     
   1.84000003       206.33803719693427     
   1.85000002       205.56340851489443     
   1.86000001       204.79258317546663     
   1.87000000       204.02553270037353     
   1.88000000       203.26222894117902     
   1.88999999       202.50264407399158     
   1.89999998       201.74675059427662     
   1.90999997       200.99452131177225     
   1.91999996       200.24592934550668     
   1.92999995       199.50094811891697     
   1.94000006       198.75955135506334     
   1.95000005       198.02171307193896     
   1.96000004       197.28740757787290     
   1.97000003       196.55660946702270     
   1.98000002       195.82929361495582     
   1.99000001       195.10543517431731     
   2.00000000       194.38500957058156     
   2.00999999       193.66799249788650     
   2.01999998       192.95435991494784     
   2.02999997       192.24408804105235     
   2.03999996       191.53715335212769     
   2.04999995       190.83353257688663     
   2.05999994       190.13320269304532     
   2.06999993       189.43614092361298     
   2.07999992       188.74232473325057     
   2.08999991       188.05173182469980     
   2.09999990       187.36434013527642     
   2.10999990       186.68012783343167     
   2.11999989       185.99907331537469     
   2.13000011       185.32115520175981     
   2.14000010       184.64635233443371     
   2.15000010       183.97464377324258     
   2.16000009       183.30600879289725     
   2.17000008       182.64042687989632     
   2.18000007       181.97787772950440     
   2.19000006       181.31834124278541     
   2.20000005       180.66179752368916     
   2.21000004       180.00822687619043     
   2.22000003       179.35760980147893     
   2.23000002       178.70992699519957     
   2.24000001       178.06515934474223     
   2.25000000       177.42328792657815     
   2.25999999       176.78429400364507     
   2.26999998       176.14815902277664     
   2.27999997       175.51486461217820     
   2.28999996       174.88439257894518     
   2.29999995       174.25672490662669     
   2.30999994       173.63184375282907     
   2.31999993       173.00973144686213     
   2.32999992       172.39037048742554     
   2.33999991       171.77374354033535     
   2.34999990       171.15983343628818     
   2.35999990       170.54862316866476     
   2.36999989       169.94009589136988     
   2.38000011       169.33423491670925     
   2.39000010       168.73102371330205     
   2.40000010       168.13044590402833     
   2.41000009       167.53248526401089     
   2.42000008       166.93712571863119     
   2.43000007       166.34435134157744     
   2.44000006       165.75414635292546     
   2.45000005       165.16649511725154     
   2.46000004       164.58138214177538     
   2.47000003       163.99879207453472     
   2.48000002       163.41870970258876     
   2.49000001       162.84111995025103     
   2.50000000       162.26600787735157     
   2.50999999       161.69335867752633     
   2.51999998       161.12315767653499     
   2.52999997       160.55539033060478     
   2.53999996       159.99004222480215     
   2.54999995       159.42709907142896     
   2.55999994       158.86654670844541     
   2.56999993       158.30837109791742     
   2.57999992       157.75255832448849     
   2.58999991       157.19909459387560     
   2.59999990       156.64796623138915     
   2.60999990       156.09915968047565     
   2.61999989       155.55266150128324     
   2.63000011       155.00845836924947     
   2.64000010       154.46653707371132     
   2.65000010       153.92688451653615     
   2.66000009       153.38948771077401     
   2.67000008       152.85433377933069     
   2.68000007       152.32140995366117     
   2.69000006       151.79070357248213     
   2.70000005       151.26220208050563     
   2.71000004       150.73589302719068     
   2.72000003       150.21176406551379     
   2.73000002       149.68980295075869     
   2.74000001       149.16999753932390     
   2.75000000       148.65233578754768     
   2.75999999       148.13680575055139     
   2.76999998       147.62339558109923     
   2.77999997       147.11209352847521     
   2.78999996       146.60288793737706     
   2.79999995       146.09576724682606     
   2.80999994       145.59071998909269     
   2.81999993       145.08773478863827     
   2.82999992       144.58680036107262     
   2.83999991       144.08790551212550     
   2.84999990       143.59103913663432     
   2.85999990       143.09619021754611     
   2.86999989       142.60334782493291     
   2.88000011       142.11250111502321     
   2.89000010       141.62363932924555     
   2.90000010       141.13675179328655     
   2.91000009       140.65182791616238     
   2.92000008       140.16885718930317     
   2.93000007       139.68782918565088     
   2.94000006       139.20873355876876     
   2.95000005       138.73156004196520     
   2.96000004       138.25629844742781     
   2.97000003       137.78293866537126     
   2.98000002       137.31147066319616     
   2.99000001       136.84188448465972     
   3.00000000       136.37417024905855     
   3.00999999       135.90831815042154     
   3.01999998       135.44431845671511     
   3.02999997       134.98216150905873     
   3.03999996       134.52183772095120     
   3.04999995       134.06333757750812     
   3.05999994       133.60665163470827     
   3.06999993       133.15177051865243     
   3.07999992       132.69868492483027     
   3.08999991       132.24738561739812     
   3.09999990       131.79786342846637     
   3.10999990       131.35010925739627     
   3.11999989       130.90411407010609     
   3.13000011       130.45986889838696     
   3.14000010       130.01736483922735     
   3.15000010       129.57659305414680     
   3.16000009       129.13754476853825     
   3.17000008       128.70021127101933     
   3.18000007       128.26458391279218     
   3.19000006       127.83065410701127     
   3.20000005       127.39841332815988     
   3.21000004       126.96785311143466     
   3.22000003       126.53896505213829     
   3.23000002       126.11174080507962     
   3.24000001       125.68617208398186     
   3.25000000       125.26225066089899     
   3.25999999       124.83996836563826     
   3.26999998       124.41931708519142     
   3.27999997       124.00028876317272     
   3.28999996       123.58287539926411     
   3.29999995       123.16706904866750     
   3.30999994       122.75286182156364     
   3.31999993       122.34024588257918     
   3.32999992       121.92921345025822     
   3.33999991       121.51975679654275     
   3.34999990       121.11186824625817     
   3.35999990       120.70554017660585     
   3.36999989       120.30076501666196     
   3.38000011       119.89753524688246     
   3.39000010       119.49584339861400     
   3.40000010       119.09568205361168     
   3.41000009       118.69704384356176     
   3.42000008       118.29992144961096     
   3.43000007       117.90430760190119     
   3.44000006       117.51019507911018     
   3.45000005       117.11757670799757     
   3.46000004       116.72644536295687     
   3.47000003       116.33679396557220     
   3.48000002       115.94861548418089     
   3.49000001       115.56190293344171     
   3.50000000       115.17664937390740     
   3.50999999       114.79284791160302     
   3.51999998       114.41049169760900     
   3.52999997       114.02957392764982     
   3.53999996       113.65008784168656     
   3.54999995       113.27202672351517     
   3.55999994       112.89538390036890     
   3.56999993       112.52015274252641     
   3.57999992       112.14632666292293     
   3.58999991       111.77389911676772     
   3.59999990       111.40286360116450     
   3.60999990       111.03321365473761     
   3.61999989       110.66494285726161     
   3.63000011       110.29804482929568     
   3.64000010       109.93251323182221     
   3.65000010       109.56834176588929     
   3.66000009       109.20552417225771     
   3.67000008       108.84405423105183     
   3.68000007       108.48392576141445     
   3.69000006       108.12513262116606     
   3.70000005       107.76766870646691     
   3.71000004       107.41152795148450     
   3.72000003       107.05670432806316     
   3.73000002       106.70319184539906     
   3.74000001       106.35098454971758     
   3.75000000       106.00007652395477     
   3.75999999       105.65046188744283     
   3.76999998       105.30213479559855     
   3.77999997       104.95508943961518     
   3.78999996       104.60932004615849     
   3.79999995       104.26482087706550     
   3.80999994       103.92158622904687     
   3.81999993       103.57961043339220     
   3.82999992       103.23888785567948     
   3.83999991       102.89941289548688     
   3.84999990       102.56117998610803     
   3.85999990       102.22418359427037     
   3.86999989       101.88841821985680     
   3.88000011       101.55387839563026     
   3.89000010       101.22055868696094     
   3.90000010       100.88845369155717     
   3.91000009       100.55755803919863     
   3.92000008       100.22786639147257     
   3.93000007       99.899373441513589     
   3.94000006       99.572073913744703     
   3.95000005       99.245962563622768     
   3.96000004       98.921034177385636     
   3.97000003       98.597283571802578     
   3.98000002       98.274705593926882     
   3.99000001       97.953295120851635     
   4.00000000       97.633047059467501     
   4.01000023       97.313956346223492     
   4.01999998       96.996017946890191     
   4.03000021       96.679226856325386     
   4.03999996       96.363578098242058     
   4.05000019       96.049066724979198     
   4.05999994       95.735687817274453     
   4.07000017       95.423436484039897     
   4.07999992       95.112307862139133     
   4.09000015       94.802297116167793     
   4.09999990       94.493399438235443     
   4.11000013       94.185610047750316     
   4.11999989       93.878924191205954     
   4.13000011       93.573337141970001     
   4.13999987       93.268844200075534     
   4.15000010       92.965440692014184     
   4.15999985       92.663121970531435     
   4.17000008       92.361883414423971     
   4.17999983       92.061720428339640     
   4.19000006       91.762628442578247     
   4.19999981       91.464602912895572     
   4.21000004       91.167639320308822     
   4.21999979       90.871733170903980     
   4.23000002       90.576879995645314     
   4.23999977       90.283075350186451     
   4.25000000       89.990314814684027     
   4.26000023       89.698593993612320     
   4.26999998       89.407908515580303     
   4.28000021       89.118254033150563     
   4.28999996       88.829626222659385     
   4.30000019       88.542020784039451     
   4.30999994       88.255433440643642     
   4.32000017       87.969859939070901     
   4.32999992       87.685296048993848     
   4.34000015       87.401737562987478     
   4.34999990       87.119180296360611     
   4.36000013       86.837620086987968     
   4.36999989       86.557052795144415     
   4.38000011       86.277474303340767     
   4.38999987       85.998880516160838     
   4.40000010       85.721267360100640     
   4.40999985       85.444630783408712     
   4.42000008       85.168966755927798     
   4.42999983       84.894271268939065     
   4.44000006       84.620540335006183     
   4.44999981       84.347769987822332     
   4.46000004       84.075956282058186     
   4.46999979       83.805095293210826     
   4.48000002       83.535183117455048     
   4.48999977       83.266215871495234     
   4.50000000       82.998189692419103     
   4.51000023       82.731100737552623     
   4.51999998       82.464945184316221     
   4.53000021       82.199719230082991     
   4.53999996       81.935419092037009     
   4.55000019       81.672041007034238     
   4.55999994       81.409581231463775     
   4.57000017       81.148036041111013     
   4.57999992       80.887401731021654     
   4.59000015       80.627674615367496     
   4.59999990       80.368851027312616     
   4.61000013       80.110927318881622     
   4.61999989       79.853899860828619     
   4.63000011       79.597765042507874     
   4.63999987       79.342519271744862     
   4.65000010       79.088158974709145     
   4.65999985       78.834680595788342     
   4.67000008       78.582080597462962     
   4.67999983       78.330355460182588     
   4.69000006       78.079501682243091     
   4.69999981       77.829515779664987     
   4.71000004       77.580394286072845     
   4.71999979       77.332133752575956     
   4.73000002       77.084730747649786     
   4.73999977       76.838181857018611     
   4.75000000       76.592483683539484     
   4.76000023       76.347632847086572     
   4.76999998       76.103625984437272     
   4.78000021       75.860459749158807     
   4.78999996       75.618130811495973     
   4.80000019       75.376635858260215     
   4.80999994       75.135971592718874     
   4.82000017       74.896134734486253     
   4.82999992       74.657122019415297     
   4.84000015       74.418930199490177     
   4.84999990       74.181556042719478     
   4.86000013       73.944996333031511     
   4.86999989       73.709247870168795     
   4.88000011       73.474307469585099     
   4.88999987       73.240171962342160     
   4.90000010       73.006838195008129     
   4.90999985       72.774303029556307     
   4.92000008       72.542563343265059     
   4.92999983       72.311616028618658     
   4.94000006       72.081457993208616     
   4.94999981       71.852086159636286     
   4.96000004       71.623497465415838     
   4.96999979       71.395688862878657     
   4.98000002       71.168657319077937     
   4.98999977       70.942399815694429     
   5.00000000       70.716913348942910     
   5.01000023       70.492194929479595     
   5.01999998       70.268241582309827     
   5.03000021       70.045050346697252     
   5.03999996       69.822618276073243     
   5.05000019       69.600942437947182     
   5.05999994       69.380019913817733     
   5.07000017       69.159847799084318     
   5.07999992       68.940423202960105     
   5.09000015       68.721743248384939     
   5.09999990       68.503805071939510     
   5.11000013       68.286605823760155     
   5.11999989       68.070142667454093     
   5.13000011       67.854412780015394     
   5.13999987       67.639413351742320     
   5.15000010       67.425141586154211     
   5.15999985       67.211594699910080     
   5.17000008       66.998769922727092     
   5.17999983       66.786664497300237     
   5.19000006       66.575275679222571     
   5.19999981       66.364600736905700     
   5.21000004       66.154636951501502     
   5.21999979       65.945381616823994     
   5.23000002       65.736832039272215     
   5.23999977       65.528985537753158     
   5.25000000       65.321839443606137     
   5.26000023       65.115391100527248     
   5.26999998       64.909637864494115     
   5.28000021       64.704577103692145     
   5.28999996       64.500206198440452     
   5.30000019       64.296522541119103     
   5.30999994       64.093523536096399     
   5.32000017       63.891206599656861     
   5.32999992       63.689569159930123     
   5.34000015       63.488608656819942     
   5.34999990       63.288322541934114     
   5.36000013       63.088708278514488     
   5.36999989       62.889763341368145     
   5.38000011       62.691485216798590     
   5.38999987       62.493871402537778     
   5.40000010       62.296919407678473     
   5.40999985       62.100626752607162     
   5.42000008       61.904990968938030     
   5.42999983       61.710009599446245     
   5.44000006       61.515680198003047     
   5.44999981       61.322000329510558     
   5.46000004       61.128967569837421     
   5.46999979       60.936579505754473     
   5.48000002       60.744833734871889     
   5.48999977       60.553727865575574     
   5.50000000       60.363259516965066     
   5.51000023       60.173426318791144     
   5.51999998       59.984225911394546     
   5.53000021       59.795655945644803     
   5.53999996       59.607714082879447     
   5.55000019       59.420397994843960     
   5.55999994       59.233705363632097     
   5.57000017       59.047633881626290     
   5.57999992       58.862181251439367     
   5.59000015       58.677345185855543     
   5.59999990       58.493123407773076     
   5.61000013       58.309513650146151     
   5.61999989       58.126513655928100     
   5.63000011       57.944121178014925     
   5.63999987       57.762333979188583     
   5.65000010       57.581149832061421     
   5.65999985       57.400566519020806     
   5.67000008       57.220581832174062     
   5.67999983       57.041193573293683     
   5.69000006       56.862399553763488     
   5.69999981       56.684197594524406     
   5.71000004       56.506585526021453     
   5.71999979       56.329561188150386     
   5.73000002       56.153122430205421     
   5.73999977       55.977267110826567     
   5.75000000       55.801993097947992     
   5.76000023       55.627298268746657     
   5.76999998       55.453180509590837     
   5.78000021       55.279637715989864     
   5.78999996       55.106667792543000     
   5.80000019       54.934268652890381     
   5.80999994       54.762438219662457     
   5.82000017       54.591174424431230     
   5.82999992       54.420475207661134     
   5.84000015       54.250338518660378     
   5.84999990       54.080762315532873     
   5.86000013       53.911744565129986     
   5.86999989       53.743283243003383     
   5.88000011       53.575376333357418     
   5.88999987       53.408021829002593     
   5.90000010       53.241217731308538     
   5.90999985       53.074962050158241     
   5.92000008       52.909252803901872     
   5.92999983       52.744088019311100     
   5.94000006       52.579465731534114     
   5.94999981       52.415383984050507     
   5.96000004       52.251840828626534     
   5.96999979       52.088834325270895     
   5.98000002       51.926362542190837     
   5.98999977       51.764423555748145     
   6.00000000       51.603015450415974     
   6.01000023       51.442136318735614     
   6.01999998       51.281784261273714     
   6.03000021       51.121957386579801     
   6.03999996       50.962653811143994     
   6.05000019       50.803871659355075     
   6.05999994       50.645609063458863     
   6.07000017       50.487864163516868     
   6.07999992       50.330635107365154     
   6.09000015       50.173920050573592     
   6.09999990       50.017717156405354     
   6.11000013       49.862024595776532     
   6.11999989       49.706840547216423     
   6.13000011       49.552163196827493     
   6.13999987       49.397990738246250     
   6.15000010       49.244321372603906     
   6.15999985       49.091153308487506     
   6.17000008       48.938484761901329     
   6.17999983       48.786313956228454     
   6.19000006       48.634639122192659     
   6.19999981       48.483458497820465     
   6.21000004       48.332770328403775     
   6.21999979       48.182572866462145     
   6.23000002       48.032864371705976     
   6.23999977       47.883643110999486     
   6.25000000       47.734907358324115     
   6.26000023       47.586655394742166     
   6.26999998       47.438885508360599     
   6.28000021       47.291595994295143     
   6.28999996       47.144785154634782     
   6.30000019       46.998451298406025     
   6.30999994       46.852592741538011     
   6.32000017       46.707207806827242     
   6.32999992       46.562294823903166     
   6.34000015       46.417852129193392     
   6.34999990       46.273878065889484     
   6.36000013       46.130370983912947     
   6.36999989       45.987329239881277     
   6.38000011       45.844751197074473     
   6.38999987       45.702635225401515     
   6.40000010       45.560979701367195     
   6.40999985       45.419783008039147     
   6.42000008       45.279043535015084     
   6.42999983       45.138759678390301     
   6.44000006       44.998929840725069     
   6.44999981       44.859552431012879     
   6.46000004       44.720625864648298     
   6.46999979       44.582148563395151     
   6.48000002       44.444118955355137     
   6.48999977       44.306535474936474     
   6.50000000       44.169396562822804     
   6.51000023       44.032700665942052     
   6.51999998       43.896446237435981     
   6.53000021       43.760631736629470     
   6.53999996       43.625255629000193     
   6.55000019       43.490316386148571     
   6.55999994       43.355812485767530     
   6.57000017       43.221742411613029     
   6.57999992       43.088104653474225     
   6.59000015       42.954897707144326     
   6.59999990       42.822120074391059     
   6.61000013       42.689770262927873     
   6.61999989       42.557846786384907     
   6.63000011       42.426348164280377     
   6.63999987       42.295272921992122     
   6.65000010       42.164619590729238     
   6.65999985       42.034386707503792     
   6.67000008       41.904572815103059     
   6.67999983       41.775176462061580     
   6.69000006       41.646196202633512     
   6.69999981       41.517630596765343     
   6.71000004       41.389478210068297     
   6.71999979       41.261737613791432     
   6.73000002       41.134407384794557     
   6.73999977       41.007486105521565     
   6.75000000       40.880972363973626     
   6.76000023       40.754864753682781     
   6.76999998       40.629161873685632     
   6.78000021       40.503862328497270     
   6.78999996       40.378964728085080     
   6.80000019       40.254467687843110     
   6.80999994       40.130369828566195     
   6.82000017       40.006669776424623     
   6.82999992       39.883366162938565     
   6.84000015       39.760457624953027     
   6.84999990       39.637942804612543     
   6.86000013       39.515820349336593     
   6.86999989       39.394088911794491     
   6.88000011       39.272747149880942     
   6.88999987       39.151793726691530     
   6.90000010       39.031227310498416     
   6.90999985       38.911046574726051     
   6.92000008       38.791250197927106     
   6.92999983       38.671836863758855     
   6.94000006       38.552805260958984     
   6.94999981       38.434154083322383     
   6.96000004       38.315882029677283     
   6.96999979       38.197987803862269     
   6.98000002       38.080470114702692     
   6.98999977       37.963327675987983     
   7.00000000       37.846559206448426     
   7.01000023       37.730163429732521     
   7.01999998       37.614139074384234     
   7.03000021       37.498484873820452     
   7.03999996       37.383199566308591     
   7.05000019       37.268281894944366     
   7.05999994       37.153730607629569     
   7.07000017       37.039544457050127     
   7.07999992       36.925722200654128     
   7.09000015       36.812262600630106     
   7.09999990       36.699164423885399     
   7.11000013       36.586426442024596     
   7.11999989       36.474047431328209     
   7.13000011       36.362026172731305     
   7.13999987       36.250361451802398     
   7.15000010       36.139052058722548     
   7.15999985       36.028096788264286     
   7.17000008       35.917494439770799     
   7.17999983       35.807243817135550     
   7.19000006       35.697343728781263     
   7.19999981       35.587792987639936     
   7.21000004       35.478590411132295     
   7.21999979       35.369734821147588     
   7.23000002       35.261225044023512     
   7.23999977       35.153059910526338     
   7.25000000       35.045238255830860     
   7.26000023       34.937758919500880     
   7.26999998       34.830620745469204     
   7.28000021       34.723822582018620     
   7.28999996       34.617363281762010     
   7.30000019       34.511241701623234     
   7.30999994       34.405456702818014     
   7.32000017       34.300007150834581     
   7.32999992       34.194891915414935     
   7.34000015       34.090109870535805     
   7.34999990       33.985659894389919     
   7.36000013       33.881540869367385     
   7.36999989       33.777751682036957     
   7.38000011       33.674291223127717     
   7.38999987       33.571158387510700     
   7.40000010       33.468352074180395     
   7.40999985       33.365871186236944     
   7.42000008       33.263714630867788     
   7.42999983       33.161881319329780     
   7.44000006       33.060370166931406     
   7.44999981       32.959180093014837     
   7.46000004       32.858310020938454     
   7.46999979       32.757758878059029     
   7.48000002       32.657525595714532     
   7.48999977       32.557609109206403     
   7.50000000       32.458008357782582     
   7.51000023       32.358722284620136     
   7.51999998       32.259749836808162     
   7.53000021       32.161089965330746     
   7.53999996       32.062741625050172     
   7.55000019       31.964703774689962     
   7.55999994       31.866975376818147     
   7.57000017       31.769555397830715     
   7.57999992       31.672442807934893     
   7.59000015       31.575636581132876     
   7.59999990       31.479135695205176     
   7.61000013       31.382939131694595     
   7.61999989       31.287045875889845     
   7.63000011       31.191454916809551     
   7.63999987       31.096165247185986     
   7.65000010       31.001175863449443     
   7.65999985       30.906485765712080     
   7.67000008       30.812093957752282     
   7.67999983       30.717999446998896     
   7.69000006       30.624201244515803     
   7.69999981       30.530698364986012     
   7.71000004       30.437489826696602     
   7.71999979       30.344574651523054     
   7.73000002       30.251951864914194     
   7.73999977       30.159620495876727     
   7.75000000       30.067579576960419     
   7.76000023       29.975828144242747     
   7.76999998       29.884365237314128     
   7.78000021       29.793189899262963     
   7.78999996       29.702301176660729     
   7.80000019       29.611698119547466     
   7.80999994       29.521379781416858     
   7.82000017       29.431345219201805     
   7.82999992       29.341593493259886     
   7.84000015       29.252123667358866     
   7.84999990       29.162934808662463     
   7.86000013       29.074025987715888     
   7.86999989       28.985396278431811     
   7.88000011       28.897044758076039     
   7.88999987       28.808970507253647     
   7.90000010       28.721172609894804     
   7.90999985       28.633650153241000     
   7.92000008       28.546402227831049     
   7.92999983       28.459427927487468     
   7.94000006       28.372726349302685     
   7.94999981       28.286296593625277     
   7.96000004       28.200137764046676     
   7.96999979       28.114248967387461     
   7.98000002       28.028629313683989     
   7.98999977       27.943277916175010     
   8.00000000       27.858193891288444     
   8.01000023       27.773376358628028     
   8.02000046       27.688824440960275     
   8.02999973       27.604537264201308     
   8.03999996       27.520513957403860     
   8.05000019       27.436753652744308     
   8.06000042       27.353255485509791     
   8.06999969       27.270018594085318     
   8.07999992       27.187042119941097     
   8.09000015       27.104325207619691     
   8.10000038       27.021867004723575     
   8.10999966       26.939666661902358     
   8.11999989       26.857723332840418     
   8.13000011       26.776036174244364     
   8.14000034       26.694604345830648     
   8.14999962       26.613427010313309     
   8.15999985       26.532503333391634     
   8.17000008       26.451832483737963     
   8.18000031       26.371413632985654     
   8.18999958       26.291245955716750     
   8.19999981       26.211328629450261     
   8.21000004       26.131660834629965     
   8.22000027       26.052241754612581     
   8.22999954       25.973070575655957     
   8.23999977       25.894146486907207     
   8.25000000       25.815468680391085     
   8.26000023       25.737036350998185     
   8.27000046       25.658848696473420     
   8.27999973       25.580904917404407     
   8.28999996       25.503204217210040     
   8.30000019       25.425745802128858     
   8.31000042       25.348528881208001     
   8.31999969       25.271552666291413     
   8.32999992       25.194816372009022     
   8.34000015       25.118319215765194     
   8.35000038       25.042060417727686     
   8.35999966       24.966039200816535     
   8.36999989       24.890254790692950     
   8.38000011       24.814706415748329     
   8.39000034       24.739393307093358     
   8.39999962       24.664314698547035     
   8.40999985       24.589469826625759     
   8.42000008       24.514857930532717     
   8.43000031       24.440478252146985     
   8.43999958       24.366330036012908     
   8.44999981       24.292412529329432     
   8.46000004       24.218724981939467     
   8.47000027       24.145266646319463     
   8.47999954       24.072036777568826     
   8.48999977       23.999034633399475     
   8.50000000       23.926259474125533     
   8.51000023       23.853710562652854     
   8.52000046       23.781387164468910     
   8.52999973       23.709288547632379     
   8.53999996       23.637413982763054     
   8.55000019       23.565762743031669     
   8.56000042       23.494334104149736     
   8.56999969       23.423127344359671     
   8.57999992       23.352141744424564     
   8.59000015       23.281376587618436     
   8.60000038       23.210831159716175     
   8.60999966       23.140504748983773     
   8.61999989       23.070396646168405     
   8.63000011       23.000506144488881     
   8.64000034       22.930832539625580     
   8.64999962       22.861375129711153     
   8.65999985       22.792133215320526     
   8.67000008       22.723106099461685     
   8.68000031       22.654293087565780     
   8.68999958       22.585693487477879     
   8.69999981       22.517306609447427     
   8.71000004       22.449131766118796     
   8.72000027       22.381168272522029     
   8.72999954       22.313415446063356     
   8.73999977       22.245872606516162     
   8.75000000       22.178539076011486     
   8.76000023       22.111414179029005     
   8.77000046       22.044497242387799     
   8.77999973       21.977787595237309     
   8.78999996       21.911284569048206     
   8.80000019       21.844987497603441     
   8.81000042       21.778895716989176     
   8.81999969       21.713008565585977     
   8.82999992       21.647325384059759     
   8.84000015       21.581845515352995     
   8.85000038       21.516568304675960     
   8.85999966       21.451493099497871     
   8.86999989       21.386619249538160     
   8.88000011       21.321946106757874     
   8.89000034       21.257473025350851     
   8.89999962       21.193199361735250     
   8.90999985       21.129124474544902     
   8.92000008       21.065247724620836     
   8.93000031       21.001568475002632     
   8.93999958       20.938086090920169     
   8.94999981       20.874799939785039     
   8.96000004       20.811709391182191     
   8.97000027       20.748813816861695     
   8.97999954       20.686112590730279     
   8.98999977       20.623605088843171     
   9.00000000       20.561290689395797     
   9.01000023       20.499168772715663     
   9.02000046       20.437238721254079     
   9.02999973       20.375499919578132     
   9.03999996       20.313951754362652     
   9.05000019       20.252593614381954     
   9.06000042       20.191424890502034     
   9.06999969       20.130444975672457     
   9.07999992       20.069653264918575     
   9.09000015       20.009049155333383     
   9.10000038       19.948632046069910     
   9.10999966       19.888401338333168     
   9.11999989       19.828356435372481     
   9.13000011       19.768496742473648     
   9.14000034       19.708821666951295     
   9.14999962       19.649330618141096     
   9.15999985       19.590023007392148     
   9.17000008       19.530898248059341     
   9.18000031       19.471955755495742     
   9.18999958       19.413194947045074     
   9.19999981       19.354615242034168     
   9.21000004       19.296216061765449     
   9.22000027       19.237996829509527     
   9.22999954       19.179956970497742     
   9.23999977       19.122095911914695     
   9.25000000       19.064413082891047     
   9.26000023       19.006907914496072     
   9.27000046       18.949579839730362     
   9.27999973       18.892428293518588     
   9.28999996       18.835452712702306     
   9.30000019       18.778652536032688     
   9.31000042       18.722027204163346     
   9.31999969       18.665576159643315     
   9.32999992       18.609298846909756     
   9.34000015       18.553194712281016     
   9.35000038       18.497263203949618     
   9.35999966       18.441503771975061     
   9.36999989       18.385915868277031     
   9.38000011       18.330498946628310     
   9.39000034       18.275252462647973     
   9.39999962       18.220175873794393     
   9.40999985       18.165268639358377     
   9.42000008       18.110530220456443     
   9.43000031       18.055960080023912     
   9.43999958       18.001557682808180     
   9.44999981       17.947322495361888     
   9.46000004       17.893253986036413     
   9.47000027       17.839351624974924     
   9.47999954       17.785614884105865     
   9.48999977       17.732043237136342     
   9.50000000       17.678636159545466     
   9.51000023       17.625393128577812     
   9.52000046       17.572313623236823     
   9.52999973       17.519397124278385     
   9.53999996       17.466643114204235     
   9.55000019       17.414051077255586     
   9.56000042       17.361620499406659     
   9.56999969       17.309350868358258     
   9.57999992       17.257241673531446     
   9.59000015       17.205292406061151     
   9.60000038       17.153502558789835     
   9.60999966       17.101871626261197     
   9.61999989       17.050399104714007     
   9.63000011       16.999084492075689     
   9.64000034       16.947927287956261     
   9.64999962       16.896926993642008     
   9.65999985       16.846083112089474     
   9.67000008       16.795395147919169     
   9.68000031       16.744862607409555     
   9.68999958       16.694484998490946     
   9.69999981       16.644261830739406     
   9.71000004       16.594192615370766     
   9.72000027       16.544276865234583     
   9.72999954       16.494514094808174     
   9.73999977       16.444903820190657     
   9.75000000       16.395445559096974     
   9.76000023       16.346138830852070     
   9.77000046       16.296983156384950     
   9.77999973       16.247978058222802     
   9.78999996       16.199123060485199     
   9.80000019       16.150417688878310     
   9.81000042       16.101861470689084     
   9.81999969       16.053453934779412     
   9.82999992       16.005194611580610     
   9.84000015       15.957083033087452     
   9.85000038       15.909118732852637     
   9.85999966       15.861301245981075     
   9.86999989       15.813630109124304     
   9.88000011       15.766104860474739     
   9.89000034       15.718725039760171     
   9.89999962       15.671490188238241     
   9.90999985       15.624399848690768     
   9.92000008       15.577453565418374     
   9.93000031       15.530650884234813     
   9.93999958       15.483991352461608     
   9.94999981       15.437474518922544     
   9.96000004       15.391099933938305     
   9.97000027       15.344867149320958     
   9.97999954       15.298775718368617     
   9.98999977       15.252825195860114     
   10.0000000       15.207015138049570     
   10.0100002       15.161345102661151     
   10.0200005       15.115814648883678     
   10.0299997       15.070423337365462     
   10.0400000       15.025170730208949     
   10.0500002       14.980056390965531     
   10.0600004       14.935079884630351     
   10.0699997       14.890240777637018     
   10.0799999       14.845538637852549     
   10.0900002       14.800973034572115     
   10.1000004       14.756543538514052     
   10.1099997       14.712249721814571     
   10.1199999       14.668091158022811     
   10.1300001       14.624067422095701     
   10.1400003       14.580178090392984     
   10.1499996       14.536422740672100     
   10.1599998       14.492800952083231     
   10.1700001       14.449312305164295     
   10.1800003       14.405956381836040     
   10.1899996       14.362732765397062     
   10.1999998       14.319641040518819     
   10.2100000       14.276680793240805     
   10.2200003       14.233851610965687     
   10.2299995       14.191153082454338     
   10.2399998       14.148584797821066     
   10.2500000       14.106146348528828     
   10.2600002       14.063837327384269     
   10.2700005       14.021657328533120     
   10.2799997       13.979605947455331     
   10.2900000       13.937682780960328     
   10.3000002       13.895887427182283     
   10.3100004       13.854219485575433     
   10.3199997       13.812678556909384     
   10.3299999       13.771264243264413     
   10.3400002       13.729976148026838     
   10.3500004       13.688813875884357     
   10.3599997       13.647777032821473     
   10.3699999       13.606865226114886     
   10.3800001       13.566078064328876     
   10.3900003       13.525415157310768     
   10.3999996       13.484876116186397     
   10.4099998       13.444460553355608     
   10.4200001       13.404168082487693     
   10.4300003       13.363998318516906     
   10.4399996       13.323950877638044     
   10.4499998       13.284025377301985     
   10.4600000       13.244221436211204     
   10.4700003       13.204538674315375     
   10.4799995       13.164976712807059     
   10.4899998       13.125535174117136     
   10.5000000       13.086213681910642     
   10.5100002       13.047011861082288     
   10.5200005       13.007929337752179     
   10.5299997       12.968965739261497     
   10.5400000       12.930120694168187     
   10.5500002       12.891393832242748     
   10.5600004       12.852784784463848     
   10.5699997       12.814293183014213     
   10.5799999       12.775918661276236     
   10.5900002       12.737660853828002     
   10.6000004       12.699519396438831     
   10.6099997       12.661493926065289     
   10.6199999       12.623584080846953     
   10.6300001       12.585789500102232     
   10.6400003       12.548109824324344     
   10.6499996       12.510544695177083     
   10.6599998       12.473093755490776     
   10.6700001       12.435756649258233     
   10.6800003       12.398533021630648     
   10.6899996       12.361422518913544     
   10.6999998       12.324424788562714     
   10.7100000       12.287539479180305     
   10.7200003       12.250766240510689     
   10.7299995       12.214104723436604     
   10.7399998       12.177554579975043     
   10.7500000       12.141115463273417     
   10.7600002       12.104787027605580     
   10.7700005       12.068568928367878     
   10.7799997       12.032460822075249     
   10.7900000       11.996462366357378     
   10.8000002       11.960573219954728     
   10.8100004       11.924793042714754     
   10.8199997       11.889121495588073     
   10.8299999       11.853558240624526     
   10.8400002       11.818102940969432     
   10.8500004       11.782755260859789     
   10.8599997       11.747514865620461     
   10.8699999       11.712381421660417     
   10.8800001       11.677354596468943     
   10.8900003       11.642434058611942     
   10.8999996       11.607619477728182     
   10.9099998       11.572910524525568     
   10.9200001       11.538306870777452     
   10.9300003       11.503808189318947     
   10.9399996       11.469414154043228     
   10.9499998       11.435124439897935     
   10.9600000       11.400938722881449     
   10.9700003       11.366856680039334     
   10.9799995       11.332877989460634     
   10.9899998       11.299002330274401     
   11.0000000       11.265229382645925     
   11.0100002       11.231558827773341     
   11.0200005       11.197990347883943     
   11.0299997       11.164523626230666     
   11.0400000       11.131158347088611     
   11.0500002       11.097894195751445     
   11.0600004       11.064730858527890     
   11.0699997       11.031668022738327     
   11.0799999       10.998705376711177     
   11.0900002       10.965842609779585     
   11.1000004       10.933079412277813     
   11.1099997       10.900415475537921     
   11.1199999       10.867850491886250     
   11.1300001       10.835384154640092     
   11.1400003       10.803016158104194     
   11.1499996       10.770746197567464     
   11.1599998       10.738573969299495     
   11.1700001       10.706499170547298     
   11.1800003       10.674521499531872     
   11.1899996       10.642640655444955     
   11.1999998       10.610856338445572     
   11.2100000       10.579168249656837     
   11.2200003       10.547576091162618     
   11.2299995       10.516079566004223     
   11.2399998       10.484678378177158     
   11.2500000       10.453372232627819     
   11.2600002       10.422160835250310     
   11.2700005       10.391043892883143     
   11.2799997       10.360021113306054     
   11.2900000       10.329092205236750     
   11.3000002       10.298256878327727     
   11.3100004       10.267514843163127     
   11.3199997       10.236865811255457     
   11.3299999       10.206309495042522     
   11.3400002       10.175845607884193     
   11.3500004       10.145473864059314     
   11.3599997       10.115193978762600     
   11.3699999       10.085005668101424     
   11.3800001       10.054908649092786     
   11.3900003       10.024902639660221     
   11.3999996       9.9949873586306630     
   11.4099998       9.9651625257313921     
   11.4200001       9.9354278615870033     
   11.4300003       9.9057830877163529     
   11.4399996       9.8762279265294470     
   11.4499998       9.8467621013245576     
   11.4600000       9.8173853362850760     
   11.4700003       9.7880973564765466     
   11.4799995       9.7588978878437000     
   11.4899998       9.7297866572074785     
   11.5000000       9.7007633922620098     
   11.5100002       9.6718278215717053     
   11.5200005       9.6429796745682790     
   11.5299997       9.6142186815478468     
   11.5400000       9.5855445736679261     
   11.5500002       9.5569570829446082     
   11.5600004       9.5284559422496091     
   11.5699997       9.5000408853073743     
   11.5799999       9.4717116466922029     
   11.5900002       9.4434679618253767     
   11.6000004       9.4153095669723097     
   11.6099997       9.3872361992396574     
   11.6199999       9.3592475965725477     
   11.6300001       9.3313434977516536     
   11.6400003       9.3035236423904735     
   11.6499996       9.2757877709324585     
   11.6599998       9.2481356246482296     
   11.6700001       9.2205669456328003     
   11.6800003       9.1930814768027798     
   11.6899996       9.1656789618936187     
   11.6999998       9.1383591454568460     
   11.7100000       9.1111217728573379     
   11.7200003       9.0839665902705509     
   11.7299995       9.0568933446798336     
   11.7399998       9.0299017838736404     
   11.7500000       9.0029916564429158     
   11.7600002       8.9761627117783540     
   11.7700005       8.9494147000676705     
   11.7799997       8.9227473722929744     
   11.7900000       8.8961604802281240     
   11.8000002       8.8696537764360084     
   11.8100004       8.8432270142659384     
   11.8199997       8.8168799478509712     
   11.8299999       8.7906123321053222     
   11.8400002       8.7644239227217504     
   11.8500004       8.7383144761689149     
   11.8599997       8.7122837496887726     
   11.8699999       8.6863315012940241     
   11.8800001       8.6604574897655375     
   11.8900003       8.6346614746496719     
   11.8999996       8.6089432162558968     
   11.9099998       8.5833024756540475     
   11.9200001       8.5577390146719310     
   11.9300003       8.5322525958927340     
   11.9399996       8.5068429826524774     
   11.9499998       8.4815099390375082     
   11.9600000       8.4562532298820425     
   11.9700003       8.4310726207655957     
   11.9799995       8.4059678780105660     
   11.9899998       8.3809387686796821     
   12.0000000       8.3559850605736017     
   12.0100002       8.3311065222283816     
   12.0200005       8.3063029229131082     
   12.0299997       8.2815740326273595     
   12.0400000       8.2569196220988417     
   12.0500002       8.2323394627809652     
   12.0600004       8.2078333268503361     
   12.0699997       8.1834009872044984     
   12.0799999       8.1590422174593673     
   12.0900002       8.1347567919469750     
   12.1000004       8.1105444857130209     
   12.1099997       8.0864050745145057     
   12.1199999       8.0623383348173903     
   12.1300001       8.0383440437941811     
   12.1400003       8.0144219793216713     
   12.1499996       7.9905719199785219     
   12.1599998       7.9667936450429790     
   12.1700001       7.9430869344905100     
   12.1800003       7.9194515689915201     
   12.1899996       7.8958873299090495     
   12.1999998       7.8723939992964542     
   12.2100000       7.8489713598951267     
   12.2200003       7.8256191951322318     
   12.2299995       7.8023372891184071     
   12.2399998       7.7791254266454599     
   12.2500000       7.7559833931842510     
   12.2600002       7.7329109748822846     
   12.2700005       7.7099079585615531     
   12.2799997       7.6869741317162763     
   12.2900000       7.6641092825107151     
   12.3000002       7.6413131997769330     
   12.3100004       7.6185856730125510     
   12.3199997       7.5959264923785774     
   12.3299999       7.5733354486972368     
   12.3400002       7.5508123334497785     
   12.3500004       7.5283569387742304     
   12.3599997       7.5059690574633482     
   12.3699999       7.4836484829623506     
   12.3800001       7.4613950093668073     
   12.3900003       7.4392084314204929     
   12.3999996       7.4170885445132688     
   12.4099998       7.3950351446788760     
   12.4200001       7.3730480285929350     
   12.4300003       7.3511269935706993     
   12.4399996       7.3292718375650265     
   12.4499998       7.3074823591642737     
   12.4600000       7.2857583575901668     
   12.4700003       7.2640996326957437     
   12.4799995       7.2425059849632696     
   12.4899998       7.2209772155021703     
   12.5000000       7.1995131260469556     
   12.5100002       7.1781135189551666     
   12.5200005       7.1567781972053401     
   12.5299997       7.1355069643949545     
   12.5400000       7.1142996247383863     
   12.5500002       7.0931559830649249     
   12.5600004       7.0720758448166476     
   12.5699997       7.0510590160466009     
   12.5799999       7.0301053034165673     
   12.5900002       7.0092145141952091     
   12.6000004       6.9883864562560571     
   12.6099997       6.9676209380754806     
   12.6199999       6.9469177687307644     
   12.6300001       6.9262767578980888     
   12.6400003       6.9056977158506134     
   12.6499996       6.8851804534564689     
   12.6599998       6.8647247821768582     
   12.6700001       6.8443305140640867     
   12.6800003       6.8239974617596015     
   12.6899996       6.8037254384921351     
   12.6999998       6.7835142580756820     
   12.7100000       6.7633637349077000     
   12.7200003       6.7432736839670904     
   12.7299995       6.7232439208123553     
   12.7399998       6.7032742615796987     
   12.7500000       6.6833645229811216     
   12.7600002       6.6635145223025720     
   12.7700005       6.6437240774019948     
   12.7799997       6.6239930067075719     
   12.7900000       6.6043211292157480     
   12.8000002       6.5847082644894570     
   12.8100004       6.5651542326562433     
   12.8199997       6.5456588544064029     
   12.8299999       6.5262219509911521     
   12.8400002       6.5068433442208322     
   12.8500004       6.4875228564630643     
   12.8599997       6.4682603106408845     
   12.8699999       6.4490555302310115     
   12.8800001       6.4299083392620098     
   12.8900003       6.4108185623124587     
   12.8999996       6.3917860245092184     
   12.9099998       6.3728105515256024     
   12.9200001       6.3538919695795979     
   12.9300003       6.3350301054321339     
   12.9399996       6.3162247863852468     
   12.9499998       6.2974758402804119     
   12.9600000       6.2787830954966477     
   12.9700003       6.2601463809489779     
   12.9799995       6.2415655260864282     
   12.9899998       6.2230403608905043     
   13.0000000       6.2045707158733956     
   13.0100002       6.1861564220761673     
   13.0200005       6.1677973110671900     
   13.0299997       6.1494932149403008     
   13.0400000       6.1312439663131553     
   13.0500002       6.1130493983255052     
   13.0600004       6.0949093446375446     
   13.0699997       6.0768236394281709     
   13.0799999       6.0587921173933106     
   13.0900002       6.0408146137442893     
   13.1000004       6.0228909642060815     
   13.1099997       6.0050210050157267     
   13.1199999       5.9872045729206009     
   13.1300001       5.9694415051768015     
   13.1400003       5.9517316395475044     
   13.1499996       5.9340748143012938     
   13.1599998       5.9164708682105331     
   13.1700001       5.8989196405497291     
   13.1800003       5.8814209710939709     
   13.1899996       5.8639747001171676     
   13.1999998       5.8465806683906019     
   13.2100000       5.8292382235234079     
   13.2200003       5.8119481703012150     
   13.2299995       5.7947098814070133     
   13.2399998       5.7775231995735634     
   13.2500000       5.7603879680229255     
   13.2600002       5.7433040304648415     
   13.2700005       5.7262712310951960     
   13.2799997       5.7092894145944113     
   13.2900000       5.6923584261259199     
   13.3000002       5.6754781113345523     
   13.3100004       5.6586483163450305     
   13.3199997       5.6418688877603751     
   13.3299999       5.6251396726604099     
   13.3400002       5.6084605186001522     
   13.3500004       5.5918312736083493     
   13.3599997       5.5752517861859134     
   13.3699999       5.5587219053043917     
   13.3800001       5.5422414804044617     
   13.3900003       5.5258103613944245     
   13.3999996       5.5094283986486623     
   13.4099998       5.4930954430061849     
   13.4200001       5.4768113457690886     
   13.4300003       5.4605759587010949     
   13.4399996       5.4443891340260206     
   13.4499998       5.4282507244263476     
   13.4600000       5.4121605830417172     
   13.4700003       5.3961185634674464     
   13.4799995       5.3801245197530880     
   13.4899998       5.3641783064009401     
   13.5000000       5.3482797783646197     
   13.5100002       5.3324287910475725     
   13.5200005       5.3166252003016679     
   13.5299997       5.3008688624257143     
   13.5400000       5.2851596341640477     
   13.5500002       5.2694973727051142     
   13.5600004       5.2538819356799822     
   13.5699997       5.2383131811609855     
   13.5799999       5.2227909676602708     
   13.5900002       5.2073151541283789     
   13.6000004       5.1918855999528670     
   13.6099997       5.1765021649568785     
   13.6199999       5.1611647093977480     
   13.6300001       5.1458730939656148     
   13.6400003       5.1306271797820280     
   13.6499996       5.1154268283985571     
   13.6599998       5.1002719017954385     
   13.6700001       5.0851622623801607     
   13.6800003       5.0700977729861121     
   13.6899996       5.0550782968712387     
   13.6999998       5.0401036977166358     
   13.7100000       5.0251738396252295     
   13.7200003       5.0102885871203959     
   13.7299995       4.9954478051446598     
   13.7399998       4.9806513590582835     
   13.7500000       4.9658991146379927     
   13.7600002       4.9511909380755990     
   13.7700005       4.9365266959766902     
   13.7799997       4.9219062553593247     
   13.7900000       4.9073294836526502     
   13.8000002       4.8927962486956567     
   13.8100004       4.8783064187358294     
   13.8199997       4.8638598624278462     
   13.8299999       4.8494564488322682     
   13.8400002       4.8350960474142619     
   13.8500004       4.8207785280422923     
   13.8599997       4.8065037609868204     
   13.8699999       4.7922716169190638     
   13.8800001       4.7780819669096575     
   13.8900003       4.7639346824274140     
   13.8999996       4.7498296353380471     
   13.9099998       4.7357666979028981     
   13.9200001       4.7217457427776699     
   13.9300003       4.7077666430111709     
   13.9399996       4.6938292720440762     
   13.9499998       4.6799335037076357     
   13.9600000       4.6660792122224857     
   13.9700003       4.6522662721973571     
   13.9799995       4.6384945586278530     
   13.9899998       4.6247639468952242     
   14.0000000       4.6110743127651332     
   14.0100002       4.5974255323864268     
   14.0200005       4.5838174822899065     
   14.0299997       4.5702500393871341     
   14.0400000       4.5567230809691983     
   14.0500002       4.5432364847055160     
   14.0600004       4.5297901286426168     
   14.0699997       4.5163838912029473     
   14.0799999       4.5030176511836810     
   14.0900002       4.4896912877555222     
   14.1000004       4.4764046804615054     
   14.1099997       4.4631577092158254     
   14.1199999       4.4499502543026450     
   14.1300001       4.4367821963749261     
   14.1400003       4.4236534164532548     
   14.1499996       4.4105637959246708     
   14.1599998       4.3975132165414887     
   14.1700001       4.3845015604201674     
   14.1800003       4.3715287100401365     
   14.1899996       4.3585945482426238     
   14.1999998       4.3456989582295380     
   14.2100000       4.3328418235622932     
   14.2200003       4.3200230281606995     
   14.2299995       4.3072424563017924     
   14.2399998       4.2944999926187268     
   14.2500000       4.2817955220996149     
   14.2600002       4.2691289300864215     
   14.2700005       4.2565001022738560     
   14.2799997       4.2439089247082071     
   14.2900000       4.2313552837862538     
   14.3000002       4.2188390662541790     
   14.3100004       4.2063601592064064     
   14.3199997       4.1939184500845412     
   14.3299999       4.1815138266762473     
   14.3400002       4.1691461771141558     
   14.3500004       4.1568153898747644     
   14.3599997       4.1445213537773649     
   14.3699999       4.1322639579829543     
   14.3800001       4.1200430919931268     
   14.3900003       4.1078586456490083     
   14.3999996       4.0957105091302060     
   14.4099998       4.0835985729537105     
   14.4200001       4.0715227279728188     
   14.4300003       4.0594828653760997     
   14.4399996       4.0474788766862995     
   14.4499998       4.0355106537593235     
   14.4600000       4.0235780887831369     
   14.4700003       4.0116810742767584     
   14.4799995       3.9998195030891726     
   14.4899998       3.9879932683983119     
   14.5000000       3.9762022637100216     
   14.5100002       3.9644463828569920     
   14.5200005       3.9527255199977565     
   14.5299997       3.9410395696156484     
   14.5400000       3.9293884265177756     
   14.5500002       3.9177719858339910     
   14.5600004       3.9061901430158876     
   14.5699997       3.8946427938357751     
   14.5799999       3.8831298343856551     
   14.5900002       3.8716511610762279     
   14.6000004       3.8602066706358933     
   14.6099997       3.8487962601097170     
   14.6199999       3.8374198268584534     
   14.6300001       3.8260772685575488     
   14.6400003       3.8147684831961497     
   14.6499996       3.8034933690760959     
   14.6599998       3.7922518248109580     
   14.6700001       3.7810437493250237     
   14.6800003       3.7698690418523659     
   14.6899996       3.7587276019358136     
   14.6999998       3.7476193294260098     
   14.7100000       3.7365441244804267     
   14.7200003       3.7255018875624191     
   14.7299995       3.7144925194402374     
   14.7399998       3.7035159211860704     
   14.7500000       3.6925719941751076     
   14.7600002       3.6816606400845524     
   14.7700005       3.6707817608927091     
   14.7799997       3.6599352588779999     
   14.7900000       3.6491210366180393     
   14.8000002       3.6383389969886926     
   14.8100004       3.6275890431631281     
   14.8199997       3.6168710786108855     
   14.8299999       3.6061850070969506     
   14.8400002       3.5955307326808050     
   14.8500004       3.5849081597155230     
   14.8599997       3.5743171928468414     
   14.8699999       3.5637577370122346     
   14.8800001       3.5532296974399924     
   14.8900003       3.5427329796483193     
   14.8999996       3.5322674894444193     
   14.9099998       3.5218331329235713     
   14.9200001       3.5114298164682549     
   14.9300003       3.5010574467472151     
   14.9399996       3.4907159307145856     
   14.9499998       3.4804051756089871     
   14.9600000       3.4701250889526301     
   14.9700003       3.4598755785504149     
   14.9799995       3.4496565524890710     
   14.9899998       3.4394679191362494     
   15.0000000       3.4293095871396475     
